direction,regime,strategy,confidence,sl_pips,tp_pips,lot_size,outcome,pnl_pips,pnl_usd,won,entry_time,balance_before,balance_after
sell,low_vol,ema_flipped,1.0,17.3,25.950000000000003,0.77,sl,-17.3,-99.91,False,2021-07-06 14:45:00,10000.0,9900.09
buy,low_vol,ema_flipped,1.0,12.7,19.049999999999997,1.04,tp,19.05,148.59,True,2021-07-07 12:45:00,9900.09,10048.68
sell,low_vol,ema_flipped,1.0,22.3,33.45,0.6,tp,33.45,150.52,True,2021-07-07 15:30:00,10048.68,10199.2
buy,low_vol,ema_flipped,1.0,14.6,21.9,0.93,tp,21.9,152.75,True,2021-07-09 10:00:00,10199.2,10351.95
sell,low_vol,ema_flipped,1.0,16.9,25.349999999999998,0.82,tp,25.35,155.9,True,2021-07-09 11:15:00,10351.95,10507.85
buy,low_vol,ema_flipped,1.0,15.6,23.4,0.9,sl,-15.6,-105.3,False,2021-07-09 13:00:00,10507.85,10402.550000000001
sell,low_vol,ema_flipped,1.0,12.9,19.35,1.08,tp,19.35,156.74,True,2021-07-12 10:00:00,10402.550000000001,10559.29
buy,low_vol,ema_flipped,1.0,20.0,30.0,0.7,sl,-20.0,-105.0,False,2021-07-12 15:45:00,10559.29,10454.29
sell,low_vol,ema_flipped,1.0,22.0,33.0,0.63,tp,33.0,155.93,True,2021-07-13 14:45:00,10454.29,10610.220000000001
buy,low_vol,ema_flipped,1.0,20.7,31.049999999999997,0.68,sl,-20.7,-105.57,False,2021-07-13 17:30:00,10610.220000000001,10504.650000000001
sell,low_vol,ema_flipped,1.0,30.3,45.45,0.46,sl,-30.3,-104.54,False,2021-07-14 16:00:00,10504.650000000001,10400.11
buy,high_vol,rsi,1.0,24.5,36.75,0.57,sl,-24.5,-104.74,False,2021-07-21 15:30:00,10400.11,10295.37
buy,high_vol,rsi,1.0,25.7,38.55,0.53,sl,-25.7,-102.16,False,2021-07-21 15:45:00,10295.37,10193.210000000001
buy,high_vol,rsi,1.0,28.7,43.05,0.47,sl,-28.7,-101.17,False,2021-07-21 16:00:00,10193.210000000001,10092.04
buy,high_vol,rsi,1.0,30.0,45.0,0.45,sl,-30.0,-101.25,False,2021-07-21 16:15:00,10092.04,9990.79
buy,high_vol,rsi,1.0,30.3,45.45,0.44,tp,45.45,149.99,True,2021-07-21 16:30:00,9990.79,10140.78
buy,high_vol,rsi,1.0,31.0,46.5,0.44,tp,46.5,153.45,True,2021-07-21 16:45:00,10140.78,10294.230000000001
buy,high_vol,rsi,1.0,30.8,46.2,0.45,tp,46.2,155.93,True,2021-07-21 17:00:00,10294.230000000001,10450.160000000002
buy,high_vol,rsi,1.0,32.2,48.300000000000004,0.43,timeout,8.0,25.8,True,2021-07-21 17:15:00,10450.160000000002,10475.960000000001
sell,high_vol,rsi,1.0,13.8,20.700000000000003,1.01,tp,20.7,156.8,True,2021-07-21 20:15:00,10475.960000000001,10632.76
buy,high_vol,rsi,1.0,22.6,33.900000000000006,0.63,tp,33.9,160.18,True,2021-07-22 18:00:00,10632.76,10792.94
buy,high_vol,rsi,1.0,20.2,30.299999999999997,0.71,sl,-20.2,-107.56,False,2021-07-22 18:15:00,10792.94,10685.380000000001
buy,high_vol,rsi,1.0,17.2,25.799999999999997,0.83,sl,-17.2,-107.07,False,2021-07-22 18:30:00,10685.380000000001,10578.310000000001
buy,high_vol,rsi,1.0,16.2,24.299999999999997,0.87,tp,24.3,158.56,True,2021-07-22 18:45:00,10578.310000000001,10736.87
buy,high_vol,rsi,1.0,15.0,22.5,0.95,sl,-15.0,-106.88,False,2021-07-22 19:00:00,10736.87,10629.990000000002
sell,low_vol,ema_flipped,1.0,8.2,12.299999999999999,1.73,sl,-8.2,-106.4,False,2021-07-26 02:45:00,10629.990000000002,10523.590000000002
buy,low_vol,ema_flipped,1.0,8.7,13.049999999999999,1.61,tp,13.05,157.58,True,2021-07-26 22:45:00,10523.590000000002,10681.170000000002
sell,low_vol,ema_flipped,1.0,5.5,8.25,2.59,tp,8.25,160.26,True,2021-07-27 06:45:00,10681.170000000002,10841.430000000002
sell,high_vol,rsi,0.8001,16.1,24.150000000000002,0.64,tp,24.15,115.92,True,2021-07-27 18:45:00,10841.430000000002,10957.350000000002
buy,low_vol,ema_flipped,0.9862,16.7,25.049999999999997,0.86,sl,-16.7,-107.72,False,2021-07-28 10:30:00,10957.350000000002,10849.630000000003
sell,low_vol,ema_flipped,1.0,12.8,19.200000000000003,1.13,sl,-12.8,-108.48,False,2021-08-01 22:15:00,10849.630000000003,10741.150000000003
sell,high_vol,rsi,0.9875,17.2,25.799999999999997,0.82,tp,25.8,158.67,True,2021-08-03 14:45:00,10741.150000000003,10899.820000000003
sell,high_vol,rsi,0.9929,17.8,26.700000000000003,0.81,tp,26.7,162.2,True,2021-08-03 15:00:00,10899.820000000003,11062.020000000004
sell,high_vol,rsi,1.0,16.9,25.349999999999998,0.87,tp,25.35,165.41,True,2021-08-04 14:00:00,11062.020000000004,11227.430000000004
sell,high_vol,rsi,1.0,17.7,26.549999999999997,0.85,tp,26.55,169.26,True,2021-08-04 14:30:00,11227.430000000004,11396.690000000004
buy,high_vol,rsi,0.6675,8.9,13.350000000000001,0.9,sl,-8.9,-60.08,False,2021-08-06 20:00:00,11396.690000000004,11336.610000000004
buy,high_vol,rsi,1.0,16.7,25.049999999999997,0.91,timeout,5.1,34.81,True,2021-08-10 15:15:00,11336.610000000004,11371.420000000004
sell,low_vol,ema_flipped,0.9999,6.4,9.600000000000001,2.37,sl,-6.4,-113.76,False,2021-08-12 07:45:00,11371.420000000004,11257.660000000003
sell,high_vol,rsi,0.9997,12.6,18.9,1.19,tp,18.9,168.68,True,2021-08-17 08:45:00,11257.660000000003,11426.340000000004
sell,high_vol,rsi,1.0,13.4,20.1,1.14,tp,20.1,171.86,True,2021-08-17 09:00:00,11426.340000000004,11598.200000000004
sell,high_vol,rsi,1.0,14.0,21.0,1.1,tp,21.0,173.25,True,2021-08-17 09:15:00,11598.200000000004,11771.450000000004
sell,high_vol,rsi,1.0,16.7,25.049999999999997,0.94,sl,-16.7,-117.74,False,2021-08-18 22:00:00,11771.450000000004,11653.710000000005
sell,high_vol,rsi,1.0,16.5,24.75,0.94,sl,-16.5,-116.32,False,2021-08-18 22:15:00,11653.710000000005,11537.390000000005
sell,high_vol,rsi,0.8938,8.8,13.200000000000001,1.48,sl,-8.8,-97.68,False,2021-08-19 07:00:00,11537.390000000005,11439.710000000005
sell,high_vol,rsi,0.8981,9.6,14.399999999999999,1.36,sl,-9.6,-97.92,False,2021-08-19 07:15:00,11439.710000000005,11341.790000000005
sell,high_vol,rsi,0.8986,10.2,15.299999999999999,1.27,sl,-10.2,-97.16,False,2021-08-19 07:45:00,11341.790000000005,11244.630000000005
sell,high_vol,rsi,1.0,12.2,18.299999999999997,1.23,sl,-12.2,-112.54,False,2021-08-19 08:00:00,11244.630000000005,11132.090000000004
sell,high_vol,rsi,1.0,12.9,19.35,1.15,sl,-12.9,-111.26,False,2021-08-19 08:15:00,11132.090000000004,11020.830000000004
sell,high_vol,rsi,1.0,14.4,21.6,1.02,sl,-14.4,-110.16,False,2021-08-19 08:30:00,11020.830000000004,10910.670000000004
sell,high_vol,rsi,1.0,16.6,24.900000000000002,0.88,sl,-16.6,-109.56,False,2021-08-19 08:45:00,10910.670000000004,10801.110000000004
sell,high_vol,rsi,1.0,17.6,26.400000000000002,0.82,sl,-17.6,-108.24,False,2021-08-19 09:00:00,10801.110000000004,10692.870000000004
sell,high_vol,rsi,1.0,18.7,28.049999999999997,0.76,sl,-18.7,-106.59,False,2021-08-19 09:15:00,10692.870000000004,10586.280000000004
sell,high_vol,rsi,1.0,19.7,29.549999999999997,0.72,sl,-19.7,-106.38,False,2021-08-19 09:30:00,10586.280000000004,10479.900000000005
sell,high_vol,rsi,1.0,20.1,30.150000000000002,0.7,sl,-20.1,-105.53,False,2021-08-19 09:45:00,10479.900000000005,10374.370000000004
sell,high_vol,rsi,1.0,21.8,32.7,0.63,sl,-21.8,-103.01,False,2021-08-19 10:00:00,10374.370000000004,10271.360000000004
sell,high_vol,rsi,1.0,22.5,33.75,0.61,sl,-22.5,-102.94,False,2021-08-19 10:15:00,10271.360000000004,10168.420000000004
sell,high_vol,rsi,1.0,11.0,16.5,1.23,sl,-11.0,-101.48,False,2021-08-20 02:45:00,10168.420000000004,10066.940000000004
sell,high_vol,rsi,1.0,12.4,18.6,1.08,sl,-12.4,-100.44,False,2021-08-20 05:15:00,10066.940000000004,9966.500000000004
sell,high_vol,rsi,1.0,12.7,19.049999999999997,1.05,sl,-12.7,-100.01,False,2021-08-20 05:30:00,9966.500000000004,9866.490000000003
sell,high_vol,rsi,1.0,12.3,18.450000000000003,1.07,sl,-12.3,-98.71,False,2021-08-20 05:45:00,9866.490000000003,9767.780000000004
sell,high_vol,rsi,1.0,11.8,17.700000000000003,1.1,sl,-11.8,-97.35,False,2021-08-20 06:00:00,9767.780000000004,9670.430000000004
buy,high_vol,rsi,1.0,24.6,36.900000000000006,0.52,sl,-24.6,-95.94,False,2021-08-20 15:00:00,9670.430000000004,9574.490000000003
buy,high_vol,rsi,1.0,26.5,39.75,0.48,sl,-26.5,-95.4,False,2021-08-20 15:15:00,9574.490000000003,9479.090000000004
buy,high_vol,rsi,1.0,9.4,14.100000000000001,1.34,sl,-9.4,-94.47,False,2021-08-23 02:30:00,9479.090000000004,9384.620000000004
buy,high_vol,rsi,1.0,10.1,15.149999999999999,1.24,sl,-10.1,-93.93,False,2021-08-23 02:45:00,9384.620000000004,9290.690000000004
buy,high_vol,rsi,0.998,10.3,15.450000000000001,1.2,sl,-10.3,-92.7,False,2021-08-23 03:00:00,9290.690000000004,9197.990000000003
buy,high_vol,rsi,0.9984,11.2,16.799999999999997,1.09,sl,-11.2,-91.56,False,2021-08-23 03:15:00,9197.990000000003,9106.430000000004
buy,high_vol,rsi,0.936,11.3,16.950000000000003,0.98,sl,-11.3,-83.06,False,2021-08-23 04:00:00,9106.430000000004,9023.370000000004
buy,high_vol,rsi,0.9104,11.8,17.700000000000003,0.89,sl,-11.8,-78.76,False,2021-08-23 04:15:00,9023.370000000004,8944.610000000004
buy,high_vol,rsi,0.9998,9.8,14.700000000000001,1.22,tp,14.7,134.51,True,2021-08-23 07:15:00,8944.610000000004,9079.120000000004
buy,high_vol,rsi,1.0,15.2,22.799999999999997,0.8,tp,22.8,136.8,True,2021-08-23 12:30:00,9079.120000000004,9215.920000000004
buy,high_vol,rsi,1.0,14.1,21.15,0.87,tp,21.15,138.0,True,2021-08-23 12:45:00,9215.920000000004,9353.920000000004
buy,high_vol,rsi,1.0,22.5,33.75,0.55,sl,-22.5,-92.81,False,2021-08-23 17:45:00,9353.920000000004,9261.110000000004
buy,high_vol,rsi,1.0,22.2,33.3,0.56,sl,-22.2,-93.24,False,2021-08-23 18:00:00,9261.110000000004,9167.870000000004
buy,high_vol,rsi,1.0,20.8,31.200000000000003,0.59,sl,-20.8,-92.04,False,2021-08-23 18:15:00,9167.870000000004,9075.830000000004
buy,high_vol,rsi,1.0,19.4,29.099999999999998,0.62,sl,-19.4,-90.21,False,2021-08-23 18:30:00,9075.830000000004,8985.620000000004
buy,high_vol,rsi,1.0,18.1,27.150000000000002,0.66,sl,-18.1,-89.6,False,2021-08-23 18:45:00,8985.620000000004,8896.020000000004
buy,high_vol,rsi,1.0,17.6,26.400000000000002,0.67,sl,-17.6,-88.44,False,2021-08-23 19:00:00,8896.020000000004,8807.580000000004
buy,high_vol,rsi,1.0,14.2,21.299999999999997,0.83,sl,-14.2,-88.39,False,2021-08-23 19:15:00,8807.580000000004,8719.190000000004
buy,high_vol,rsi,1.0,13.8,20.700000000000003,0.84,sl,-13.8,-86.94,False,2021-08-23 19:30:00,8719.190000000004,8632.250000000004
buy,high_vol,rsi,1.0,11.2,16.799999999999997,1.03,timeout,4.1,31.67,True,2021-08-24 08:15:00,8632.250000000004,8663.920000000004
buy,high_vol,rsi,1.0,13.4,20.1,0.86,timeout,1.6,10.32,True,2021-08-24 09:00:00,8663.920000000004,8674.240000000003
buy,high_vol,rsi,1.0,14.2,21.299999999999997,0.81,timeout,2.6,15.79,True,2021-08-24 09:15:00,8674.240000000003,8690.030000000004
buy,low_vol,ema_flipped,1.0,7.8,11.7,1.49,tp,11.7,130.75,True,2021-08-25 23:15:00,8690.030000000004,8820.780000000004
sell,low_vol,ema_flipped,1.0,5.8,8.7,2.03,sl,-5.8,-88.31,False,2021-08-26 02:45:00,8820.780000000004,8732.470000000005
sell,high_vol,rsi,1.0,17.8,26.700000000000003,0.65,sl,-17.8,-86.77,False,2021-08-26 16:15:00,8732.470000000005,8645.700000000004
sell,high_vol,rsi,1.0,18.1,27.150000000000002,0.64,sl,-18.1,-86.88,False,2021-08-26 16:30:00,8645.700000000004,8558.820000000005
sell,high_vol,rsi,1.0,18.2,27.299999999999997,0.63,sl,-18.2,-85.99,False,2021-08-26 16:45:00,8558.820000000005,8472.830000000005
sell,high_vol,rsi,1.0,17.5,26.25,0.65,sl,-17.5,-85.31,False,2021-08-26 17:00:00,8472.830000000005,8387.520000000006
sell,high_vol,rsi,1.0,17.8,26.700000000000003,0.63,sl,-17.8,-84.1,False,2021-08-26 17:15:00,8387.520000000006,8303.420000000006
sell,high_vol,rsi,1.0,17.1,25.650000000000002,0.65,sl,-17.1,-83.36,False,2021-08-26 17:30:00,8303.420000000006,8220.060000000005
sell,high_vol,rsi,1.0,17.2,25.799999999999997,0.64,sl,-17.2,-82.56,False,2021-08-26 17:45:00,8220.060000000005,8137.500000000005
sell,high_vol,rsi,1.0,16.6,24.900000000000002,0.65,sl,-16.6,-80.92,False,2021-08-26 18:00:00,8137.500000000005,8056.5800000000045
sell,high_vol,rsi,1.0,16.7,25.049999999999997,0.64,sl,-16.7,-80.16,False,2021-08-26 18:15:00,8056.5800000000045,7976.420000000005
sell,high_vol,rsi,1.0,16.0,24.0,0.66,sl,-16.0,-79.2,False,2021-08-26 18:30:00,7976.420000000005,7897.220000000005
buy,low_vol,ema_flipped,0.9999,9.6,14.399999999999999,1.1,sl,-9.6,-79.2,False,2021-08-30 09:45:00,7897.220000000005,7818.020000000005
buy,high_vol,rsi,0.7202,9.7,14.549999999999999,0.65,sl,-9.7,-47.29,False,2021-08-30 13:45:00,7818.020000000005,7770.730000000005
buy,high_vol,rsi,0.9877,10.5,15.75,0.97,sl,-10.5,-76.39,False,2021-08-30 14:00:00,7770.730000000005,7694.340000000005
sell,low_vol,ema_flipped,0.9999,7.7,11.55,1.33,sl,-7.7,-76.81,False,2021-08-31 02:45:00,7694.340000000005,7617.530000000004
buy,low_vol,ema_flipped,0.9921,12.0,18.0,0.84,tp,18.0,113.4,True,2021-08-31 11:00:00,7617.530000000004,7730.930000000004
sell,high_vol,rsi,1.0,17.1,25.650000000000002,0.6,tp,25.65,115.42,True,2021-08-31 14:45:00,7730.930000000004,7846.350000000004
buy,low_vol,ema_flipped,1.0,7.3,10.95,1.43,sl,-7.3,-78.29,False,2021-09-01 06:45:00,7846.350000000004,7768.060000000004
buy,high_vol,rsi,0.8831,11.3,16.950000000000003,0.76,tp,16.95,96.62,True,2021-09-01 09:00:00,7768.060000000004,7864.680000000004
sell,high_vol,rsi,1.0,20.3,30.450000000000003,0.52,timeout,-1.3,-5.07,False,2021-09-01 15:45:00,7864.680000000004,7859.610000000004
sell,high_vol,rsi,1.0,20.2,30.299999999999997,0.52,timeout,1.3,5.07,True,2021-09-01 16:00:00,7859.610000000004,7864.680000000004
sell,high_vol,rsi,1.0,20.2,30.299999999999997,0.52,tp,30.3,118.17,True,2021-09-01 16:45:00,7864.680000000004,7982.850000000004
sell,high_vol,rsi,1.0,20.1,30.150000000000002,0.53,tp,30.15,119.85,True,2021-09-01 17:00:00,7982.850000000004,8102.700000000004
buy,low_vol,ema_flipped,0.9543,12.0,18.0,0.84,tp,18.0,113.4,True,2021-09-02 10:30:00,8102.700000000004,8216.100000000004
sell,low_vol,ema_flipped,0.9641,12.2,18.299999999999997,0.85,sl,-12.2,-77.77,False,2021-09-02 10:45:00,8216.100000000004,8138.330000000004
buy,high_vol,rsi,1.0,16.1,24.150000000000002,0.67,tp,24.15,121.35,True,2021-09-02 18:00:00,8138.330000000004,8259.680000000004
buy,high_vol,rsi,1.0,14.9,22.35,0.74,tp,22.35,124.04,True,2021-09-02 18:15:00,8259.680000000004,8383.720000000005
sell,low_vol,ema_flipped,1.0,6.4,9.600000000000001,1.75,sl,-6.4,-84.0,False,2021-09-07 05:00:00,8383.720000000005,8299.720000000005
sell,high_vol,rsi,0.9777,13.0,19.5,0.82,sl,-13.0,-79.95,False,2021-09-07 10:30:00,8299.720000000005,8219.770000000004
sell,high_vol,rsi,0.9954,13.0,19.5,0.84,sl,-13.0,-81.9,False,2021-09-07 10:45:00,8219.770000000004,8137.870000000004
sell,high_vol,rsi,0.9976,12.8,19.200000000000003,0.84,sl,-12.8,-80.64,False,2021-09-07 11:00:00,8137.870000000004,8057.230000000004
sell,high_vol,rsi,0.9995,13.4,20.1,0.8,sl,-13.4,-80.4,False,2021-09-07 11:15:00,8057.230000000004,7976.8300000000045
sell,high_vol,rsi,1.0,14.1,21.15,0.75,sl,-14.1,-79.31,False,2021-09-07 11:30:00,7976.8300000000045,7897.520000000004
sell,high_vol,rsi,1.0,14.4,21.6,0.73,tp,21.6,118.26,True,2021-09-07 11:45:00,7897.520000000004,8015.780000000004
sell,high_vol,rsi,1.0,10.6,15.899999999999999,1.01,sl,-10.6,-80.3,False,2021-09-08 08:00:00,8015.780000000004,7935.480000000004
sell,high_vol,rsi,0.9998,11.3,16.950000000000003,0.94,sl,-11.3,-79.67,False,2021-09-08 08:15:00,7935.480000000004,7855.810000000004
sell,high_vol,rsi,0.9999,13.2,19.799999999999997,0.79,sl,-13.2,-78.21,False,2021-09-08 08:45:00,7855.810000000004,7777.600000000004
sell,high_vol,rsi,1.0,14.3,21.450000000000003,0.73,tp,21.45,117.44,True,2021-09-08 09:00:00,7777.600000000004,7895.040000000004
buy,high_vol,rsi,1.0,12.0,18.0,0.88,sl,-12.0,-79.2,False,2021-09-08 12:30:00,7895.040000000004,7815.840000000004
buy,high_vol,rsi,1.0,11.3,16.950000000000003,0.92,sl,-11.3,-77.97,False,2021-09-08 12:45:00,7815.840000000004,7737.8700000000035
sell,high_vol,rsi,1.0,26.0,39.0,0.4,tp,39.0,117.0,True,2021-09-08 15:30:00,7737.8700000000035,7854.8700000000035
buy,high_vol,rsi,1.0,19.7,29.549999999999997,0.53,tp,29.55,117.46,True,2021-09-08 19:00:00,7854.8700000000035,7972.330000000004
sell,high_vol,rsi,0.9981,10.2,15.299999999999999,1.04,sl,-10.2,-79.56,False,2021-09-09 08:00:00,7972.330000000004,7892.770000000003
sell,high_vol,rsi,1.0,12.3,18.450000000000003,0.86,tp,18.45,119.0,True,2021-09-09 08:30:00,7892.770000000003,8011.770000000003
buy,high_vol,rsi,1.0,25.4,38.099999999999994,0.42,timeout,28.5,89.78,True,2021-09-09 16:00:00,8011.770000000003,8101.550000000003
buy,high_vol,rsi,1.0,14.0,21.0,0.77,tp,21.0,121.27,True,2021-09-10 13:45:00,8101.550000000003,8222.820000000003
buy,high_vol,rsi,1.0,13.6,20.4,0.81,tp,20.4,123.93,True,2021-09-10 14:00:00,8222.820000000003,8346.750000000004
buy,high_vol,rsi,1.0,14.1,21.15,0.79,tp,21.15,125.31,True,2021-09-10 14:15:00,8346.750000000004,8472.060000000003
sell,high_vol,rsi,0.9972,11.9,17.85,0.95,sl,-11.9,-84.79,False,2021-09-10 20:45:00,8472.060000000003,8387.270000000002
sell,high_vol,rsi,0.9876,11.2,16.799999999999997,0.98,sl,-11.2,-82.32,False,2021-09-10 21:00:00,8387.270000000002,8304.950000000003
sell,high_vol,rsi,0.9795,10.8,16.200000000000003,1.0,sl,-10.8,-81.0,False,2021-09-10 21:15:00,8304.950000000003,8223.950000000003
sell,high_vol,rsi,0.9691,11.0,16.5,0.95,tp,16.5,117.56,True,2021-09-10 21:30:00,8223.950000000003,8341.510000000002
buy,low_vol,ema_flipped,0.9999,9.4,14.100000000000001,1.18,sl,-9.4,-83.19,False,2021-09-13 07:00:00,8341.510000000002,8258.320000000002
buy,low_vol,ema_flipped,0.9984,10.9,16.35,1.01,sl,-10.9,-82.57,False,2021-09-13 21:00:00,8258.320000000002,8175.750000000002
sell,low_vol,ema_flipped,1.0,7.9,11.850000000000001,1.38,sl,-7.9,-81.77,False,2021-09-14 06:15:00,8175.750000000002,8093.980000000001
buy,high_vol,rsi,0.9997,14.0,21.0,0.77,sl,-14.0,-80.85,False,2021-09-16 09:45:00,8093.980000000001,8013.130000000001
buy,high_vol,rsi,1.0,14.2,21.299999999999997,0.75,sl,-14.2,-79.87,False,2021-09-16 10:00:00,8013.130000000001,7933.260000000001
buy,high_vol,rsi,1.0,14.9,22.35,0.71,sl,-14.9,-79.34,False,2021-09-16 10:15:00,7933.260000000001,7853.920000000001
buy,high_vol,rsi,1.0,14.9,22.35,0.7,sl,-14.9,-78.22,False,2021-09-16 10:30:00,7853.920000000001,7775.700000000001
buy,high_vol,rsi,0.9999,14.7,22.049999999999997,0.71,sl,-14.7,-78.28,False,2021-09-16 11:00:00,7775.700000000001,7697.420000000001
sell,high_vol,rsi,1.0,20.6,30.900000000000002,0.5,tp,30.9,115.88,True,2021-09-16 17:15:00,7697.420000000001,7813.300000000001
sell,high_vol,rsi,1.0,19.4,29.099999999999998,0.54,tp,29.1,117.85,True,2021-09-16 17:30:00,7813.300000000001,7931.1500000000015
sell,low_vol,ema_flipped,0.8916,11.7,17.549999999999997,0.76,tp,17.55,100.03,True,2021-09-16 21:15:00,7931.1500000000015,8031.180000000001
buy,low_vol,ema_flipped,1.0,7.9,11.850000000000001,1.36,sl,-7.9,-80.58,False,2021-09-17 06:00:00,8031.180000000001,7950.600000000001
sell,high_vol,rsi,1.0,18.5,27.75,0.57,sl,-18.5,-79.09,False,2021-09-20 12:00:00,7950.600000000001,7871.510000000001
sell,high_vol,rsi,1.0,17.8,26.700000000000003,0.59,sl,-17.8,-78.76,False,2021-09-20 12:15:00,7871.510000000001,7792.750000000001
sell,high_vol,rsi,1.0,20.1,30.150000000000002,0.52,sl,-20.1,-78.39,False,2021-09-20 12:30:00,7792.750000000001,7714.360000000001
sell,high_vol,rsi,1.0,20.1,30.150000000000002,0.51,sl,-20.1,-76.88,False,2021-09-20 12:45:00,7714.360000000001,7637.4800000000005
sell,high_vol,rsi,1.0,20.6,30.900000000000002,0.49,sl,-20.6,-75.7,False,2021-09-20 13:00:00,7637.4800000000005,7561.780000000001
sell,high_vol,rsi,1.0,20.3,30.450000000000003,0.5,sl,-20.3,-76.12,False,2021-09-20 13:15:00,7561.780000000001,7485.660000000001
buy,low_vol,ema_flipped,1.0,10.6,15.899999999999999,0.94,sl,-10.6,-74.73,False,2021-09-21 04:30:00,7485.660000000001,7410.930000000001
buy,high_vol,rsi,0.7564,12.9,19.35,0.5,tp,19.35,72.56,True,2021-09-21 07:30:00,7410.930000000001,7483.490000000002
sell,high_vol,rsi,0.9999,14.8,22.200000000000003,0.67,tp,22.2,111.56,True,2021-09-21 21:00:00,7483.490000000002,7595.050000000002
sell,high_vol,rsi,0.9993,14.2,21.299999999999997,0.71,tp,21.3,113.42,True,2021-09-21 21:15:00,7595.050000000002,7708.470000000002
buy,high_vol,rsi,1.0,20.8,31.200000000000003,0.49,sl,-20.8,-76.44,False,2021-09-22 17:45:00,7708.470000000002,7632.0300000000025
buy,high_vol,rsi,1.0,20.1,30.150000000000002,0.51,sl,-20.1,-76.88,False,2021-09-22 18:00:00,7632.0300000000025,7555.150000000002
buy,high_vol,rsi,1.0,19.2,28.799999999999997,0.52,sl,-19.2,-74.88,False,2021-09-22 18:15:00,7555.150000000002,7480.270000000002
buy,high_vol,rsi,1.0,18.5,27.75,0.54,sl,-18.5,-74.92,False,2021-09-22 18:30:00,7480.270000000002,7405.350000000002
buy,high_vol,rsi,0.8552,10.7,16.049999999999997,0.73,sl,-10.7,-58.58,False,2021-09-23 08:00:00,7405.350000000002,7346.770000000002
buy,high_vol,rsi,0.8599,11.2,16.799999999999997,0.7,sl,-11.2,-58.8,False,2021-09-23 08:15:00,7346.770000000002,7287.970000000002
buy,high_vol,rsi,1.0,14.3,21.450000000000003,0.68,sl,-14.3,-72.93,False,2021-09-23 08:30:00,7287.970000000002,7215.040000000002
buy,high_vol,rsi,1.0,15.0,22.5,0.64,sl,-15.0,-72.0,False,2021-09-23 08:45:00,7215.040000000002,7143.040000000002
buy,high_vol,rsi,1.0,15.4,23.1,0.62,sl,-15.4,-71.61,False,2021-09-23 09:00:00,7143.040000000002,7071.430000000002
buy,high_vol,rsi,1.0,16.8,25.200000000000003,0.56,tp,25.2,105.84,True,2021-09-23 09:15:00,7071.430000000002,7177.270000000002
buy,high_vol,rsi,1.0,18.0,27.0,0.53,sl,-18.0,-71.55,False,2021-09-23 09:30:00,7177.270000000002,7105.720000000002
buy,high_vol,rsi,1.0,18.9,28.349999999999998,0.5,sl,-18.9,-70.87,False,2021-09-23 09:45:00,7105.720000000002,7034.850000000002
buy,high_vol,rsi,1.0,19.3,28.950000000000003,0.49,sl,-19.3,-70.93,False,2021-09-23 10:00:00,7034.850000000002,6963.920000000002
buy,high_vol,rsi,1.0,19.5,29.25,0.48,sl,-19.5,-70.2,False,2021-09-23 10:15:00,6963.920000000002,6893.720000000002
buy,high_vol,rsi,1.0,19.7,29.549999999999997,0.47,sl,-19.7,-69.44,False,2021-09-23 10:30:00,6893.720000000002,6824.2800000000025
buy,high_vol,rsi,1.0,20.0,30.0,0.45,sl,-20.0,-67.5,False,2021-09-23 10:45:00,6824.2800000000025,6756.7800000000025
buy,high_vol,rsi,1.0,20.5,30.75,0.44,tp,30.75,101.47,True,2021-09-23 11:00:00,6756.7800000000025,6858.250000000003
buy,high_vol,rsi,1.0,21.7,32.55,0.42,tp,32.55,102.53,True,2021-09-23 11:15:00,6858.250000000003,6960.7800000000025
sell,low_vol,ema_flipped,0.9627,12.2,18.299999999999997,0.72,tp,18.3,98.82,True,2021-09-24 08:45:00,6960.7800000000025,7059.600000000002
buy,high_vol,rsi,1.0,18.7,28.049999999999997,0.5,sl,-18.7,-70.13,False,2021-09-24 17:00:00,7059.600000000002,6989.470000000002
buy,high_vol,rsi,1.0,18.5,27.75,0.5,sl,-18.5,-69.37,False,2021-09-24 17:15:00,6989.470000000002,6920.100000000002
buy,high_vol,rsi,1.0,18.1,27.150000000000002,0.51,sl,-18.1,-69.23,False,2021-09-24 17:30:00,6920.100000000002,6850.870000000003
buy,high_vol,rsi,1.0,17.3,25.950000000000003,0.53,sl,-17.3,-68.77,False,2021-09-24 17:45:00,6850.870000000003,6782.100000000002
sell,high_vol,rsi,0.9998,11.3,16.950000000000003,0.8,tp,16.95,101.7,True,2021-10-01 06:00:00,6782.100000000002,6883.800000000002
buy,high_vol,rsi,1.0,15.1,22.65,0.61,tp,22.65,103.62,True,2021-10-01 19:15:00,6883.800000000002,6987.420000000002
buy,high_vol,rsi,1.0,12.5,18.75,0.75,tp,18.75,105.47,True,2021-10-01 19:45:00,6987.420000000002,7092.890000000002
buy,high_vol,rsi,1.0,11.9,17.85,0.79,tp,17.85,105.76,True,2021-10-01 20:00:00,7092.890000000002,7198.650000000002
buy,high_vol,rsi,1.0,23.7,35.55,0.4,sl,-23.7,-71.1,False,2021-10-04 16:45:00,7198.650000000002,7127.550000000002
buy,high_vol,rsi,1.0,22.9,34.349999999999994,0.41,sl,-22.9,-70.42,False,2021-10-04 17:00:00,7127.550000000002,7057.130000000002
buy,high_vol,rsi,0.9119,13.0,19.5,0.63,sl,-13.0,-61.43,False,2021-10-05 09:30:00,7057.130000000002,6995.700000000002
buy,high_vol,rsi,0.9399,13.0,19.5,0.66,sl,-13.0,-64.35,False,2021-10-05 09:45:00,6995.700000000002,6931.350000000001
buy,high_vol,rsi,0.9407,13.1,19.65,0.65,tp,19.65,95.79,True,2021-10-05 10:00:00,6931.350000000001,7027.140000000001
buy,high_vol,rsi,1.0,15.8,23.700000000000003,0.59,tp,23.7,104.87,True,2021-10-05 15:15:00,7027.140000000001,7132.010000000001
buy,high_vol,rsi,1.0,16.1,24.150000000000002,0.59,tp,24.15,106.86,True,2021-10-05 15:30:00,7132.010000000001,7238.870000000001
buy,high_vol,rsi,1.0,15.8,23.700000000000003,0.61,sl,-15.8,-72.28,False,2021-10-06 19:00:00,7238.870000000001,7166.590000000001
buy,high_vol,rsi,1.0,15.7,23.549999999999997,0.61,sl,-15.7,-71.83,False,2021-10-08 14:00:00,7166.590000000001,7094.760000000001
buy,high_vol,rsi,1.0,16.4,24.599999999999998,0.58,sl,-16.4,-71.34,False,2021-10-08 14:15:00,7094.760000000001,7023.420000000001
buy,high_vol,rsi,1.0,19.4,29.099999999999998,0.48,sl,-19.4,-69.84,False,2021-10-08 15:15:00,7023.420000000001,6953.580000000001
buy,high_vol,rsi,1.0,20.2,30.299999999999997,0.46,sl,-20.2,-69.69,False,2021-10-08 15:30:00,6953.580000000001,6883.890000000001
buy,high_vol,rsi,1.0,22.5,33.75,0.41,timeout,12.2,37.51,True,2021-10-08 15:45:00,6883.890000000001,6921.4000000000015
buy,high_vol,rsi,1.0,23.6,35.400000000000006,0.39,timeout,12.6,36.86,True,2021-10-08 16:00:00,6921.4000000000015,6958.260000000001
buy,high_vol,rsi,1.0,24.0,36.0,0.39,timeout,3.0,8.78,True,2021-10-08 16:15:00,6958.260000000001,6967.040000000001
sell,low_vol,ema_flipped,1.0,9.6,14.399999999999999,0.97,tp,14.4,104.76,True,2021-10-12 04:15:00,6967.040000000001,7071.800000000001
buy,low_vol,ema_flipped,0.9079,11.7,17.549999999999997,0.7,sl,-11.7,-61.42,False,2021-10-12 08:30:00,7071.800000000001,7010.380000000001
buy,high_vol,rsi,1.0,19.1,28.650000000000002,0.49,timeout,14.8,54.39,True,2021-10-12 17:15:00,7010.380000000001,7064.770000000001
buy,low_vol,ema_flipped,1.0,7.1,10.649999999999999,1.33,sl,-7.1,-70.82,False,2021-10-14 07:15:00,7064.770000000001,6993.950000000002
sell,low_vol,ema_flipped,1.0,7.0,10.5,1.33,sl,-7.0,-69.82,False,2021-10-18 05:30:00,6993.950000000002,6924.130000000002
buy,low_vol,ema_flipped,1.0,7.6,11.399999999999999,1.21,sl,-7.6,-68.97,False,2021-10-20 06:00:00,6924.130000000002,6855.160000000002
sell,low_vol,ema_flipped,0.9999,9.4,14.100000000000001,0.97,tp,14.1,102.58,True,2021-10-21 07:45:00,6855.160000000002,6957.740000000002
buy,low_vol,ema_flipped,0.9997,10.4,15.600000000000001,0.89,sl,-10.4,-69.42,False,2021-10-21 08:30:00,6957.740000000002,6888.3200000000015
sell,low_vol,ema_flipped,0.9986,12.8,19.200000000000003,0.72,tp,19.2,103.68,True,2021-10-21 10:00:00,6888.3200000000015,6992.000000000002
sell,high_vol,rsi,1.0,15.1,22.65,0.62,tp,22.65,105.32,True,2021-10-21 18:00:00,6992.000000000002,7097.3200000000015
sell,high_vol,rsi,1.0,15.1,22.65,0.63,tp,22.65,107.02,True,2021-10-21 18:15:00,7097.3200000000015,7204.340000000002
sell,high_vol,rsi,0.9999,14.3,21.450000000000003,0.67,tp,21.45,107.79,True,2021-10-21 18:30:00,7204.340000000002,7312.130000000002
sell,high_vol,rsi,0.9993,14.3,21.450000000000003,0.68,tp,21.45,109.4,True,2021-10-21 18:45:00,7312.130000000002,7421.530000000002
buy,low_vol,ema_flipped,0.9999,10.0,15.0,0.99,sl,-10.0,-74.25,False,2021-10-22 04:00:00,7421.530000000002,7347.280000000002
sell,high_vol,rsi,1.0,17.8,26.700000000000003,0.55,timeout,-0.3,-1.24,False,2021-10-22 16:30:00,7347.280000000002,7346.040000000002
sell,high_vol,rsi,1.0,18.0,27.0,0.54,timeout,7.4,29.97,True,2021-10-22 16:45:00,7346.040000000002,7376.010000000002
buy,low_vol,ema_flipped,0.9825,11.3,16.950000000000003,0.85,sl,-11.3,-72.04,False,2021-10-25 11:00:00,7376.010000000002,7303.970000000002
sell,high_vol,rsi,1.0,17.0,25.5,0.57,tp,25.5,109.01,True,2021-10-25 17:15:00,7303.970000000002,7412.980000000002
sell,low_vol,ema_flipped,0.9091,12.0,18.0,0.72,tp,18.0,97.2,True,2021-10-25 19:45:00,7412.980000000002,7510.180000000002
buy,low_vol,ema_flipped,0.9999,7.3,10.95,1.37,sl,-7.3,-75.01,False,2021-10-25 22:45:00,7510.180000000002,7435.170000000002
sell,low_vol,ema_flipped,1.0,7.9,11.850000000000001,1.25,sl,-7.9,-74.06,False,2021-10-26 23:30:00,7435.170000000002,7361.1100000000015
sell,high_vol,rsi,1.0,14.3,21.450000000000003,0.69,tp,21.45,111.0,True,2021-10-27 14:00:00,7361.1100000000015,7472.1100000000015
sell,high_vol,rsi,1.0,14.5,21.75,0.69,tp,21.75,112.56,True,2021-10-27 14:15:00,7472.1100000000015,7584.670000000002
sell,high_vol,rsi,1.0,14.6,21.9,0.69,tp,21.9,113.33,True,2021-10-27 14:30:00,7584.670000000002,7698.000000000002
buy,high_vol,rsi,1.0,35.1,52.650000000000006,0.29,tp,52.65,114.51,True,2021-10-27 17:00:00,7698.000000000002,7812.510000000002
buy,high_vol,rsi,1.0,35.0,52.5,0.3,tp,52.5,118.12,True,2021-10-27 17:15:00,7812.510000000002,7930.630000000002
buy,high_vol,rsi,1.0,34.9,52.349999999999994,0.3,tp,52.35,117.79,True,2021-10-27 17:30:00,7930.630000000002,8048.420000000002
buy,high_vol,rsi,1.0,35.2,52.800000000000004,0.3,tp,52.8,118.8,True,2021-10-27 17:45:00,8048.420000000002,8167.220000000002
buy,high_vol,rsi,1.0,35.7,53.550000000000004,0.31,tp,53.55,124.5,True,2021-10-27 18:00:00,8167.220000000002,8291.720000000001
sell,high_vol,rsi,0.9987,14.0,21.0,0.79,sl,-14.0,-82.95,False,2021-10-27 20:45:00,8291.720000000001,8208.77
sell,high_vol,rsi,0.789,12.7,19.049999999999997,0.6,sl,-12.7,-57.15,False,2021-10-27 21:30:00,8208.77,8151.620000000001
sell,low_vol,ema_flipped,1.0,8.5,12.75,1.28,tp,12.75,122.4,True,2021-10-28 05:45:00,8151.620000000001,8274.02
buy,low_vol,ema_flipped,0.6606,16.3,24.450000000000003,0.35,tp,24.45,64.18,True,2021-10-29 10:45:00,8274.02,8338.2
buy,high_vol,rsi,1.0,26.0,39.0,0.43,tp,39.0,125.78,True,2021-10-29 17:00:00,8338.2,8463.980000000001
buy,high_vol,rsi,1.0,25.0,37.5,0.45,tp,37.5,126.56,True,2021-10-29 17:15:00,8463.980000000001,8590.54
buy,high_vol,rsi,1.0,24.6,36.900000000000006,0.47,tp,36.9,130.07,True,2021-10-29 17:30:00,8590.54,8720.61
buy,high_vol,rsi,1.0,23.3,34.95,0.5,tp,34.95,131.06,True,2021-10-29 17:45:00,8720.61,8851.67
buy,high_vol,rsi,1.0,23.7,35.55,0.5,tp,35.55,133.31,True,2021-10-29 18:00:00,8851.67,8984.98
sell,low_vol,ema_flipped,0.9958,13.0,19.5,0.92,sl,-13.0,-89.7,False,2021-11-01 19:30:00,8984.98,8895.279999999999
buy,low_vol,ema_flipped,1.0,5.5,8.25,2.16,sl,-5.5,-89.1,False,2021-11-04 05:00:00,8895.279999999999,8806.179999999998
buy,low_vol,ema_flipped,1.0,14.9,22.35,0.79,sl,-14.9,-88.28,False,2021-11-05 13:30:00,8806.179999999998,8717.899999999998
sell,high_vol,rsi,1.0,17.1,25.650000000000002,0.68,sl,-17.1,-87.21,False,2021-11-05 17:15:00,8717.899999999998,8630.689999999999
sell,low_vol,ema_flipped,0.9931,13.5,20.25,0.84,tp,20.25,127.57,True,2021-11-05 20:00:00,8630.689999999999,8758.259999999998
sell,high_vol,rsi,0.9993,14.2,21.299999999999997,0.82,tp,21.3,130.99,True,2021-11-08 14:45:00,8758.259999999998,8889.249999999998
sell,high_vol,rsi,0.9997,14.5,21.75,0.82,tp,21.75,133.76,True,2021-11-08 15:00:00,8889.249999999998,9023.009999999998
sell,high_vol,rsi,0.9995,14.7,22.049999999999997,0.82,tp,22.05,135.61,True,2021-11-08 15:15:00,9023.009999999998,9158.619999999999
sell,high_vol,rsi,0.9988,14.8,22.200000000000003,0.82,tp,22.2,136.53,True,2021-11-08 15:30:00,9158.619999999999,9295.15
buy,low_vol,ema_flipped,1.0,11.3,16.950000000000003,1.1,sl,-11.3,-93.23,False,2021-11-09 11:45:00,9295.15,9201.92
sell,low_vol,ema_flipped,0.9997,14.7,22.049999999999997,0.83,sl,-14.7,-91.51,False,2021-11-09 14:30:00,9201.92,9110.41
buy,low_vol,ema_flipped,1.0,6.6,9.899999999999999,1.84,sl,-6.6,-91.08,False,2021-11-09 23:45:00,9110.41,9019.33
buy,high_vol,rsi,1.0,20.0,30.0,0.6,tp,30.0,135.0,True,2021-11-10 15:30:00,9019.33,9154.33
sell,low_vol,ema_flipped,0.9234,14.3,21.450000000000003,0.76,sl,-14.3,-81.51,False,2021-11-11 09:45:00,9154.33,9072.82
sell,high_vol,rsi,1.0,19.1,28.650000000000002,0.63,sl,-19.1,-90.25,False,2021-11-11 11:15:00,9072.82,8982.57
sell,high_vol,rsi,1.0,19.3,28.950000000000003,0.62,sl,-19.3,-89.74,False,2021-11-11 11:30:00,8982.57,8892.83
sell,high_vol,rsi,1.0,19.3,28.950000000000003,0.61,sl,-19.3,-88.3,False,2021-11-11 12:30:00,8892.83,8804.53
sell,high_vol,rsi,1.0,19.0,28.5,0.62,sl,-19.0,-88.35,False,2021-11-11 12:45:00,8804.53,8716.18
sell,high_vol,rsi,1.0,19.1,28.650000000000002,0.61,tp,28.65,131.07,True,2021-11-11 13:00:00,8716.18,8847.25
buy,high_vol,rsi,1.0,22.1,33.150000000000006,0.53,sl,-22.1,-87.85,False,2021-11-15 17:15:00,8847.25,8759.4
buy,high_vol,rsi,1.0,22.7,34.05,0.51,sl,-22.7,-86.83,False,2021-11-15 17:30:00,8759.4,8672.57
buy,high_vol,rsi,1.0,20.6,30.900000000000002,0.56,sl,-20.6,-86.52,False,2021-11-15 18:00:00,8672.57,8586.05
buy,high_vol,rsi,1.0,20.7,31.049999999999997,0.55,sl,-20.7,-85.39,False,2021-11-15 18:15:00,8586.05,8500.66
buy,high_vol,rsi,1.0,18.8,28.200000000000003,0.6,sl,-18.8,-84.6,False,2021-11-15 18:30:00,8500.66,8416.06
buy,high_vol,rsi,1.0,17.5,26.25,0.64,sl,-17.5,-84.0,False,2021-11-15 18:45:00,8416.06,8332.06
buy,high_vol,rsi,0.9979,16.6,24.900000000000002,0.67,sl,-16.6,-83.41,False,2021-11-15 19:15:00,8332.06,8248.65
buy,high_vol,rsi,0.9804,16.1,24.150000000000002,0.66,sl,-16.1,-79.7,False,2021-11-15 19:30:00,8248.65,8168.95
buy,high_vol,rsi,0.9443,15.8,23.700000000000003,0.63,sl,-15.8,-74.65,False,2021-11-15 19:45:00,8168.95,8094.3
buy,high_vol,rsi,0.8251,15.8,23.700000000000003,0.51,sl,-15.8,-60.43,False,2021-11-15 20:00:00,8094.3,8033.87
buy,high_vol,rsi,0.7165,15.6,23.4,0.41,tp,23.4,71.96,True,2021-11-15 20:15:00,8033.87,8105.83
buy,low_vol,ema_flipped,1.0,5.3,7.949999999999999,2.04,sl,-5.3,-81.09,False,2021-11-19 06:30:00,8105.83,8024.74
sell,high_vol,rsi,1.0,21.4,32.099999999999994,0.5,tp,32.1,120.37,True,2021-11-19 16:15:00,8024.74,8145.11
sell,high_vol,rsi,0.9335,11.1,16.65,0.89,sl,-11.1,-74.09,False,2021-11-23 08:00:00,8145.11,8071.0199999999995
sell,high_vol,rsi,0.9913,13.0,19.5,0.82,sl,-13.0,-79.95,False,2021-11-23 08:15:00,8071.0199999999995,7991.07
sell,high_vol,rsi,0.9905,14.3,21.450000000000003,0.73,tp,21.45,117.44,True,2021-11-23 08:30:00,7991.07,8108.509999999999
sell,high_vol,rsi,0.9975,15.1,22.65,0.71,tp,22.65,120.61,True,2021-11-23 08:45:00,8108.509999999999,8229.119999999999
sell,high_vol,rsi,0.9995,15.8,23.700000000000003,0.69,tp,23.7,122.65,True,2021-11-23 09:00:00,8229.119999999999,8351.769999999999
sell,high_vol,rsi,1.0,17.3,25.950000000000003,0.64,tp,25.95,124.56,True,2021-11-23 09:15:00,8351.769999999999,8476.329999999998
sell,high_vol,rsi,0.9999,18.0,27.0,0.63,tp,27.0,127.57,True,2021-11-23 09:30:00,8476.329999999998,8603.899999999998
buy,high_vol,rsi,1.0,14.8,22.200000000000003,0.78,tp,22.2,129.87,True,2021-11-23 12:15:00,8603.899999999998,8733.769999999999
buy,high_vol,rsi,0.9995,14.6,21.9,0.8,tp,21.9,131.4,True,2021-11-23 12:30:00,8733.769999999999,8865.169999999998
buy,high_vol,rsi,1.0,15.6,23.4,0.76,sl,-15.6,-88.92,False,2021-11-23 19:30:00,8865.169999999998,8776.249999999998
buy,high_vol,rsi,1.0,15.5,23.25,0.75,sl,-15.5,-87.19,False,2021-11-23 20:00:00,8776.249999999998,8689.059999999998
buy,high_vol,rsi,0.9998,14.9,22.35,0.78,sl,-14.9,-87.16,False,2021-11-23 20:15:00,8689.059999999998,8601.899999999998
buy,high_vol,rsi,0.988,15.3,22.950000000000003,0.74,sl,-15.3,-84.92,False,2021-11-23 20:30:00,8601.899999999998,8516.979999999998
sell,low_vol,ema_flipped,1.0,10.8,16.200000000000003,1.05,sl,-10.8,-85.05,False,2021-11-25 11:30:00,8516.979999999998,8431.929999999998
buy,low_vol,ema_flipped,0.9998,13.7,20.549999999999997,0.82,tp,20.55,126.38,True,2021-11-25 15:15:00,8431.929999999998,8558.309999999998
sell,high_vol,rsi,0.9531,13.6,20.4,0.78,sl,-13.6,-79.56,False,2021-11-26 01:00:00,8558.309999999998,8478.749999999998
sell,high_vol,rsi,0.8705,14.0,21.0,0.66,sl,-14.0,-69.3,False,2021-11-26 01:15:00,8478.749999999998,8409.449999999999
sell,high_vol,rsi,0.8616,14.0,21.0,0.64,sl,-14.0,-67.2,False,2021-11-26 01:30:00,8409.449999999999,8342.249999999998
sell,high_vol,rsi,0.8791,14.0,21.0,0.66,sl,-14.0,-69.3,False,2021-11-26 01:45:00,8342.249999999998,8272.949999999999
sell,high_vol,rsi,0.8843,13.7,20.549999999999997,0.67,sl,-13.7,-68.84,False,2021-11-26 02:00:00,8272.949999999999,8204.109999999999
sell,high_vol,rsi,0.9271,13.7,20.549999999999997,0.72,sl,-13.7,-73.98,False,2021-11-26 02:15:00,8204.109999999999,8130.129999999999
sell,high_vol,rsi,0.9955,14.4,21.6,0.75,sl,-14.4,-81.0,False,2021-11-26 02:30:00,8130.129999999999,8049.129999999999
sell,high_vol,rsi,0.9999,15.4,23.1,0.7,sl,-15.4,-80.85,False,2021-11-26 02:45:00,8049.129999999999,7968.279999999999
sell,high_vol,rsi,1.0,15.8,23.700000000000003,0.67,sl,-15.8,-79.39,False,2021-11-26 03:00:00,7968.279999999999,7888.8899999999985
sell,high_vol,rsi,0.9981,15.9,23.85,0.66,sl,-15.9,-78.7,False,2021-11-26 03:15:00,7888.8899999999985,7810.189999999999
sell,high_vol,rsi,0.9693,15.6,23.4,0.64,sl,-15.6,-74.88,False,2021-11-26 03:30:00,7810.189999999999,7735.309999999999
sell,high_vol,rsi,0.7698,15.1,22.65,0.46,sl,-15.1,-52.09,False,2021-11-26 03:45:00,7735.309999999999,7683.219999999998
sell,high_vol,rsi,1.0,13.6,20.4,0.75,sl,-13.6,-76.5,False,2021-11-26 07:00:00,7683.219999999998,7606.719999999998
sell,high_vol,rsi,0.9998,14.0,21.0,0.72,sl,-14.0,-75.6,False,2021-11-26 07:15:00,7606.719999999998,7531.119999999998
sell,high_vol,rsi,1.0,18.6,27.900000000000002,0.54,sl,-18.6,-75.33,False,2021-11-26 08:00:00,7531.119999999998,7455.789999999998
sell,high_vol,rsi,1.0,23.6,35.400000000000006,0.42,sl,-23.6,-74.34,False,2021-11-26 08:15:00,7455.789999999998,7381.449999999998
sell,high_vol,rsi,1.0,27.5,41.25,0.36,sl,-27.5,-74.25,False,2021-11-26 08:30:00,7381.449999999998,7307.199999999998
sell,high_vol,rsi,1.0,21.9,32.849999999999994,0.44,sl,-21.9,-72.27,False,2021-11-26 13:30:00,7307.199999999998,7234.929999999998
sell,high_vol,rsi,1.0,22.6,33.900000000000006,0.43,sl,-22.6,-72.88,False,2021-11-26 13:45:00,7234.929999999998,7162.049999999997
sell,high_vol,rsi,1.0,28.4,42.599999999999994,0.34,tp,42.6,108.63,True,2021-11-26 15:45:00,7162.049999999997,7270.679999999998
sell,high_vol,rsi,1.0,29.2,43.8,0.33,tp,43.8,108.41,True,2021-11-26 16:00:00,7270.679999999998,7379.089999999997
sell,high_vol,rsi,1.0,26.3,39.45,0.37,tp,39.45,109.47,True,2021-11-26 21:00:00,7379.089999999997,7488.559999999998
buy,high_vol,rsi,1.0,30.1,45.150000000000006,0.33,timeout,-2.6,-6.44,False,2021-11-28 23:45:00,7488.559999999998,7482.119999999998
sell,high_vol,rsi,1.0,11.3,16.950000000000003,0.88,sl,-11.3,-74.58,False,2021-11-30 05:00:00,7482.119999999998,7407.539999999998
sell,high_vol,rsi,1.0,14.3,21.450000000000003,0.69,sl,-14.3,-74.0,False,2021-11-30 05:15:00,7407.539999999998,7333.539999999998
sell,high_vol,rsi,1.0,15.0,22.5,0.65,sl,-15.0,-73.13,False,2021-11-30 05:30:00,7333.539999999998,7260.409999999998
sell,high_vol,rsi,1.0,14.4,21.6,0.67,sl,-14.4,-72.36,False,2021-11-30 05:45:00,7260.409999999998,7188.049999999998
sell,high_vol,rsi,1.0,15.9,23.85,0.6,sl,-15.9,-71.55,False,2021-11-30 06:00:00,7188.049999999998,7116.499999999998
sell,high_vol,rsi,1.0,17.0,25.5,0.56,sl,-17.0,-71.4,False,2021-11-30 06:15:00,7116.499999999998,7045.0999999999985
sell,high_vol,rsi,1.0,19.1,28.650000000000002,0.49,sl,-19.1,-70.19,False,2021-11-30 06:30:00,7045.0999999999985,6974.909999999999
sell,high_vol,rsi,1.0,19.3,28.950000000000003,0.48,sl,-19.3,-69.48,False,2021-11-30 06:45:00,6974.909999999999,6905.429999999999
sell,high_vol,rsi,1.0,21.1,31.650000000000002,0.44,sl,-21.1,-69.63,False,2021-11-30 07:00:00,6905.429999999999,6835.799999999999
sell,high_vol,rsi,1.0,22.4,33.599999999999994,0.41,sl,-22.4,-68.88,False,2021-11-30 07:15:00,6835.799999999999,6766.919999999999
sell,high_vol,rsi,1.0,24.4,36.599999999999994,0.37,sl,-24.4,-67.71,False,2021-11-30 07:30:00,6766.919999999999,6699.209999999999
sell,high_vol,rsi,1.0,25.1,37.650000000000006,0.36,sl,-25.1,-67.77,False,2021-11-30 07:45:00,6699.209999999999,6631.439999999999
sell,high_vol,rsi,1.0,26.5,39.75,0.33,sl,-26.5,-65.59,False,2021-11-30 08:00:00,6631.439999999999,6565.8499999999985
sell,high_vol,rsi,1.0,27.2,40.8,0.32,sl,-27.2,-65.28,False,2021-11-30 08:15:00,6565.8499999999985,6500.569999999999
sell,high_vol,rsi,1.0,26.5,39.75,0.33,sl,-26.5,-65.59,False,2021-11-30 08:30:00,6500.569999999999,6434.979999999999
sell,high_vol,rsi,1.0,24.2,36.3,0.35,tp,36.3,95.29,True,2021-11-30 08:45:00,6434.979999999999,6530.269999999999
sell,high_vol,rsi,1.0,24.6,36.900000000000006,0.35,tp,36.9,96.86,True,2021-11-30 09:00:00,6530.269999999999,6627.129999999998
sell,high_vol,rsi,1.0,25.5,38.25,0.35,tp,38.25,100.41,True,2021-11-30 09:15:00,6627.129999999998,6727.539999999998
buy,high_vol,rsi,0.9996,17.0,25.5,0.53,timeout,5.9,23.45,True,2021-12-01 02:15:00,6727.539999999998,6750.989999999998
buy,high_vol,rsi,0.9999,17.0,25.5,0.53,timeout,7.8,31.01,True,2021-12-01 02:30:00,6750.989999999998,6781.999999999998
buy,high_vol,rsi,1.0,16.5,24.75,0.55,timeout,9.9,40.84,True,2021-12-01 02:45:00,6781.999999999998,6822.839999999998
sell,high_vol,rsi,1.0,21.0,31.5,0.43,sl,-21.0,-67.72,False,2021-12-01 18:30:00,6822.839999999998,6755.119999999998
sell,high_vol,rsi,1.0,20.5,30.75,0.44,tp,30.75,101.47,True,2021-12-01 18:45:00,6755.119999999998,6856.589999999998
sell,high_vol,rsi,1.0,19.8,29.700000000000003,0.46,tp,29.7,102.46,True,2021-12-01 19:00:00,6856.589999999998,6959.049999999998
buy,high_vol,rsi,0.8909,12.7,19.049999999999997,0.62,tp,19.05,88.58,True,2021-12-02 07:30:00,6959.049999999998,7047.629999999998
sell,high_vol,rsi,1.0,20.3,30.450000000000003,0.46,tp,30.45,105.05,True,2021-12-02 12:30:00,7047.629999999998,7152.6799999999985
buy,high_vol,rsi,1.0,27.4,41.099999999999994,0.35,sl,-27.4,-71.92,False,2021-12-03 13:45:00,7152.6799999999985,7080.759999999998
buy,high_vol,rsi,1.0,29.2,43.8,0.32,tp,43.8,105.12,True,2021-12-03 14:00:00,7080.759999999998,7185.879999999998
buy,high_vol,rsi,1.0,29.4,44.099999999999994,0.33,tp,44.1,109.15,True,2021-12-03 14:15:00,7185.879999999998,7295.029999999998
buy,high_vol,rsi,1.0,30.3,45.45,0.32,tp,45.45,109.08,True,2021-12-03 14:30:00,7295.029999999998,7404.109999999998
sell,high_vol,rsi,1.0,35.9,53.849999999999994,0.27,tp,53.85,109.05,True,2021-12-03 17:30:00,7404.109999999998,7513.159999999998
sell,high_vol,rsi,1.0,35.9,53.849999999999994,0.28,tp,53.85,113.08,True,2021-12-03 17:45:00,7513.159999999998,7626.239999999998
sell,high_vol,rsi,1.0,35.4,53.099999999999994,0.29,tp,53.1,115.49,True,2021-12-03 18:00:00,7626.239999999998,7741.729999999998
sell,high_vol,rsi,1.0,31.9,47.849999999999994,0.32,tp,47.85,114.84,True,2021-12-03 18:30:00,7741.729999999998,7856.569999999998
sell,high_vol,rsi,1.0,30.6,45.900000000000006,0.34,tp,45.9,117.05,True,2021-12-03 18:45:00,7856.569999999998,7973.619999999998
sell,high_vol,rsi,1.0,28.4,42.599999999999994,0.37,tp,42.6,118.21,True,2021-12-03 19:00:00,7973.619999999998,8091.829999999998
sell,high_vol,rsi,1.0,26.4,39.599999999999994,0.41,tp,39.6,121.77,True,2021-12-03 19:15:00,8091.829999999998,8213.599999999999
sell,high_vol,rsi,1.0,22.9,34.349999999999994,0.48,tp,34.35,123.66,True,2021-12-03 19:30:00,8213.599999999999,8337.259999999998
sell,high_vol,rsi,1.0,21.5,32.25,0.52,tp,32.25,125.78,True,2021-12-03 19:45:00,8337.259999999998,8463.039999999999
buy,high_vol,rsi,1.0,19.2,28.799999999999997,0.59,sl,-19.2,-84.96,False,2021-12-06 18:00:00,8463.039999999999,8378.08
buy,high_vol,rsi,1.0,18.9,28.349999999999998,0.59,timeout,4.8,21.24,True,2021-12-07 10:00:00,8378.08,8399.32
buy,high_vol,rsi,1.0,19.9,29.849999999999998,0.56,sl,-19.9,-83.58,False,2021-12-07 10:45:00,8399.32,8315.74
buy,high_vol,rsi,1.0,20.3,30.450000000000003,0.55,sl,-20.3,-83.74,False,2021-12-07 11:00:00,8315.74,8232.0
buy,high_vol,rsi,1.0,19.4,29.099999999999998,0.57,sl,-19.4,-82.94,False,2021-12-07 11:15:00,8232.0,8149.06
buy,high_vol,rsi,1.0,19.1,28.650000000000002,0.57,sl,-19.1,-81.65,False,2021-12-07 11:30:00,8149.06,8067.410000000001
buy,high_vol,rsi,1.0,19.3,28.950000000000003,0.56,sl,-19.3,-81.06,False,2021-12-07 11:45:00,8067.410000000001,7986.35
buy,high_vol,rsi,1.0,18.8,28.200000000000003,0.57,sl,-18.8,-80.37,False,2021-12-07 12:00:00,7986.35,7905.9800000000005
buy,high_vol,rsi,0.9999,17.7,26.549999999999997,0.6,sl,-17.7,-79.65,False,2021-12-07 12:15:00,7905.9800000000005,7826.330000000001
buy,high_vol,rsi,0.9999,16.4,24.599999999999998,0.64,sl,-16.4,-78.72,False,2021-12-07 13:00:00,7826.330000000001,7747.610000000001
buy,high_vol,rsi,1.0,17.0,25.5,0.61,sl,-17.0,-77.78,False,2021-12-07 13:15:00,7747.610000000001,7669.830000000001
buy,high_vol,rsi,0.9999,16.3,24.450000000000003,0.63,sl,-16.3,-77.02,False,2021-12-07 13:30:00,7669.830000000001,7592.81
buy,high_vol,rsi,0.9999,17.1,25.650000000000002,0.59,sl,-17.1,-75.67,False,2021-12-07 13:45:00,7592.81,7517.14
buy,high_vol,rsi,1.0,18.4,27.599999999999998,0.54,sl,-18.4,-74.52,False,2021-12-07 14:45:00,7517.14,7442.62
buy,high_vol,rsi,1.0,20.2,30.299999999999997,0.49,tp,30.3,111.35,True,2021-12-07 15:30:00,7442.62,7553.97
buy,high_vol,rsi,0.9881,13.5,20.25,0.73,sl,-13.5,-73.91,False,2021-12-08 09:30:00,7553.97,7480.06
buy,high_vol,rsi,0.9928,14.3,21.450000000000003,0.69,tp,21.45,111.0,True,2021-12-08 09:45:00,7480.06,7591.06
buy,high_vol,rsi,0.9991,15.4,23.1,0.66,tp,23.1,114.35,True,2021-12-08 10:00:00,7591.06,7705.410000000001
sell,high_vol,rsi,1.0,27.1,40.650000000000006,0.38,timeout,-8.9,-25.37,False,2021-12-08 18:15:00,7705.410000000001,7680.040000000001
buy,low_vol,ema_flipped,0.9692,13.5,20.25,0.73,sl,-13.5,-73.91,False,2021-12-10 11:00:00,7680.040000000001,7606.130000000001
sell,high_vol,rsi,1.0,25.7,38.55,0.39,tp,38.55,112.76,True,2021-12-13 16:15:00,7606.130000000001,7718.890000000001
sell,high_vol,rsi,1.0,18.1,27.150000000000002,0.57,sl,-18.1,-77.38,False,2021-12-14 10:15:00,7718.890000000001,7641.510000000001
sell,high_vol,rsi,1.0,17.8,26.700000000000003,0.57,sl,-17.8,-76.09,False,2021-12-14 10:30:00,7641.510000000001,7565.420000000001
sell,high_vol,rsi,1.0,18.1,27.150000000000002,0.56,sl,-18.1,-76.02,False,2021-12-14 10:45:00,7565.420000000001,7489.400000000001
sell,high_vol,rsi,1.0,18.5,27.75,0.54,sl,-18.5,-74.92,False,2021-12-14 11:00:00,7489.400000000001,7414.4800000000005
sell,high_vol,rsi,1.0,18.8,28.200000000000003,0.53,tp,28.2,112.1,True,2021-12-14 11:15:00,7414.4800000000005,7526.580000000001
sell,high_vol,rsi,1.0,18.7,28.049999999999997,0.54,tp,28.05,113.6,True,2021-12-14 11:30:00,7526.580000000001,7640.180000000001
sell,high_vol,rsi,1.0,18.0,27.0,0.57,sl,-18.0,-76.95,False,2021-12-14 11:45:00,7640.180000000001,7563.230000000001
sell,high_vol,rsi,1.0,22.9,34.349999999999994,0.44,tp,34.35,113.36,True,2021-12-15 16:45:00,7563.230000000001,7676.590000000001
sell,low_vol,ema_flipped,0.9999,13.1,19.65,0.78,tp,19.65,114.95,True,2021-12-16 02:00:00,7676.590000000001,7791.540000000001
buy,low_vol,ema_flipped,1.0,7.7,11.55,1.35,sl,-7.7,-77.96,False,2021-12-16 06:30:00,7791.540000000001,7713.580000000001
buy,high_vol,rsi,0.9978,15.8,23.700000000000003,0.65,tp,23.7,115.54,True,2021-12-16 11:30:00,7713.580000000001,7829.120000000001
buy,high_vol,rsi,0.9974,15.9,23.85,0.65,tp,23.85,116.27,True,2021-12-16 11:45:00,7829.120000000001,7945.390000000001
sell,high_vol,rsi,1.0,25.8,38.7,0.41,tp,38.7,119.0,True,2021-12-16 14:45:00,7945.390000000001,8064.390000000001
sell,high_vol,rsi,1.0,27.9,41.849999999999994,0.39,tp,41.85,122.41,True,2021-12-16 15:00:00,8064.390000000001,8186.800000000001
sell,low_vol,ema_flipped,1.0,9.2,13.799999999999999,1.19,sl,-9.2,-82.11,False,2021-12-17 03:00:00,8186.800000000001,8104.690000000001
sell,high_vol,rsi,1.0,15.4,23.1,0.7,tp,23.1,121.28,True,2021-12-17 19:30:00,8104.690000000001,8225.970000000001
sell,low_vol,ema_flipped,1.0,13.5,20.25,0.81,sl,-13.5,-82.01,False,2021-12-19 23:45:00,8225.970000000001,8143.960000000001
sell,high_vol,rsi,0.9681,13.8,20.700000000000003,0.75,sl,-13.8,-77.62,False,2021-12-20 07:15:00,8143.960000000001,8066.340000000001
sell,high_vol,rsi,1.0,16.4,24.599999999999998,0.66,sl,-16.4,-81.18,False,2021-12-20 13:30:00,8066.340000000001,7985.160000000001
sell,high_vol,rsi,1.0,17.3,25.950000000000003,0.62,sl,-17.3,-80.45,False,2021-12-20 13:45:00,7985.160000000001,7904.710000000001
sell,high_vol,rsi,1.0,18.5,27.75,0.57,sl,-18.5,-79.09,False,2021-12-20 14:15:00,7904.710000000001,7825.620000000001
sell,high_vol,rsi,1.0,19.8,29.700000000000003,0.53,sl,-19.8,-78.71,False,2021-12-20 14:30:00,7825.620000000001,7746.910000000001
sell,high_vol,rsi,1.0,20.0,30.0,0.52,sl,-20.0,-78.0,False,2021-12-20 14:45:00,7746.910000000001,7668.910000000001
sell,high_vol,rsi,1.0,20.1,30.150000000000002,0.51,tp,30.15,115.32,True,2021-12-20 15:00:00,7668.910000000001,7784.2300000000005
sell,high_vol,rsi,1.0,19.6,29.400000000000002,0.53,sl,-19.6,-77.91,False,2021-12-20 15:15:00,7784.2300000000005,7706.320000000001
sell,high_vol,rsi,1.0,19.7,29.549999999999997,0.52,sl,-19.7,-76.83,False,2021-12-20 15:30:00,7706.320000000001,7629.490000000001
sell,high_vol,rsi,1.0,19.9,29.849999999999998,0.51,tp,29.85,114.18,True,2021-12-20 15:45:00,7629.490000000001,7743.670000000001
sell,high_vol,rsi,1.0,20.5,30.75,0.5,tp,30.75,115.31,True,2021-12-20 16:00:00,7743.670000000001,7858.980000000001
buy,high_vol,rsi,1.0,22.0,33.0,0.48,sl,-22.0,-79.2,False,2021-12-22 16:45:00,7858.980000000001,7779.780000000002
buy,high_vol,rsi,1.0,21.8,32.7,0.48,sl,-21.8,-78.48,False,2021-12-22 17:00:00,7779.780000000002,7701.300000000002
buy,high_vol,rsi,1.0,21.2,31.799999999999997,0.48,sl,-21.2,-76.32,False,2021-12-22 17:15:00,7701.300000000002,7624.980000000002
sell,high_vol,rsi,1.0,11.1,16.65,0.92,tp,16.65,114.89,True,2021-12-23 19:45:00,7624.980000000002,7739.870000000003
sell,low_vol,ema_flipped,1.0,9.5,14.25,1.09,tp,14.25,116.49,True,2021-12-24 05:15:00,7739.870000000003,7856.360000000002
buy,low_vol,ema_flipped,0.8524,15.2,22.799999999999997,0.54,sl,-15.2,-61.56,False,2021-12-24 11:00:00,7856.360000000002,7794.800000000002
sell,low_vol,ema_flipped,1.0,6.2,9.3,1.68,sl,-6.2,-78.12,False,2021-12-27 07:15:00,7794.800000000002,7716.680000000002
sell,low_vol,ema_flipped,1.0,10.4,15.600000000000001,0.99,tp,15.6,115.83,True,2021-12-28 11:15:00,7716.680000000002,7832.510000000002
buy,low_vol,ema_flipped,1.0,8.5,12.75,1.23,sl,-8.5,-78.41,False,2021-12-28 13:00:00,7832.510000000002,7754.100000000002
buy,high_vol,rsi,0.9669,12.3,18.450000000000003,0.8,sl,-12.3,-73.8,False,2021-12-28 14:45:00,7754.100000000002,7680.300000000002
buy,high_vol,rsi,0.9835,13.7,20.549999999999997,0.73,tp,20.55,112.51,True,2021-12-28 15:00:00,7680.300000000002,7792.810000000002
buy,high_vol,rsi,0.9877,14.1,21.15,0.72,tp,21.15,114.21,True,2021-12-28 15:15:00,7792.810000000002,7907.020000000002
sell,low_vol,ema_flipped,1.0,8.9,13.350000000000001,1.18,tp,13.35,118.15,True,2021-12-28 21:45:00,7907.020000000002,8025.170000000002
buy,low_vol,ema_flipped,0.9997,9.0,13.5,1.19,sl,-9.0,-80.32,False,2021-12-28 22:15:00,8025.170000000002,7944.850000000002
sell,low_vol,ema_flipped,1.0,10.7,16.049999999999997,0.99,tp,16.05,119.17,True,2021-12-28 23:30:00,7944.850000000002,8064.020000000002
buy,low_vol,ema_flipped,1.0,6.4,9.600000000000001,1.68,sl,-6.4,-80.64,False,2021-12-29 07:45:00,8064.020000000002,7983.380000000002
sell,low_vol,ema_flipped,0.9107,15.8,23.700000000000003,0.59,sl,-15.8,-69.91,False,2021-12-29 13:45:00,7983.380000000002,7913.470000000002
buy,low_vol,ema_flipped,1.0,7.1,10.649999999999999,1.49,sl,-7.1,-79.34,False,2021-12-30 04:00:00,7913.470000000002,7834.130000000002
buy,high_vol,rsi,0.9957,13.9,20.85,0.75,sl,-13.9,-78.19,False,2021-12-30 19:15:00,7834.130000000002,7755.940000000002
buy,high_vol,rsi,0.9928,13.8,20.700000000000003,0.74,sl,-13.8,-76.59,False,2021-12-30 19:30:00,7755.940000000002,7679.350000000002
buy,low_vol,ema_flipped,1.0,10.2,15.299999999999999,1.0,sl,-10.2,-76.5,False,2022-01-04 04:45:00,7679.350000000002,7602.850000000002
buy,high_vol,rsi,0.9998,17.1,25.650000000000002,0.59,sl,-17.1,-75.67,False,2022-01-04 14:15:00,7602.850000000002,7527.180000000002
sell,low_vol,ema_flipped,0.9971,9.5,14.25,1.05,sl,-9.5,-74.81,False,2022-01-05 08:00:00,7527.180000000002,7452.370000000002
buy,high_vol,rsi,1.0,24.5,36.75,0.41,timeout,16.3,50.12,True,2022-01-06 18:30:00,7452.370000000002,7502.490000000002
buy,high_vol,rsi,1.0,22.1,33.150000000000006,0.45,timeout,18.3,61.76,True,2022-01-06 18:45:00,7502.490000000002,7564.250000000002
sell,high_vol,rsi,1.0,21.7,32.55,0.46,tp,32.55,112.3,True,2022-01-10 17:30:00,7564.250000000002,7676.550000000002
buy,low_vol,ema_flipped,1.0,8.0,12.0,1.28,tp,12.0,115.2,True,2022-01-11 07:15:00,7676.550000000002,7791.750000000002
buy,low_vol,ema_flipped,0.9974,14.0,21.0,0.74,tp,21.0,116.55,True,2022-01-13 14:15:00,7791.750000000002,7908.300000000002
buy,low_vol,ema_flipped,0.9999,13.9,20.85,0.76,tp,20.85,118.84,True,2022-01-14 09:15:00,7908.300000000002,8027.140000000002
buy,high_vol,rsi,0.9999,15.8,23.700000000000003,0.68,sl,-15.8,-80.58,False,2022-01-18 20:45:00,8027.140000000002,7946.560000000002
sell,high_vol,rsi,0.9995,18.0,27.0,0.59,sl,-18.0,-79.65,False,2022-01-19 15:15:00,7946.560000000002,7866.910000000003
sell,high_vol,rsi,1.0,18.1,27.150000000000002,0.58,sl,-18.1,-78.74,False,2022-01-19 15:30:00,7866.910000000003,7788.170000000003
sell,high_vol,rsi,1.0,18.7,28.049999999999997,0.56,timeout,10.0,42.0,True,2022-01-19 15:45:00,7788.170000000003,7830.170000000003
sell,high_vol,rsi,0.9999,18.8,28.200000000000003,0.56,timeout,9.7,40.74,True,2022-01-19 16:00:00,7830.170000000003,7870.910000000003
sell,high_vol,rsi,0.9999,19.4,29.099999999999998,0.54,timeout,13.1,53.05,True,2022-01-19 16:15:00,7870.910000000003,7923.960000000003
sell,low_vol,ema_flipped,0.9998,10.9,16.35,0.97,sl,-10.9,-79.3,False,2022-01-19 21:30:00,7923.960000000003,7844.660000000003
buy,low_vol,ema_flipped,1.0,7.8,11.7,1.34,tp,11.7,117.58,True,2022-01-20 06:15:00,7844.660000000003,7962.2400000000025
sell,low_vol,ema_flipped,1.0,10.3,15.450000000000001,1.03,tp,15.45,119.35,True,2022-01-20 08:15:00,7962.2400000000025,8081.590000000003
buy,low_vol,ema_flipped,1.0,11.4,17.1,0.95,sl,-11.4,-81.22,False,2022-01-20 09:15:00,8081.590000000003,8000.370000000003
buy,high_vol,rsi,1.0,18.6,27.900000000000002,0.57,sl,-18.6,-79.51,False,2022-01-20 17:00:00,8000.370000000003,7920.860000000002
buy,high_vol,rsi,1.0,17.8,26.700000000000003,0.59,sl,-17.8,-78.76,False,2022-01-20 17:15:00,7920.860000000002,7842.100000000002
buy,high_vol,rsi,1.0,17.8,26.700000000000003,0.59,sl,-17.8,-78.76,False,2022-01-20 17:30:00,7842.100000000002,7763.340000000002
buy,high_vol,rsi,1.0,17.9,26.849999999999998,0.58,tp,26.85,116.8,True,2022-01-20 17:45:00,7763.340000000002,7880.140000000002
buy,high_vol,rsi,0.9996,17.3,25.950000000000003,0.61,sl,-17.3,-79.15,False,2022-01-20 18:00:00,7880.140000000002,7800.9900000000025
buy,high_vol,rsi,0.9917,16.4,24.599999999999998,0.63,tp,24.6,116.23,True,2022-01-20 18:15:00,7800.9900000000025,7917.220000000002
buy,high_vol,rsi,0.9384,16.6,24.900000000000002,0.58,tp,24.9,108.32,True,2022-01-20 18:30:00,7917.220000000002,8025.540000000002
buy,high_vol,rsi,0.7112,15.5,23.25,0.41,tp,23.25,71.49,True,2022-01-20 18:45:00,8025.540000000002,8097.030000000002
sell,high_vol,rsi,0.9162,13.4,20.1,0.71,sl,-13.4,-71.35,False,2022-01-20 23:15:00,8097.030000000002,8025.680000000001
sell,high_vol,rsi,1.0,16.1,24.150000000000002,0.66,sl,-16.1,-79.7,False,2022-01-21 19:45:00,8025.680000000001,7945.980000000001
sell,high_vol,rsi,1.0,26.6,39.900000000000006,0.4,sl,-26.6,-79.8,False,2022-01-24 16:15:00,7945.980000000001,7866.180000000001
sell,high_vol,rsi,1.0,28.8,43.2,0.36,tp,43.2,116.64,True,2022-01-24 16:30:00,7866.180000000001,7982.8200000000015
sell,high_vol,rsi,1.0,28.6,42.900000000000006,0.37,tp,42.9,119.05,True,2022-01-24 17:00:00,7982.8200000000015,8101.870000000002
sell,high_vol,rsi,1.0,28.9,43.349999999999994,0.37,tp,43.35,120.3,True,2022-01-24 17:30:00,8101.870000000002,8222.170000000002
sell,high_vol,rsi,1.0,29.5,44.25,0.37,tp,44.25,122.79,True,2022-01-24 17:45:00,8222.170000000002,8344.960000000003
buy,high_vol,rsi,0.8454,15.5,23.25,0.56,sl,-15.5,-65.1,False,2022-01-26 09:30:00,8344.960000000003,8279.860000000002
buy,high_vol,rsi,0.9997,16.2,24.299999999999997,0.68,sl,-16.2,-82.62,False,2022-01-26 10:15:00,8279.860000000002,8197.240000000002
buy,high_vol,rsi,0.9993,15.8,23.700000000000003,0.69,tp,23.7,122.65,True,2022-01-26 10:30:00,8197.240000000002,8319.890000000001
buy,high_vol,rsi,0.9994,15.7,23.549999999999997,0.71,sl,-15.7,-83.6,False,2022-01-26 10:45:00,8319.890000000001,8236.29
buy,high_vol,rsi,0.9999,15.5,23.25,0.71,tp,23.25,123.81,True,2022-01-26 11:00:00,8236.29,8360.1
buy,high_vol,rsi,1.0,18.4,27.599999999999998,0.61,sl,-18.4,-84.18,False,2022-01-27 08:45:00,8360.1,8275.92
buy,high_vol,rsi,1.0,19.8,29.700000000000003,0.56,sl,-19.8,-83.16,False,2022-01-27 09:30:00,8275.92,8192.76
buy,high_vol,rsi,1.0,20.1,30.150000000000002,0.54,sl,-20.1,-81.41,False,2022-01-27 09:45:00,8192.76,8111.35
buy,high_vol,rsi,1.0,20.9,31.349999999999998,0.52,sl,-20.9,-81.51,False,2022-01-27 10:00:00,8111.35,8029.84
buy,high_vol,rsi,1.0,20.6,30.900000000000002,0.52,sl,-20.6,-80.34,False,2022-01-27 10:15:00,8029.84,7949.5
buy,high_vol,rsi,1.0,23.4,35.099999999999994,0.45,tp,35.1,118.46,True,2022-01-27 14:15:00,7949.5,8067.96
buy,high_vol,rsi,1.0,24.4,36.599999999999994,0.44,tp,36.6,120.78,True,2022-01-27 14:30:00,8067.96,8188.74
sell,low_vol,ema_flipped,0.9998,14.4,21.6,0.76,sl,-14.4,-82.08,False,2022-01-28 09:15:00,8188.74,8106.66
sell,high_vol,rsi,0.9917,15.8,23.700000000000003,0.68,sl,-15.8,-80.58,False,2022-01-28 10:30:00,8106.66,8026.08
sell,high_vol,rsi,0.9644,15.7,23.549999999999997,0.65,sl,-15.7,-76.54,False,2022-01-28 10:45:00,8026.08,7949.54
sell,high_vol,rsi,0.8221,15.5,23.25,0.51,tp,23.25,88.93,True,2022-01-28 11:00:00,7949.54,8038.47
buy,low_vol,ema_flipped,1.0,10.6,15.899999999999999,1.01,tp,15.9,120.44,True,2022-01-31 02:45:00,8038.47,8158.91
sell,low_vol,ema_flipped,0.9999,14.7,22.049999999999997,0.74,sl,-14.7,-81.59,False,2022-01-31 10:45:00,8158.91,8077.32
buy,low_vol,ema_flipped,0.9991,15.6,23.4,0.69,tp,23.4,121.1,True,2022-01-31 11:00:00,8077.32,8198.42
sell,high_vol,rsi,0.9735,15.1,22.65,0.7,timeout,19.8,103.95,True,2022-01-31 20:15:00,8198.42,8302.37
sell,high_vol,rsi,0.8923,15.3,22.950000000000003,0.61,timeout,11.7,53.53,True,2022-01-31 20:30:00,8302.37,8355.900000000001
sell,high_vol,rsi,1.0,26.4,39.599999999999994,0.42,sl,-26.4,-83.16,False,2022-02-03 13:45:00,8355.900000000001,8272.740000000002
sell,high_vol,rsi,1.0,29.6,44.400000000000006,0.37,sl,-29.6,-82.14,False,2022-02-03 14:00:00,8272.740000000002,8190.600000000001
sell,high_vol,rsi,1.0,32.6,48.900000000000006,0.33,sl,-32.6,-80.69,False,2022-02-03 14:30:00,8190.600000000001,8109.910000000002
sell,high_vol,rsi,1.0,33.9,50.849999999999994,0.32,sl,-33.9,-81.36,False,2022-02-03 14:45:00,8109.910000000002,8028.550000000002
sell,high_vol,rsi,1.0,39.0,58.5,0.27,sl,-39.0,-78.98,False,2022-02-03 15:15:00,8028.550000000002,7949.570000000002
sell,high_vol,rsi,1.0,39.5,59.25,0.27,sl,-39.5,-79.99,False,2022-02-03 15:30:00,7949.570000000002,7869.580000000003
sell,high_vol,rsi,1.0,40.4,60.599999999999994,0.26,sl,-40.4,-78.78,False,2022-02-03 15:45:00,7869.580000000003,7790.800000000003
sell,high_vol,rsi,1.0,40.8,61.199999999999996,0.25,sl,-40.8,-76.5,False,2022-02-03 16:00:00,7790.800000000003,7714.300000000003
sell,high_vol,rsi,1.0,40.7,61.050000000000004,0.25,sl,-40.7,-76.31,False,2022-02-03 16:15:00,7714.300000000003,7637.9900000000025
sell,high_vol,rsi,1.0,42.2,63.300000000000004,0.24,sl,-42.2,-75.96,False,2022-02-03 16:30:00,7637.9900000000025,7562.0300000000025
sell,high_vol,rsi,1.0,42.1,63.150000000000006,0.24,sl,-42.1,-75.78,False,2022-02-03 16:45:00,7562.0300000000025,7486.250000000003
sell,high_vol,rsi,1.0,21.4,32.099999999999994,0.47,tp,32.1,113.15,True,2022-02-04 11:30:00,7486.250000000003,7599.400000000002
sell,high_vol,rsi,1.0,21.4,32.099999999999994,0.47,tp,32.1,113.15,True,2022-02-04 11:45:00,7599.400000000002,7712.550000000002
buy,low_vol,ema_flipped,1.0,9.7,14.549999999999999,1.06,sl,-9.7,-77.11,False,2022-02-07 06:15:00,7712.550000000002,7635.440000000002
buy,high_vol,rsi,1.0,24.0,36.0,0.42,sl,-24.0,-75.6,False,2022-02-07 18:00:00,7635.440000000002,7559.840000000002
buy,high_vol,rsi,0.9989,21.0,31.5,0.48,sl,-21.0,-75.6,False,2022-02-07 18:30:00,7559.840000000002,7484.240000000002
buy,low_vol,ema_flipped,1.0,7.5,11.25,1.33,timeout,2.5,24.94,True,2022-02-09 05:30:00,7484.240000000002,7509.180000000001
sell,low_vol,ema_flipped,1.0,12.4,18.6,0.81,tp,18.6,112.99,True,2022-02-09 08:30:00,7509.180000000001,7622.170000000001
buy,low_vol,ema_flipped,1.0,14.5,21.75,0.7,tp,21.75,114.19,True,2022-02-09 09:00:00,7622.170000000001,7736.360000000001
sell,low_vol,ema_flipped,0.9999,15.3,22.950000000000003,0.67,tp,22.95,115.32,True,2022-02-09 11:00:00,7736.360000000001,7851.68
buy,low_vol,ema_flipped,0.9978,17.7,26.549999999999997,0.59,sl,-17.7,-78.32,False,2022-02-09 16:00:00,7851.68,7773.360000000001
sell,low_vol,ema_flipped,0.9999,14.2,21.299999999999997,0.73,tp,21.3,116.62,True,2022-02-10 10:30:00,7773.360000000001,7889.9800000000005
buy,low_vol,ema_flipped,1.0,13.1,19.65,0.8,tp,19.65,117.9,True,2022-02-10 12:00:00,7889.9800000000005,8007.88
sell,low_vol,ema_flipped,0.9998,12.7,19.049999999999997,0.84,tp,19.05,120.02,True,2022-02-10 13:00:00,8007.88,8127.900000000001
buy,low_vol,ema_flipped,0.9995,11.1,16.65,0.98,timeout,-3.2,-23.52,False,2022-02-11 06:45:00,8127.900000000001,8104.38
buy,high_vol,rsi,0.9933,17.9,26.849999999999998,0.6,sl,-17.9,-80.55,False,2022-02-11 14:45:00,8104.38,8023.83
buy,high_vol,rsi,1.0,19.7,29.549999999999997,0.54,sl,-19.7,-79.79,False,2022-02-11 15:00:00,8023.83,7944.04
buy,high_vol,rsi,1.0,20.5,30.75,0.52,sl,-20.5,-79.95,False,2022-02-11 15:15:00,7944.04,7864.09
buy,high_vol,rsi,1.0,20.3,30.450000000000003,0.52,sl,-20.3,-79.17,False,2022-02-11 15:30:00,7864.09,7784.92
sell,high_vol,rsi,0.9999,19.5,29.25,0.53,tp,29.25,116.27,True,2022-02-15 15:45:00,7784.92,7901.1900000000005
sell,high_vol,rsi,0.9999,20.2,30.299999999999997,0.52,tp,30.3,118.17,True,2022-02-15 16:00:00,7901.1900000000005,8019.360000000001
sell,high_vol,rsi,0.9898,19.8,29.700000000000003,0.53,tp,29.7,118.06,True,2022-02-15 16:15:00,8019.360000000001,8137.420000000001
buy,low_vol,ema_flipped,1.0,8.2,12.299999999999999,1.32,tp,12.3,121.77,True,2022-02-16 02:45:00,8137.420000000001,8259.19
sell,low_vol,ema_flipped,1.0,11.4,17.1,0.97,tp,17.1,124.4,True,2022-02-16 08:30:00,8259.19,8383.59
buy,low_vol,ema_flipped,1.0,13.3,19.950000000000003,0.84,sl,-13.3,-83.79,False,2022-02-16 09:00:00,8383.59,8299.8
sell,low_vol,ema_flipped,1.0,14.6,21.9,0.76,sl,-14.6,-83.22,False,2022-02-16 19:45:00,8299.8,8216.58
buy,low_vol,ema_flipped,1.0,12.5,18.75,0.88,tp,18.75,123.75,True,2022-02-16 22:15:00,8216.58,8340.33
sell,low_vol,ema_flipped,1.0,8.9,13.350000000000001,1.25,sl,-8.9,-83.44,False,2022-02-16 23:30:00,8340.33,8256.89
buy,low_vol,ema_flipped,0.9999,15.6,23.4,0.71,tp,23.4,124.61,True,2022-02-17 05:45:00,8256.89,8381.5
sell,low_vol,ema_flipped,0.9994,17.4,26.099999999999998,0.64,timeout,2.1,10.08,True,2022-02-17 07:00:00,8381.5,8391.58
sell,low_vol,ema_flipped,1.0,11.1,16.65,1.01,tp,16.65,126.12,True,2022-02-17 23:30:00,8391.58,8517.7
buy,low_vol,ema_flipped,1.0,8.3,12.450000000000001,1.37,sl,-8.3,-85.28,False,2022-02-18 04:00:00,8517.7,8432.42
sell,low_vol,ema_flipped,0.9998,14.7,22.049999999999997,0.76,tp,22.05,125.69,True,2022-02-21 17:15:00,8432.42,8558.11
buy,low_vol,ema_flipped,0.9988,13.7,20.549999999999997,0.83,sl,-13.7,-85.28,False,2022-02-21 18:00:00,8558.11,8472.83
sell,high_vol,rsi,1.0,18.8,28.200000000000003,0.6,tp,28.2,126.9,True,2022-02-22 11:15:00,8472.83,8599.73
sell,high_vol,rsi,0.988,17.2,25.799999999999997,0.66,tp,25.8,127.71,True,2022-02-22 18:45:00,8599.73,8727.439999999999
sell,high_vol,rsi,0.9894,17.1,25.650000000000002,0.67,tp,25.65,128.89,True,2022-02-22 19:00:00,8727.439999999999,8856.329999999998
buy,low_vol,ema_flipped,1.0,7.4,11.100000000000001,1.6,sl,-7.4,-88.8,False,2022-02-23 05:00:00,8856.329999999998,8767.529999999999
buy,high_vol,rsi,0.9988,15.8,23.700000000000003,0.74,sl,-15.8,-87.69,False,2022-02-24 03:45:00,8767.529999999999,8679.839999999998
buy,high_vol,rsi,1.0,17.4,26.099999999999998,0.67,tp,26.1,131.15,True,2022-02-24 04:00:00,8679.839999999998,8810.989999999998
buy,high_vol,rsi,1.0,30.2,45.3,0.39,sl,-30.2,-88.34,False,2022-02-24 11:45:00,8810.989999999998,8722.649999999998
buy,high_vol,rsi,1.0,30.3,45.45,0.38,tp,45.45,129.53,True,2022-02-24 12:00:00,8722.649999999998,8852.179999999998
sell,high_vol,rsi,1.0,26.4,39.599999999999994,0.45,tp,39.6,133.65,True,2022-02-24 18:45:00,8852.179999999998,8985.829999999998
sell,high_vol,rsi,1.0,26.8,40.2,0.45,tp,40.2,135.67,True,2022-02-24 19:00:00,8985.829999999998,9121.499999999998
buy,high_vol,rsi,1.0,26.1,39.150000000000006,0.47,tp,39.15,138.0,True,2022-02-27 22:00:00,9121.499999999998,9259.499999999998
buy,high_vol,rsi,1.0,29.0,43.5,0.43,tp,43.5,140.29,True,2022-02-27 22:15:00,9259.499999999998,9399.789999999999
buy,high_vol,rsi,1.0,29.7,44.55,0.42,tp,44.55,140.33,True,2022-02-27 22:30:00,9399.789999999999,9540.119999999999
buy,high_vol,rsi,1.0,32.7,49.050000000000004,0.39,tp,49.05,143.47,True,2022-02-27 22:45:00,9540.119999999999,9683.589999999998
buy,high_vol,rsi,1.0,20.9,31.349999999999998,0.62,sl,-20.9,-97.18,False,2022-03-01 12:45:00,9683.589999999998,9586.409999999998
buy,high_vol,rsi,1.0,23.2,34.8,0.55,sl,-23.2,-95.7,False,2022-03-01 14:45:00,9586.409999999998,9490.709999999997
buy,high_vol,rsi,1.0,23.3,34.95,0.54,sl,-23.3,-94.36,False,2022-03-01 15:00:00,9490.709999999997,9396.349999999997
buy,high_vol,rsi,1.0,23.7,35.55,0.53,sl,-23.7,-94.21,False,2022-03-01 15:15:00,9396.349999999997,9302.139999999998
sell,high_vol,rsi,1.0,20.7,31.049999999999997,0.6,timeout,0.2,0.9,True,2022-03-01 19:45:00,9302.139999999998,9303.039999999997
sell,high_vol,rsi,0.9999,20.0,30.0,0.62,timeout,-3.7,-17.2,False,2022-03-01 20:00:00,9303.039999999997,9285.839999999997
sell,high_vol,rsi,0.9996,19.4,29.099999999999998,0.64,timeout,-0.8,-3.84,False,2022-03-01 20:15:00,9285.839999999997,9281.999999999996
sell,high_vol,rsi,0.9958,19.1,28.650000000000002,0.64,timeout,3.6,17.28,True,2022-03-01 20:30:00,9281.999999999996,9299.279999999997
sell,high_vol,rsi,0.9775,18.5,27.75,0.65,timeout,9.9,48.26,True,2022-03-01 20:45:00,9299.279999999997,9347.539999999997
buy,high_vol,rsi,1.0,16.3,24.450000000000003,0.76,sl,-16.3,-92.91,False,2022-03-02 08:00:00,9347.539999999997,9254.629999999997
buy,high_vol,rsi,1.0,10.5,15.75,1.18,sl,-10.5,-92.92,False,2022-03-04 00:15:00,9254.629999999997,9161.709999999997
buy,high_vol,rsi,1.0,12.3,18.450000000000003,0.99,tp,18.45,136.99,True,2022-03-04 00:30:00,9161.709999999997,9298.699999999997
buy,high_vol,rsi,0.9999,19.9,29.849999999999998,0.62,sl,-19.9,-92.53,False,2022-03-04 12:30:00,9298.699999999997,9206.169999999996
buy,high_vol,rsi,1.0,22.3,33.45,0.55,sl,-22.3,-91.99,False,2022-03-04 12:45:00,9206.169999999996,9114.179999999997
buy,high_vol,rsi,1.0,24.5,36.75,0.5,sl,-24.5,-91.88,False,2022-03-04 13:00:00,9114.179999999997,9022.299999999997
buy,high_vol,rsi,1.0,24.4,36.599999999999994,0.49,sl,-24.4,-89.67,False,2022-03-04 13:15:00,9022.299999999997,8932.629999999997
buy,high_vol,rsi,1.0,24.1,36.150000000000006,0.49,sl,-24.1,-88.57,False,2022-03-04 13:30:00,8932.629999999997,8844.059999999998
buy,high_vol,rsi,1.0,25.0,37.5,0.47,sl,-25.0,-88.12,False,2022-03-04 13:45:00,8844.059999999998,8755.939999999997
buy,high_vol,rsi,1.0,28.3,42.45,0.41,sl,-28.3,-87.02,False,2022-03-04 14:30:00,8755.939999999997,8668.919999999996
buy,high_vol,rsi,1.0,29.3,43.95,0.39,sl,-29.3,-85.7,False,2022-03-04 14:45:00,8668.919999999996,8583.219999999996
buy,high_vol,rsi,1.0,31.8,47.7,0.36,sl,-31.8,-85.86,False,2022-03-07 01:00:00,8583.219999999996,8497.359999999995
buy,high_vol,rsi,1.0,33.3,49.949999999999996,0.34,tp,49.95,127.37,True,2022-03-07 01:15:00,8497.359999999995,8624.729999999996
buy,high_vol,rsi,1.0,33.9,50.849999999999994,0.34,tp,50.85,129.67,True,2022-03-07 01:30:00,8624.729999999996,8754.399999999996
buy,high_vol,rsi,1.0,35.0,52.5,0.33,tp,52.5,129.94,True,2022-03-07 02:00:00,8754.399999999996,8884.339999999997
buy,high_vol,rsi,1.0,35.0,52.5,0.34,tp,52.5,133.87,True,2022-03-07 02:15:00,8884.339999999997,9018.209999999997
sell,high_vol,rsi,1.0,19.7,29.549999999999997,0.61,sl,-19.7,-90.13,False,2022-03-08 08:00:00,9018.209999999997,8928.079999999998
sell,high_vol,rsi,1.0,22.6,33.900000000000006,0.53,tp,33.9,134.75,True,2022-03-08 08:15:00,8928.079999999998,9062.829999999998
sell,high_vol,rsi,1.0,23.6,35.400000000000006,0.51,tp,35.4,135.41,True,2022-03-08 08:30:00,9062.829999999998,9198.239999999998
sell,high_vol,rsi,1.0,36.4,54.599999999999994,0.34,tp,54.6,139.23,True,2022-03-08 17:45:00,9198.239999999998,9337.469999999998
sell,high_vol,rsi,1.0,30.2,45.3,0.41,tp,45.3,139.3,True,2022-03-09 14:15:00,9337.469999999998,9476.769999999997
sell,high_vol,rsi,1.0,30.6,45.900000000000006,0.41,sl,-30.6,-94.1,False,2022-03-09 14:30:00,9476.769999999997,9382.669999999996
sell,high_vol,rsi,1.0,29.8,44.7,0.42,sl,-29.8,-93.87,False,2022-03-09 14:45:00,9382.669999999996,9288.799999999996
sell,high_vol,rsi,1.0,29.8,44.7,0.42,sl,-29.8,-93.87,False,2022-03-09 15:00:00,9288.799999999996,9194.929999999995
buy,high_vol,rsi,1.0,19.4,29.099999999999998,0.63,tp,29.1,137.5,True,2022-03-10 19:15:00,9194.929999999995,9332.429999999995
buy,high_vol,rsi,1.0,18.8,28.200000000000003,0.66,tp,28.2,139.59,True,2022-03-10 19:30:00,9332.429999999995,9472.019999999995
buy,high_vol,rsi,1.0,17.9,26.849999999999998,0.71,tp,26.85,142.98,True,2022-03-10 19:45:00,9472.019999999995,9614.999999999995
buy,high_vol,rsi,0.941,17.3,25.950000000000003,0.68,tp,25.95,132.34,True,2022-03-11 08:00:00,9614.999999999995,9747.339999999995
buy,high_vol,rsi,1.0,36.1,54.150000000000006,0.36,sl,-36.1,-97.47,False,2022-03-11 15:00:00,9747.339999999995,9649.869999999995
buy,high_vol,rsi,1.0,33.4,50.099999999999994,0.39,sl,-33.4,-97.69,False,2022-03-11 15:15:00,9649.869999999995,9552.179999999995
buy,high_vol,rsi,1.0,33.5,50.25,0.38,sl,-33.5,-95.47,False,2022-03-11 15:30:00,9552.179999999995,9456.709999999995
buy,high_vol,rsi,1.0,34.7,52.050000000000004,0.36,sl,-34.7,-93.69,False,2022-03-11 15:45:00,9456.709999999995,9363.019999999995
buy,high_vol,rsi,1.0,34.1,51.150000000000006,0.37,sl,-34.1,-94.63,False,2022-03-11 16:00:00,9363.019999999995,9268.389999999996
buy,high_vol,rsi,1.0,32.2,48.300000000000004,0.38,sl,-32.2,-91.77,False,2022-03-11 16:15:00,9268.389999999996,9176.619999999995
buy,high_vol,rsi,1.0,32.0,48.0,0.38,sl,-32.0,-91.2,False,2022-03-11 16:30:00,9176.619999999995,9085.419999999995
buy,high_vol,rsi,1.0,31.9,47.849999999999994,0.38,sl,-31.9,-90.92,False,2022-03-11 16:45:00,9085.419999999995,8994.499999999995
sell,high_vol,rsi,0.9285,17.5,26.25,0.62,sl,-17.5,-81.37,False,2022-03-14 10:00:00,8994.499999999995,8913.129999999994
sell,high_vol,rsi,1.0,20.6,30.900000000000002,0.58,tp,30.9,134.42,True,2022-03-14 10:45:00,8913.129999999994,9047.549999999994
sell,high_vol,rsi,1.0,25.8,38.7,0.47,tp,38.7,136.42,True,2022-03-14 19:15:00,9047.549999999994,9183.969999999994
sell,high_vol,rsi,1.0,25.3,37.95,0.48,tp,37.95,136.62,True,2022-03-14 19:30:00,9183.969999999994,9320.589999999995
sell,high_vol,rsi,1.0,23.9,35.849999999999994,0.52,tp,35.85,139.81,True,2022-03-14 19:45:00,9320.589999999995,9460.399999999994
sell,high_vol,rsi,1.0,15.9,23.85,0.79,sl,-15.9,-94.21,False,2022-03-15 08:15:00,9460.399999999994,9366.189999999995
sell,high_vol,rsi,0.9983,17.4,26.099999999999998,0.72,sl,-17.4,-93.96,False,2022-03-15 08:30:00,9366.189999999995,9272.229999999996
sell,high_vol,rsi,0.9982,19.2,28.799999999999997,0.64,sl,-19.2,-92.16,False,2022-03-15 08:45:00,9272.229999999996,9180.069999999996
sell,high_vol,rsi,0.9999,21.3,31.950000000000003,0.57,tp,31.95,136.59,True,2022-03-15 09:00:00,9180.069999999996,9316.659999999996
buy,high_vol,rsi,0.9978,22.0,33.0,0.56,sl,-22.0,-92.4,False,2022-03-15 14:15:00,9316.659999999996,9224.259999999997
buy,high_vol,rsi,0.9988,22.5,33.75,0.55,sl,-22.5,-92.81,False,2022-03-15 14:30:00,9224.259999999997,9131.449999999997
buy,high_vol,rsi,0.9999,24.1,36.150000000000006,0.51,sl,-24.1,-92.18,False,2022-03-15 16:30:00,9131.449999999997,9039.269999999997
buy,high_vol,rsi,1.0,29.0,43.5,0.42,sl,-29.0,-91.35,False,2022-03-15 17:00:00,9039.269999999997,8947.919999999996
buy,high_vol,rsi,1.0,28.3,42.45,0.42,sl,-28.3,-89.15,False,2022-03-15 17:15:00,8947.919999999996,8858.769999999997
buy,high_vol,rsi,1.0,28.6,42.900000000000006,0.41,sl,-28.6,-87.95,False,2022-03-15 17:30:00,8858.769999999997,8770.819999999996
buy,high_vol,rsi,1.0,29.3,43.95,0.4,sl,-29.3,-87.9,False,2022-03-15 17:45:00,8770.819999999996,8682.919999999996
buy,high_vol,rsi,1.0,28.6,42.900000000000006,0.4,sl,-28.6,-85.8,False,2022-03-15 18:00:00,8682.919999999996,8597.119999999997
buy,high_vol,rsi,1.0,27.7,41.55,0.41,sl,-27.7,-85.18,False,2022-03-15 18:15:00,8597.119999999997,8511.939999999997
buy,high_vol,rsi,1.0,27.7,41.55,0.41,timeout,-9.7,-29.83,False,2022-03-15 18:30:00,8511.939999999997,8482.109999999997
buy,high_vol,rsi,1.0,27.3,40.95,0.41,timeout,-5.3,-16.3,False,2022-03-15 18:45:00,8482.109999999997,8465.809999999998
buy,high_vol,rsi,1.0,26.4,39.599999999999994,0.43,timeout,0.3,0.97,True,2022-03-15 19:00:00,8465.809999999998,8466.779999999997
buy,high_vol,rsi,1.0,26.2,39.3,0.43,timeout,-1.6,-5.16,False,2022-03-15 19:15:00,8466.779999999997,8461.619999999997
buy,high_vol,rsi,1.0,26.1,39.150000000000006,0.43,timeout,-7.9,-25.48,False,2022-03-15 19:30:00,8461.619999999997,8436.139999999998
buy,high_vol,rsi,1.0,24.0,36.0,0.47,timeout,-3.8,-13.4,False,2022-03-15 19:45:00,8436.139999999998,8422.739999999998
buy,high_vol,rsi,1.0,20.9,31.349999999999998,0.54,tp,31.35,126.97,True,2022-03-15 20:15:00,8422.739999999998,8549.709999999997
sell,high_vol,rsi,0.9999,20.4,30.599999999999998,0.56,tp,30.6,128.52,True,2022-03-17 18:00:00,8549.709999999997,8678.229999999998
buy,low_vol,ema_flipped,1.0,15.0,22.5,0.77,sl,-15.0,-86.63,False,2022-03-18 03:00:00,8678.229999999998,8591.599999999999
buy,high_vol,rsi,0.9999,14.5,21.75,0.79,tp,21.75,128.87,True,2022-03-18 20:30:00,8591.599999999999,8720.47
buy,low_vol,ema_flipped,1.0,11.6,17.4,1.0,sl,-11.6,-87.0,False,2022-03-22 21:00:00,8720.47,8633.47
sell,low_vol,ema_flipped,1.0,8.0,12.0,1.44,tp,12.0,129.6,True,2022-03-23 06:00:00,8633.47,8763.07
buy,low_vol,ema_flipped,0.9998,11.3,16.950000000000003,1.03,tp,16.95,130.94,True,2022-03-23 08:45:00,8763.07,8894.01
buy,high_vol,rsi,1.0,19.8,29.700000000000003,0.6,tp,29.7,133.65,True,2022-03-24 15:15:00,8894.01,9027.66
buy,high_vol,rsi,1.0,22.0,33.0,0.55,tp,33.0,136.13,True,2022-03-24 15:45:00,9027.66,9163.789999999999
sell,low_vol,ema_flipped,1.0,10.8,16.200000000000003,1.13,sl,-10.8,-91.53,False,2022-03-25 03:30:00,9163.789999999999,9072.259999999998
buy,low_vol,ema_flipped,1.0,16.2,24.299999999999997,0.75,sl,-16.2,-91.12,False,2022-03-25 12:45:00,9072.259999999998,8981.139999999998
buy,high_vol,rsi,1.0,21.2,31.799999999999997,0.56,sl,-21.2,-89.04,False,2022-03-25 16:45:00,8981.139999999998,8892.099999999997
buy,high_vol,rsi,1.0,21.5,32.25,0.55,sl,-21.5,-88.69,False,2022-03-25 17:00:00,8892.099999999997,8803.409999999996
buy,high_vol,rsi,1.0,21.1,31.650000000000002,0.56,sl,-21.1,-88.62,False,2022-03-25 17:15:00,8803.409999999996,8714.789999999995
buy,high_vol,rsi,1.0,20.9,31.349999999999998,0.56,sl,-20.9,-87.78,False,2022-03-25 17:30:00,8714.789999999995,8627.009999999995
buy,high_vol,rsi,1.0,20.3,30.450000000000003,0.57,sl,-20.3,-86.78,False,2022-03-25 17:45:00,8627.009999999995,8540.229999999994
buy,high_vol,rsi,1.0,19.9,29.849999999999998,0.57,sl,-19.9,-85.07,False,2022-03-25 18:00:00,8540.229999999994,8455.159999999994
buy,high_vol,rsi,0.9996,19.2,28.799999999999997,0.59,sl,-19.2,-84.96,False,2022-03-25 18:30:00,8455.159999999994,8370.199999999995
buy,high_vol,rsi,0.9988,19.6,29.400000000000002,0.57,sl,-19.6,-83.79,False,2022-03-25 18:45:00,8370.199999999995,8286.409999999994
buy,high_vol,rsi,0.9911,19.2,28.799999999999997,0.57,sl,-19.2,-82.08,False,2022-03-25 19:00:00,8286.409999999994,8204.329999999994
buy,high_vol,rsi,0.9566,19.1,28.650000000000002,0.54,sl,-19.1,-77.36,False,2022-03-25 19:15:00,8204.329999999994,8126.969999999995
buy,high_vol,rsi,0.7876,18.5,27.75,0.41,sl,-18.5,-56.89,False,2022-03-25 19:30:00,8126.969999999995,8070.0799999999945
sell,high_vol,rsi,1.0,35.5,53.25,0.3,sl,-35.5,-79.87,False,2022-03-29 13:00:00,8070.0799999999945,7990.209999999995
sell,high_vol,rsi,1.0,38.3,57.449999999999996,0.28,tp,57.45,120.65,True,2022-03-29 13:15:00,7990.209999999995,8110.859999999994
sell,high_vol,rsi,1.0,36.4,54.599999999999994,0.3,tp,54.6,122.85,True,2022-03-29 13:30:00,8110.859999999994,8233.709999999994
sell,high_vol,rsi,1.0,36.3,54.449999999999996,0.3,tp,54.45,122.51,True,2022-03-29 13:45:00,8233.709999999994,8356.219999999994
sell,high_vol,rsi,1.0,37.4,56.099999999999994,0.3,tp,56.1,126.22,True,2022-03-29 14:00:00,8356.219999999994,8482.439999999993
sell,high_vol,rsi,1.0,38.6,57.900000000000006,0.29,tp,57.9,125.93,True,2022-03-29 14:15:00,8482.439999999993,8608.369999999994
sell,high_vol,rsi,1.0,39.0,58.5,0.29,tp,58.5,127.24,True,2022-03-29 14:30:00,8608.369999999994,8735.609999999993
sell,high_vol,rsi,1.0,38.7,58.050000000000004,0.3,tp,58.05,130.61,True,2022-03-29 14:45:00,8735.609999999993,8866.219999999994
buy,high_vol,rsi,1.0,16.9,25.349999999999998,0.7,tp,25.35,133.09,True,2022-03-29 20:00:00,8866.219999999994,8999.309999999994
buy,high_vol,rsi,0.9085,19.9,29.849999999999998,0.52,tp,29.85,116.42,True,2022-03-31 19:15:00,8999.309999999994,9115.729999999994
buy,high_vol,rsi,0.9999,19.4,29.099999999999998,0.63,timeout,7.8,36.86,True,2022-04-05 14:15:00,9115.729999999994,9152.589999999995
buy,high_vol,rsi,1.0,21.6,32.400000000000006,0.56,timeout,9.5,39.9,True,2022-04-05 15:30:00,9152.589999999995,9192.489999999994
buy,high_vol,rsi,1.0,22.0,33.0,0.56,timeout,9.9,41.58,True,2022-04-05 15:45:00,9192.489999999994,9234.069999999994
buy,high_vol,rsi,1.0,21.8,32.7,0.56,timeout,11.2,47.04,True,2022-04-05 16:00:00,9234.069999999994,9281.109999999995
buy,low_vol,ema_flipped,0.9999,9.8,14.700000000000001,1.26,sl,-9.8,-92.61,False,2022-04-08 00:45:00,9281.109999999995,9188.499999999995
buy,low_vol,ema_flipped,0.9204,16.3,24.450000000000003,0.67,tp,24.45,122.86,True,2022-04-08 18:45:00,9188.499999999995,9311.359999999995
sell,high_vol,rsi,0.7363,16.3,24.450000000000003,0.47,tp,24.45,86.19,True,2022-04-11 09:15:00,9311.359999999995,9397.549999999996
buy,high_vol,rsi,1.0,19.0,28.5,0.66,sl,-19.0,-94.05,False,2022-04-12 14:15:00,9397.549999999996,9303.499999999996
buy,high_vol,rsi,1.0,19.2,28.799999999999997,0.65,sl,-19.2,-93.6,False,2022-04-12 14:30:00,9303.499999999996,9209.899999999996
buy,high_vol,rsi,1.0,20.0,30.0,0.61,sl,-20.0,-91.5,False,2022-04-12 14:45:00,9209.899999999996,9118.399999999996
buy,high_vol,rsi,0.9999,17.2,25.799999999999997,0.71,tp,25.8,137.39,True,2022-04-12 18:30:00,9118.399999999996,9255.789999999995
buy,high_vol,rsi,0.9996,17.2,25.799999999999997,0.72,tp,25.8,139.32,True,2022-04-12 18:45:00,9255.789999999995,9395.109999999995
sell,low_vol,ema_flipped,1.0,7.3,10.95,1.72,sl,-7.3,-94.17,False,2022-04-14 06:15:00,9395.109999999995,9300.939999999995
buy,low_vol,ema_flipped,0.9662,11.7,17.549999999999997,1.01,sl,-11.7,-88.63,False,2022-04-14 11:45:00,9300.939999999995,9212.309999999996
sell,low_vol,ema_flipped,0.9974,11.8,17.700000000000003,1.04,tp,17.7,138.06,True,2022-04-18 00:15:00,9212.309999999996,9350.369999999995
buy,high_vol,rsi,1.0,17.6,26.400000000000002,0.71,sl,-17.6,-93.72,False,2022-04-18 16:15:00,9350.369999999995,9256.649999999996
sell,high_vol,rsi,0.9505,14.7,22.049999999999997,0.78,sl,-14.7,-86.0,False,2022-04-19 09:15:00,9256.649999999996,9170.649999999996
sell,high_vol,rsi,0.9871,15.4,23.1,0.78,sl,-15.4,-90.09,False,2022-04-19 09:30:00,9170.649999999996,9080.559999999996
sell,high_vol,rsi,1.0,17.2,25.799999999999997,0.7,sl,-17.2,-90.3,False,2022-04-19 09:45:00,9080.559999999996,8990.259999999997
sell,high_vol,rsi,0.9999,17.5,26.25,0.68,sl,-17.5,-89.25,False,2022-04-19 10:00:00,8990.259999999997,8901.009999999997
sell,high_vol,rsi,1.0,17.3,25.950000000000003,0.69,sl,-17.3,-89.53,False,2022-04-19 10:15:00,8901.009999999997,8811.479999999996
sell,high_vol,rsi,1.0,17.6,26.400000000000002,0.67,sl,-17.6,-88.44,False,2022-04-19 10:30:00,8811.479999999996,8723.039999999995
sell,high_vol,rsi,1.0,17.0,25.5,0.68,tp,25.5,130.05,True,2022-04-19 14:30:00,8723.039999999995,8853.089999999995
buy,low_vol,ema_flipped,1.0,8.5,12.75,1.39,tp,12.75,132.92,True,2022-04-20 01:30:00,8853.089999999995,8986.009999999995
sell,low_vol,ema_flipped,1.0,9.1,13.649999999999999,1.32,sl,-9.1,-90.09,False,2022-04-20 02:00:00,8986.009999999995,8895.919999999995
buy,low_vol,ema_flipped,0.9187,10.8,16.200000000000003,0.97,tp,16.2,117.85,True,2022-04-20 08:15:00,8895.919999999995,9013.769999999995
buy,high_vol,rsi,1.0,22.6,33.900000000000006,0.53,tp,33.9,134.75,True,2022-04-20 14:00:00,9013.769999999995,9148.519999999995
buy,high_vol,rsi,1.0,21.8,32.7,0.56,tp,32.7,137.34,True,2022-04-20 14:15:00,9148.519999999995,9285.859999999995
buy,high_vol,rsi,1.0,22.1,33.150000000000006,0.56,tp,33.15,139.23,True,2022-04-20 14:30:00,9285.859999999995,9425.089999999995
sell,high_vol,rsi,1.0,15.9,23.85,0.79,sl,-15.9,-94.21,False,2022-04-21 07:30:00,9425.089999999995,9330.879999999996
sell,high_vol,rsi,1.0,17.5,26.25,0.71,sl,-17.5,-93.19,False,2022-04-21 07:45:00,9330.879999999996,9237.689999999995
sell,high_vol,rsi,1.0,18.3,27.450000000000003,0.67,sl,-18.3,-91.96,False,2022-04-21 08:00:00,9237.689999999995,9145.729999999996
sell,high_vol,rsi,1.0,18.7,28.049999999999997,0.65,sl,-18.7,-91.16,False,2022-04-21 08:15:00,9145.729999999996,9054.569999999996
sell,high_vol,rsi,1.0,20.4,30.599999999999998,0.59,tp,30.6,135.41,True,2022-04-21 08:30:00,9054.569999999996,9189.979999999996
sell,high_vol,rsi,1.0,22.0,33.0,0.56,tp,33.0,138.6,True,2022-04-21 08:45:00,9189.979999999996,9328.579999999996
sell,high_vol,rsi,1.0,22.4,33.599999999999994,0.56,tp,33.6,141.12,True,2022-04-21 09:00:00,9328.579999999996,9469.699999999997
sell,high_vol,rsi,1.0,22.3,33.45,0.57,sl,-22.3,-95.33,False,2022-04-21 09:15:00,9469.699999999997,9374.369999999997
sell,high_vol,rsi,1.0,23.6,35.400000000000006,0.53,tp,35.4,140.72,True,2022-04-21 09:30:00,9374.369999999997,9515.089999999997
sell,high_vol,rsi,1.0,24.1,36.150000000000006,0.53,tp,36.15,143.7,True,2022-04-21 09:45:00,9515.089999999997,9658.789999999997
sell,high_vol,rsi,1.0,24.5,36.75,0.53,tp,36.75,146.08,True,2022-04-21 10:00:00,9658.789999999997,9804.869999999997
sell,high_vol,rsi,1.0,22.0,33.0,0.59,sl,-22.0,-97.35,False,2022-04-21 19:15:00,9804.869999999997,9707.519999999997
sell,high_vol,rsi,1.0,20.9,31.349999999999998,0.62,sl,-20.9,-97.18,False,2022-04-22 12:45:00,9707.519999999997,9610.339999999997
buy,high_vol,rsi,1.0,15.5,23.25,0.83,sl,-15.5,-96.49,False,2022-04-25 07:00:00,9610.339999999997,9513.849999999997
buy,high_vol,rsi,1.0,16.6,24.900000000000002,0.76,sl,-16.6,-94.62,False,2022-04-25 07:15:00,9513.849999999997,9419.229999999996
buy,high_vol,rsi,1.0,18.6,27.900000000000002,0.68,sl,-18.6,-94.86,False,2022-04-25 07:30:00,9419.229999999996,9324.369999999995
buy,high_vol,rsi,1.0,20.4,30.599999999999998,0.61,tp,30.6,140.0,True,2022-04-25 07:45:00,9324.369999999995,9464.369999999995
buy,high_vol,rsi,1.0,22.2,33.3,0.57,tp,33.3,142.36,True,2022-04-25 08:00:00,9464.369999999995,9606.729999999996
buy,high_vol,rsi,1.0,24.7,37.05,0.52,tp,37.05,144.5,True,2022-04-25 08:30:00,9606.729999999996,9751.229999999996
buy,high_vol,rsi,1.0,21.5,32.25,0.6,sl,-21.5,-96.75,False,2022-04-27 13:45:00,9751.229999999996,9654.479999999996
buy,high_vol,rsi,1.0,21.8,32.7,0.59,sl,-21.8,-96.47,False,2022-04-27 14:00:00,9654.479999999996,9558.009999999997
buy,high_vol,rsi,1.0,22.6,33.900000000000006,0.56,sl,-22.6,-94.92,False,2022-04-27 14:15:00,9558.009999999997,9463.089999999997
buy,high_vol,rsi,1.0,23.7,35.55,0.53,sl,-23.7,-94.21,False,2022-04-27 14:30:00,9463.089999999997,9368.879999999997
buy,high_vol,rsi,1.0,23.9,35.849999999999994,0.52,sl,-23.9,-93.21,False,2022-04-27 14:45:00,9368.879999999997,9275.669999999998
buy,high_vol,rsi,1.0,24.5,36.75,0.5,sl,-24.5,-91.88,False,2022-04-27 15:00:00,9275.669999999998,9183.789999999999
buy,high_vol,rsi,1.0,24.2,36.3,0.51,sl,-24.2,-92.57,False,2022-04-27 15:15:00,9183.789999999999,9091.22
buy,high_vol,rsi,1.0,24.6,36.900000000000006,0.49,sl,-24.6,-90.4,False,2022-04-27 15:30:00,9091.22,9000.82
buy,high_vol,rsi,1.0,25.8,38.7,0.47,tp,38.7,136.42,True,2022-04-27 15:45:00,9000.82,9137.24
sell,high_vol,rsi,1.0,19.6,29.400000000000002,0.62,tp,29.4,136.71,True,2022-04-29 09:30:00,9137.24,9273.949999999999
sell,high_vol,rsi,1.0,31.0,46.5,0.4,sl,-31.0,-93.0,False,2022-04-29 16:45:00,9273.949999999999,9180.949999999999
sell,high_vol,rsi,1.0,30.3,45.45,0.4,sl,-30.3,-90.9,False,2022-04-29 17:00:00,9180.949999999999,9090.05
sell,high_vol,rsi,1.0,29.9,44.849999999999994,0.41,sl,-29.9,-91.94,False,2022-04-29 17:15:00,9090.05,8998.109999999999
sell,high_vol,rsi,1.0,28.3,42.45,0.42,sl,-28.3,-89.15,False,2022-04-29 17:30:00,8998.109999999999,8908.96
sell,high_vol,rsi,1.0,27.8,41.7,0.43,sl,-27.8,-89.66,False,2022-04-29 17:45:00,8908.96,8819.3
sell,high_vol,rsi,1.0,28.5,42.75,0.41,sl,-28.5,-87.64,False,2022-04-29 18:00:00,8819.3,8731.66
sell,high_vol,rsi,1.0,27.8,41.7,0.42,sl,-27.8,-87.57,False,2022-04-29 18:15:00,8731.66,8644.09
sell,high_vol,rsi,1.0,27.2,40.8,0.42,sl,-27.2,-85.68,False,2022-04-29 18:30:00,8644.09,8558.41
sell,high_vol,rsi,1.0,26.6,39.900000000000006,0.43,sl,-26.6,-85.79,False,2022-04-29 18:45:00,8558.41,8472.619999999999
sell,high_vol,rsi,1.0,25.1,37.650000000000006,0.45,sl,-25.1,-84.71,False,2022-04-29 19:00:00,8472.619999999999,8387.91
sell,high_vol,rsi,1.0,22.1,33.150000000000006,0.51,sl,-22.1,-84.53,False,2022-04-29 19:15:00,8387.91,8303.38
sell,high_vol,rsi,1.0,21.0,31.5,0.53,sl,-21.0,-83.47,False,2022-04-29 19:30:00,8303.38,8219.91
sell,high_vol,rsi,1.0,20.8,31.200000000000003,0.53,tp,31.2,124.02,True,2022-04-29 19:45:00,8219.91,8343.93
sell,high_vol,rsi,1.0,20.8,31.200000000000003,0.53,tp,31.2,124.02,True,2022-04-29 20:00:00,8343.93,8467.95
sell,high_vol,rsi,1.0,21.8,32.7,0.52,tp,32.7,127.53,True,2022-04-29 20:15:00,8467.95,8595.480000000001
buy,high_vol,rsi,1.0,23.0,34.5,0.5,sl,-23.0,-86.25,False,2022-05-03 16:45:00,8595.480000000001,8509.230000000001
buy,high_vol,rsi,1.0,23.0,34.5,0.49,sl,-23.0,-84.52,False,2022-05-03 17:00:00,8509.230000000001,8424.710000000001
buy,high_vol,rsi,1.0,22.4,33.599999999999994,0.5,sl,-22.4,-84.0,False,2022-05-03 17:15:00,8424.710000000001,8340.710000000001
buy,high_vol,rsi,1.0,21.4,32.099999999999994,0.52,sl,-21.4,-83.46,False,2022-05-03 17:30:00,8340.710000000001,8257.250000000002
buy,high_vol,rsi,1.0,21.1,31.650000000000002,0.52,sl,-21.1,-82.29,False,2022-05-03 17:45:00,8257.250000000002,8174.960000000002
sell,high_vol,rsi,1.0,17.9,26.849999999999998,0.61,sl,-17.9,-81.89,False,2022-05-04 14:15:00,8174.960000000002,8093.0700000000015
sell,high_vol,rsi,1.0,20.1,30.150000000000002,0.54,tp,30.15,122.11,True,2022-05-04 16:15:00,8093.0700000000015,8215.180000000002
buy,low_vol,ema_flipped,0.9717,14.4,21.6,0.73,sl,-14.4,-78.84,False,2022-05-05 05:45:00,8215.180000000002,8136.340000000002
sell,high_vol,rsi,1.0,30.4,45.599999999999994,0.36,sl,-30.4,-82.08,False,2022-05-06 11:15:00,8136.340000000002,8054.260000000002
sell,high_vol,rsi,1.0,29.6,44.400000000000006,0.36,sl,-29.6,-79.92,False,2022-05-06 11:30:00,8054.260000000002,7974.340000000002
sell,high_vol,rsi,1.0,28.6,42.900000000000006,0.37,sl,-28.6,-79.37,False,2022-05-06 12:00:00,7974.340000000002,7894.970000000002
sell,high_vol,rsi,1.0,21.3,31.950000000000003,0.49,tp,31.95,117.42,True,2022-05-09 13:00:00,7894.970000000002,8012.390000000002
sell,high_vol,rsi,1.0,21.1,31.650000000000002,0.51,tp,31.65,121.06,True,2022-05-09 13:15:00,8012.390000000002,8133.450000000003
sell,high_vol,rsi,1.0,21.8,32.7,0.5,sl,-21.8,-81.75,False,2022-05-09 13:30:00,8133.450000000003,8051.700000000003
sell,high_vol,rsi,1.0,23.3,34.95,0.46,sl,-23.3,-80.38,False,2022-05-09 17:30:00,8051.700000000003,7971.320000000002
sell,high_vol,rsi,1.0,24.0,36.0,0.44,sl,-24.0,-79.2,False,2022-05-09 17:45:00,7971.320000000002,7892.120000000003
sell,high_vol,rsi,1.0,23.5,35.25,0.45,sl,-23.5,-79.31,False,2022-05-09 18:00:00,7892.120000000003,7812.810000000002
sell,high_vol,rsi,1.0,23.3,34.95,0.45,sl,-23.3,-78.64,False,2022-05-09 18:15:00,7812.810000000002,7734.170000000002
sell,high_vol,rsi,1.0,22.8,34.2,0.45,sl,-22.8,-76.95,False,2022-05-09 18:30:00,7734.170000000002,7657.220000000002
sell,high_vol,rsi,1.0,22.6,33.900000000000006,0.45,sl,-22.6,-76.27,False,2022-05-09 18:45:00,7657.220000000002,7580.950000000002
sell,high_vol,rsi,1.0,21.7,32.55,0.47,sl,-21.7,-76.49,False,2022-05-09 19:00:00,7580.950000000002,7504.460000000002
sell,high_vol,rsi,1.0,20.3,30.450000000000003,0.49,sl,-20.3,-74.6,False,2022-05-09 19:15:00,7504.460000000002,7429.8600000000015
sell,high_vol,rsi,1.0,20.2,30.299999999999997,0.49,sl,-20.2,-74.23,False,2022-05-09 19:30:00,7429.8600000000015,7355.630000000002
sell,high_vol,rsi,1.0,19.4,29.099999999999998,0.51,sl,-19.4,-74.21,False,2022-05-09 19:45:00,7355.630000000002,7281.420000000002
sell,high_vol,rsi,1.0,19.6,29.400000000000002,0.5,sl,-19.6,-73.5,False,2022-05-09 20:00:00,7281.420000000002,7207.920000000002
sell,high_vol,rsi,1.0,19.2,28.799999999999997,0.5,sl,-19.2,-72.0,False,2022-05-09 20:15:00,7207.920000000002,7135.920000000002
buy,low_vol,ema_flipped,1.0,9.6,14.399999999999999,0.99,tp,14.4,106.92,True,2022-05-11 03:00:00,7135.920000000002,7242.840000000002
buy,high_vol,rsi,1.0,18.4,27.599999999999998,0.52,sl,-18.4,-71.76,False,2022-05-11 11:30:00,7242.840000000002,7171.080000000002
buy,high_vol,rsi,0.9999,18.0,27.0,0.53,tp,27.0,107.32,True,2022-05-11 11:45:00,7171.080000000002,7278.4000000000015
buy,high_vol,rsi,1.0,28.0,42.0,0.35,tp,42.0,110.25,True,2022-05-11 17:00:00,7278.4000000000015,7388.6500000000015
sell,low_vol,ema_flipped,1.0,11.0,16.5,0.9,tp,16.5,111.37,True,2022-05-12 06:30:00,7388.6500000000015,7500.020000000001
buy,high_vol,rsi,1.0,27.0,40.5,0.37,sl,-27.0,-74.92,False,2022-05-12 09:00:00,7500.020000000001,7425.100000000001
buy,high_vol,rsi,1.0,27.3,40.95,0.36,sl,-27.3,-73.71,False,2022-05-12 09:15:00,7425.100000000001,7351.390000000001
buy,high_vol,rsi,1.0,27.5,41.25,0.36,sl,-27.5,-74.25,False,2022-05-12 09:30:00,7351.390000000001,7277.140000000001
buy,high_vol,rsi,1.0,29.1,43.650000000000006,0.33,sl,-29.1,-72.02,False,2022-05-12 09:45:00,7277.140000000001,7205.120000000001
buy,high_vol,rsi,1.0,31.1,46.650000000000006,0.31,sl,-31.1,-72.31,False,2022-05-12 10:00:00,7205.120000000001,7132.81
buy,high_vol,rsi,1.0,31.0,46.5,0.31,sl,-31.0,-72.08,False,2022-05-12 10:45:00,7132.81,7060.7300000000005
buy,high_vol,rsi,1.0,30.9,46.349999999999994,0.3,sl,-30.9,-69.53,False,2022-05-12 11:00:00,7060.7300000000005,6991.200000000001
buy,high_vol,rsi,1.0,24.0,36.0,0.39,tp,36.0,105.3,True,2022-05-12 17:45:00,6991.200000000001,7096.500000000001
sell,high_vol,rsi,0.8917,13.3,19.950000000000003,0.6,tp,19.95,89.77,True,2022-05-13 08:00:00,7096.500000000001,7186.270000000001
sell,high_vol,rsi,0.9305,14.1,21.15,0.61,tp,21.15,96.76,True,2022-05-13 08:15:00,7186.270000000001,7283.030000000002
buy,high_vol,rsi,1.0,25.0,37.5,0.39,tp,37.5,109.69,True,2022-05-13 15:15:00,7283.030000000002,7392.720000000001
buy,high_vol,rsi,0.9245,15.8,23.700000000000003,0.56,tp,23.7,99.54,True,2022-05-15 22:00:00,7392.720000000001,7492.260000000001
buy,high_vol,rsi,0.9567,15.9,23.85,0.59,tp,23.85,105.54,True,2022-05-15 22:30:00,7492.260000000001,7597.800000000001
buy,high_vol,rsi,0.9626,16.0,24.0,0.6,tp,24.0,108.0,True,2022-05-15 22:45:00,7597.800000000001,7705.800000000001
buy,high_vol,rsi,0.9655,16.4,24.599999999999998,0.6,tp,24.6,110.7,True,2022-05-15 23:00:00,7705.800000000001,7816.500000000001
sell,low_vol,ema_flipped,0.709,13.8,20.700000000000003,0.44,tp,20.7,68.31,True,2022-05-16 08:30:00,7816.500000000001,7884.810000000001
sell,high_vol,rsi,1.0,26.4,39.599999999999994,0.4,tp,39.6,118.8,True,2022-05-17 13:30:00,7884.810000000001,8003.6100000000015
sell,high_vol,rsi,1.0,26.0,39.0,0.41,tp,39.0,119.93,True,2022-05-17 13:45:00,8003.6100000000015,8123.540000000002
sell,high_vol,rsi,1.0,26.4,39.599999999999994,0.41,tp,39.6,121.77,True,2022-05-17 14:00:00,8123.540000000002,8245.310000000001
sell,high_vol,rsi,1.0,26.1,39.150000000000006,0.42,tp,39.15,123.32,True,2022-05-17 14:15:00,8245.310000000001,8368.630000000001
sell,high_vol,rsi,1.0,34.8,52.199999999999996,0.32,tp,52.2,125.28,True,2022-05-19 15:45:00,8368.630000000001,8493.910000000002
sell,high_vol,rsi,1.0,34.6,51.900000000000006,0.33,tp,51.9,128.45,True,2022-05-19 16:00:00,8493.910000000002,8622.360000000002
sell,high_vol,rsi,1.0,34.1,51.150000000000006,0.34,tp,51.15,130.43,True,2022-05-19 16:15:00,8622.360000000002,8752.790000000003
sell,high_vol,rsi,1.0,35.1,52.650000000000006,0.33,tp,52.65,130.31,True,2022-05-19 16:45:00,8752.790000000003,8883.100000000002
sell,high_vol,rsi,1.0,22.9,34.349999999999994,0.52,sl,-22.9,-89.31,False,2022-05-23 09:45:00,8883.100000000002,8793.790000000003
sell,high_vol,rsi,1.0,26.0,39.0,0.45,tp,39.0,131.63,True,2022-05-23 10:00:00,8793.790000000003,8925.420000000002
sell,high_vol,rsi,1.0,13.5,20.25,0.88,sl,-13.5,-89.1,False,2022-05-24 08:00:00,8925.420000000002,8836.320000000002
sell,high_vol,rsi,1.0,15.2,22.799999999999997,0.78,sl,-15.2,-88.92,False,2022-05-24 08:15:00,8836.320000000002,8747.400000000001
sell,high_vol,rsi,1.0,16.9,25.349999999999998,0.69,tp,25.35,131.19,True,2022-05-24 08:30:00,8747.400000000001,8878.590000000002
sell,high_vol,rsi,0.9999,17.6,26.400000000000002,0.67,tp,26.4,132.66,True,2022-05-24 08:45:00,8878.590000000002,9011.250000000002
sell,high_vol,rsi,1.0,29.9,44.849999999999994,0.4,tp,44.85,134.55,True,2022-05-24 15:30:00,9011.250000000002,9145.800000000001
sell,high_vol,rsi,1.0,27.9,41.849999999999994,0.44,tp,41.85,138.11,True,2022-05-24 16:45:00,9145.800000000001,9283.910000000002
sell,high_vol,rsi,1.0,28.5,42.75,0.43,tp,42.75,137.87,True,2022-05-24 17:00:00,9283.910000000002,9421.780000000002
sell,high_vol,rsi,1.0,27.0,40.5,0.47,tp,40.5,142.76,True,2022-05-24 17:15:00,9421.780000000002,9564.540000000003
buy,low_vol,ema_flipped,0.9997,15.1,22.65,0.84,sl,-15.1,-95.13,False,2022-05-25 08:45:00,9564.540000000003,9469.410000000003
sell,low_vol,ema_flipped,1.0,11.4,17.1,1.11,tp,17.1,142.36,True,2022-05-26 03:00:00,9469.410000000003,9611.770000000004
buy,low_vol,ema_flipped,1.0,11.8,17.700000000000003,1.09,tp,17.7,144.7,True,2022-05-26 08:00:00,9611.770000000004,9756.470000000005
sell,high_vol,rsi,0.9912,16.9,25.349999999999998,0.76,tp,25.35,144.49,True,2022-05-26 11:30:00,9756.470000000005,9900.960000000005
sell,high_vol,rsi,0.9934,16.3,24.450000000000003,0.8,tp,24.45,146.7,True,2022-05-26 11:45:00,9900.960000000005,10047.660000000005
sell,low_vol,ema_flipped,1.0,9.5,14.25,1.41,tp,14.25,150.69,True,2022-05-27 01:45:00,10047.660000000005,10198.350000000006
buy,high_vol,rsi,0.9999,18.2,27.299999999999997,0.75,tp,27.3,153.56,True,2022-05-27 10:45:00,10198.350000000006,10351.910000000005
buy,high_vol,rsi,0.9992,17.7,26.549999999999997,0.78,sl,-17.7,-103.55,False,2022-05-27 11:30:00,10351.910000000005,10248.360000000006
buy,high_vol,rsi,1.0,18.4,27.599999999999998,0.74,tp,27.6,153.18,True,2022-05-27 11:45:00,10248.360000000006,10401.540000000006
buy,high_vol,rsi,1.0,20.4,30.599999999999998,0.68,sl,-20.4,-104.04,False,2022-06-01 15:00:00,10401.540000000006,10297.500000000005
buy,high_vol,rsi,1.0,21.7,32.55,0.63,tp,32.55,153.8,True,2022-06-01 15:15:00,10297.500000000005,10451.300000000005
sell,low_vol,ema_flipped,1.0,12.8,19.200000000000003,1.09,timeout,13.4,109.55,True,2022-06-02 09:00:00,10451.300000000005,10560.850000000004
sell,low_vol,ema_flipped,1.0,6.9,10.350000000000001,2.04,sl,-6.9,-105.57,False,2022-06-03 01:30:00,10560.850000000004,10455.280000000004
buy,low_vol,ema_flipped,1.0,12.3,18.450000000000003,1.13,sl,-12.3,-104.24,False,2022-06-03 09:45:00,10455.280000000004,10351.040000000005
buy,high_vol,rsi,0.9994,16.4,24.599999999999998,0.84,tp,24.6,154.98,True,2022-06-06 15:30:00,10351.040000000005,10506.020000000004
sell,low_vol,ema_flipped,0.9989,14.4,21.6,0.97,tp,21.6,157.14,True,2022-06-07 09:00:00,10506.020000000004,10663.160000000003
buy,low_vol,ema_flipped,0.9999,14.1,21.15,1.01,sl,-14.1,-106.81,False,2022-06-07 09:45:00,10663.160000000003,10556.350000000004
sell,high_vol,rsi,1.0,14.5,21.75,0.97,tp,21.75,158.23,True,2022-06-09 12:30:00,10556.350000000004,10714.580000000004
sell,high_vol,rsi,1.0,28.2,42.3,0.51,tp,42.3,161.8,True,2022-06-09 13:15:00,10714.580000000004,10876.380000000003
sell,high_vol,rsi,1.0,29.9,44.849999999999994,0.49,tp,44.85,164.82,True,2022-06-09 13:30:00,10876.380000000003,11041.200000000003
buy,high_vol,rsi,1.0,17.8,26.700000000000003,0.83,timeout,-1.4,-8.71,False,2022-06-10 19:15:00,11041.200000000003,11032.490000000003
sell,low_vol,ema_flipped,0.7203,13.8,20.700000000000003,0.64,sl,-13.8,-66.24,False,2022-06-14 08:00:00,11032.490000000003,10966.250000000004
sell,high_vol,rsi,1.0,17.7,26.549999999999997,0.83,sl,-17.7,-110.18,False,2022-06-14 08:30:00,10966.250000000004,10856.070000000003
sell,high_vol,rsi,1.0,18.6,27.900000000000002,0.78,sl,-18.6,-108.81,False,2022-06-14 08:45:00,10856.070000000003,10747.260000000004
sell,high_vol,rsi,1.0,20.0,30.0,0.72,sl,-20.0,-108.0,False,2022-06-14 09:00:00,10747.260000000004,10639.260000000004
sell,high_vol,rsi,1.0,21.7,32.55,0.65,tp,32.55,158.68,True,2022-06-14 09:15:00,10639.260000000004,10797.940000000004
sell,high_vol,rsi,1.0,22.7,34.05,0.63,tp,34.05,160.89,True,2022-06-14 09:30:00,10797.940000000004,10958.830000000004
sell,high_vol,rsi,1.0,23.7,35.55,0.62,tp,35.55,165.31,True,2022-06-14 09:45:00,10958.830000000004,11124.140000000003
sell,high_vol,rsi,1.0,24.6,36.900000000000006,0.6,tp,36.9,166.05,True,2022-06-14 10:00:00,11124.140000000003,11290.190000000002
sell,high_vol,rsi,1.0,17.9,26.849999999999998,0.84,tp,26.85,169.16,True,2022-06-14 19:15:00,11290.190000000002,11459.350000000002
sell,high_vol,rsi,1.0,14.4,21.6,1.06,tp,21.6,171.72,True,2022-06-15 06:30:00,11459.350000000002,11631.070000000002
buy,high_vol,rsi,1.0,25.8,38.7,0.6,sl,-25.8,-116.1,False,2022-06-15 13:00:00,11631.070000000002,11514.970000000001
buy,high_vol,rsi,1.0,26.0,39.0,0.59,sl,-26.0,-115.05,False,2022-06-15 13:15:00,11514.970000000001,11399.920000000002
buy,high_vol,rsi,1.0,28.4,42.599999999999994,0.54,sl,-28.4,-115.02,False,2022-06-15 14:00:00,11399.920000000002,11284.900000000001
sell,high_vol,rsi,1.0,40.4,60.599999999999994,0.37,sl,-40.4,-112.11,False,2022-06-16 15:30:00,11284.900000000001,11172.79
sell,high_vol,rsi,1.0,39.1,58.650000000000006,0.38,sl,-39.1,-111.44,False,2022-06-16 15:45:00,11172.79,11061.35
sell,high_vol,rsi,1.0,38.0,57.0,0.39,sl,-38.0,-111.15,False,2022-06-16 16:00:00,11061.35,10950.2
sell,high_vol,rsi,1.0,37.5,56.25,0.39,sl,-37.5,-109.69,False,2022-06-16 16:15:00,10950.2,10840.51
sell,high_vol,rsi,1.0,39.5,59.25,0.37,sl,-39.5,-109.61,False,2022-06-16 16:30:00,10840.51,10730.9
sell,high_vol,rsi,1.0,38.4,57.599999999999994,0.37,sl,-38.4,-106.56,False,2022-06-16 16:45:00,10730.9,10624.34
sell,high_vol,rsi,1.0,38.4,57.599999999999994,0.37,sl,-38.4,-106.56,False,2022-06-16 17:00:00,10624.34,10517.78
sell,high_vol,rsi,1.0,39.4,59.099999999999994,0.36,sl,-39.4,-106.38,False,2022-06-16 17:15:00,10517.78,10411.400000000001
sell,high_vol,rsi,1.0,35.6,53.400000000000006,0.39,sl,-35.6,-104.13,False,2022-06-16 17:30:00,10411.400000000001,10307.270000000002
sell,high_vol,rsi,1.0,33.4,50.099999999999994,0.41,sl,-33.4,-102.7,False,2022-06-16 17:45:00,10307.270000000002,10204.570000000002
sell,high_vol,rsi,1.0,31.4,47.099999999999994,0.43,sl,-31.4,-101.26,False,2022-06-16 18:00:00,10204.570000000002,10103.310000000001
sell,high_vol,rsi,1.0,31.3,46.95,0.43,sl,-31.3,-100.94,False,2022-06-16 18:15:00,10103.310000000001,10002.37
sell,high_vol,rsi,1.0,32.9,49.349999999999994,0.41,timeout,-11.5,-35.36,False,2022-06-16 18:30:00,10002.37,9967.01
sell,high_vol,rsi,1.0,31.4,47.099999999999994,0.42,timeout,-4.1,-12.92,False,2022-06-16 18:45:00,9967.01,9954.09
sell,high_vol,rsi,1.0,27.8,41.7,0.48,timeout,10.8,38.88,True,2022-06-16 19:45:00,9954.09,9992.97
buy,low_vol,ema_flipped,1.0,13.6,20.4,0.98,sl,-13.6,-99.96,False,2022-06-20 19:15:00,9992.97,9893.01
sell,high_vol,rsi,1.0,19.3,28.950000000000003,0.68,sl,-19.3,-98.43,False,2022-06-21 10:15:00,9893.01,9794.58
sell,high_vol,rsi,1.0,19.4,29.099999999999998,0.67,sl,-19.4,-97.49,False,2022-06-21 10:30:00,9794.58,9697.09
sell,high_vol,rsi,1.0,19.5,29.25,0.66,sl,-19.5,-96.52,False,2022-06-21 10:45:00,9697.09,9600.57
sell,high_vol,rsi,1.0,18.9,28.349999999999998,0.68,sl,-18.9,-96.39,False,2022-06-21 11:30:00,9600.57,9504.18
sell,high_vol,rsi,1.0,18.7,28.049999999999997,0.68,sl,-18.7,-95.37,False,2022-06-21 11:45:00,9504.18,9408.81
sell,high_vol,rsi,1.0,17.9,26.849999999999998,0.7,tp,26.85,140.96,True,2022-06-23 20:15:00,9408.81,9549.769999999999
buy,low_vol,ema_flipped,1.0,12.1,18.15,1.05,sl,-12.1,-95.29,False,2022-06-27 21:45:00,9549.769999999999,9454.479999999998
buy,high_vol,rsi,1.0,19.1,28.650000000000002,0.66,tp,28.65,141.82,True,2022-06-28 14:00:00,9454.479999999998,9596.299999999997
buy,high_vol,rsi,1.0,18.8,28.200000000000003,0.68,tp,28.2,143.82,True,2022-06-28 14:15:00,9596.299999999997,9740.119999999997
buy,high_vol,rsi,1.0,19.9,29.849999999999998,0.65,tp,29.85,145.52,True,2022-06-28 14:30:00,9740.119999999997,9885.639999999998
buy,high_vol,rsi,1.0,21.5,32.25,0.61,tp,32.25,147.54,True,2022-06-28 14:45:00,9885.639999999998,10033.179999999998
buy,high_vol,rsi,1.0,22.7,34.05,0.59,tp,34.05,150.67,True,2022-06-28 15:00:00,10033.179999999998,10183.849999999999
buy,high_vol,rsi,1.0,22.7,34.05,0.6,tp,34.05,153.23,True,2022-06-28 15:15:00,10183.849999999999,10337.079999999998
buy,high_vol,rsi,1.0,20.8,31.200000000000003,0.66,sl,-20.8,-102.96,False,2022-06-30 11:45:00,10337.079999999998,10234.119999999999
buy,high_vol,rsi,1.0,20.5,30.75,0.67,sl,-20.5,-103.01,False,2022-06-30 12:00:00,10234.119999999999,10131.109999999999
buy,high_vol,rsi,1.0,20.4,30.599999999999998,0.66,sl,-20.4,-100.98,False,2022-06-30 12:15:00,10131.109999999999,10030.13
buy,high_vol,rsi,0.9997,17.2,25.799999999999997,0.78,sl,-17.2,-100.62,False,2022-06-30 13:00:00,10030.13,9929.509999999998
buy,high_vol,rsi,1.0,18.1,27.150000000000002,0.73,sl,-18.1,-99.1,False,2022-06-30 13:15:00,9929.509999999998,9830.409999999998
buy,high_vol,rsi,1.0,20.4,30.599999999999998,0.64,tp,30.6,146.88,True,2022-06-30 13:30:00,9830.409999999998,9977.289999999997
buy,high_vol,rsi,1.0,21.2,31.799999999999997,0.63,tp,31.8,150.25,True,2022-06-30 14:00:00,9977.289999999997,10127.539999999997
buy,high_vol,rsi,1.0,20.1,30.150000000000002,0.67,sl,-20.1,-101.0,False,2022-07-01 14:30:00,10127.539999999997,10026.539999999997
buy,high_vol,rsi,1.0,20.7,31.049999999999997,0.65,sl,-20.7,-100.91,False,2022-07-01 14:45:00,10026.539999999997,9925.629999999997
buy,high_vol,rsi,1.0,22.7,34.05,0.58,sl,-22.7,-98.74,False,2022-07-01 15:00:00,9925.629999999997,9826.889999999998
buy,high_vol,rsi,1.0,23.8,35.7,0.55,tp,35.7,147.26,True,2022-07-01 15:15:00,9826.889999999998,9974.149999999998
buy,high_vol,rsi,1.0,23.8,35.7,0.56,tp,35.7,149.94,True,2022-07-01 15:30:00,9974.149999999998,10124.089999999998
buy,high_vol,rsi,1.0,25.0,37.5,0.54,sl,-25.0,-101.25,False,2022-07-01 15:45:00,10124.089999999998,10022.839999999998
buy,high_vol,rsi,1.0,25.1,37.650000000000006,0.53,sl,-25.1,-99.77,False,2022-07-01 16:00:00,10022.839999999998,9923.069999999998
buy,high_vol,rsi,1.0,26.1,39.150000000000006,0.51,sl,-26.1,-99.83,False,2022-07-01 16:15:00,9923.069999999998,9823.239999999998
buy,high_vol,rsi,1.0,21.5,32.25,0.61,sl,-21.5,-98.36,False,2022-07-05 09:00:00,9823.239999999998,9724.879999999997
buy,high_vol,rsi,1.0,23.5,35.25,0.55,sl,-23.5,-96.94,False,2022-07-05 09:15:00,9724.879999999997,9627.939999999997
buy,high_vol,rsi,1.0,24.1,36.150000000000006,0.53,sl,-24.1,-95.8,False,2022-07-05 09:30:00,9627.939999999997,9532.139999999998
buy,high_vol,rsi,1.0,26.4,39.599999999999994,0.48,timeout,3.6,12.96,True,2022-07-05 09:45:00,9532.139999999998,9545.099999999997
buy,high_vol,rsi,1.0,27.5,41.25,0.46,sl,-27.5,-94.88,False,2022-07-05 10:00:00,9545.099999999997,9450.219999999998
buy,high_vol,rsi,1.0,28.3,42.45,0.45,timeout,0.8,2.7,True,2022-07-05 10:15:00,9450.219999999998,9452.919999999998
buy,high_vol,rsi,1.0,28.4,42.599999999999994,0.44,timeout,11.0,36.3,True,2022-07-05 10:30:00,9452.919999999998,9489.219999999998
buy,high_vol,rsi,1.0,29.7,44.55,0.43,timeout,15.6,50.31,True,2022-07-05 10:45:00,9489.219999999998,9539.529999999997
buy,high_vol,rsi,1.0,29.8,44.7,0.43,timeout,13.8,44.51,True,2022-07-05 11:00:00,9539.529999999997,9584.039999999997
buy,high_vol,rsi,1.0,29.4,44.099999999999994,0.43,timeout,12.2,39.34,True,2022-07-05 11:15:00,9584.039999999997,9623.379999999997
buy,high_vol,rsi,1.0,26.6,39.900000000000006,0.48,timeout,3.7,13.32,True,2022-07-05 11:30:00,9623.379999999997,9636.699999999997
sell,high_vol,rsi,1.0,24.2,36.3,0.53,sl,-24.2,-96.2,False,2022-07-05 13:45:00,9636.699999999997,9540.499999999996
sell,high_vol,rsi,1.0,25.5,38.25,0.5,sl,-25.5,-95.63,False,2022-07-05 14:00:00,9540.499999999996,9444.869999999997
buy,high_vol,rsi,1.0,21.6,32.400000000000006,0.58,sl,-21.6,-93.96,False,2022-07-06 10:45:00,9444.869999999997,9350.909999999998
buy,high_vol,rsi,1.0,22.5,33.75,0.55,sl,-22.5,-92.81,False,2022-07-06 11:00:00,9350.909999999998,9258.099999999999
buy,high_vol,rsi,1.0,22.2,33.3,0.56,sl,-22.2,-93.24,False,2022-07-06 11:15:00,9258.099999999999,9164.859999999999
buy,high_vol,rsi,1.0,22.3,33.45,0.55,sl,-22.3,-91.99,False,2022-07-06 11:30:00,9164.859999999999,9072.869999999999
buy,high_vol,rsi,1.0,23.2,34.8,0.52,sl,-23.2,-90.48,False,2022-07-06 11:45:00,9072.869999999999,8982.39
buy,high_vol,rsi,1.0,23.5,35.25,0.51,sl,-23.5,-89.89,False,2022-07-06 12:00:00,8982.39,8892.5
buy,high_vol,rsi,1.0,23.7,35.55,0.5,sl,-23.7,-88.87,False,2022-07-06 12:15:00,8892.5,8803.63
buy,high_vol,rsi,1.0,23.1,34.650000000000006,0.51,sl,-23.1,-88.36,False,2022-07-06 12:30:00,8803.63,8715.269999999999
buy,high_vol,rsi,1.0,24.1,36.150000000000006,0.48,sl,-24.1,-86.76,False,2022-07-06 12:45:00,8715.269999999999,8628.509999999998
buy,high_vol,rsi,1.0,23.7,35.55,0.49,sl,-23.7,-87.1,False,2022-07-06 13:00:00,8628.509999999998,8541.409999999998
buy,high_vol,rsi,1.0,23.6,35.400000000000006,0.48,tp,35.4,127.44,True,2022-07-06 13:15:00,8541.409999999998,8668.849999999999
buy,high_vol,rsi,1.0,23.7,35.55,0.49,tp,35.55,130.65,True,2022-07-06 13:30:00,8668.849999999999,8799.499999999998
buy,high_vol,rsi,1.0,23.9,35.849999999999994,0.49,tp,35.85,131.75,True,2022-07-06 13:45:00,8799.499999999998,8931.249999999998
sell,high_vol,rsi,1.0,20.7,31.049999999999997,0.58,sl,-20.7,-90.05,False,2022-07-08 12:00:00,8931.249999999998,8841.199999999999
buy,high_vol,rsi,0.9992,17.2,25.799999999999997,0.68,sl,-17.2,-87.72,False,2022-07-11 18:30:00,8841.199999999999,8753.48
sell,high_vol,rsi,0.9999,17.2,25.799999999999997,0.68,sl,-17.2,-87.72,False,2022-07-14 11:00:00,8753.48,8665.76
sell,high_vol,rsi,1.0,17.7,26.549999999999997,0.65,sl,-17.7,-86.29,False,2022-07-14 11:15:00,8665.76,8579.47
sell,high_vol,rsi,1.0,18.8,28.200000000000003,0.61,sl,-18.8,-86.01,False,2022-07-14 11:30:00,8579.47,8493.46
sell,high_vol,rsi,1.0,19.6,29.400000000000002,0.58,sl,-19.6,-85.26,False,2022-07-14 11:45:00,8493.46,8408.199999999999
sell,high_vol,rsi,1.0,20.8,31.200000000000003,0.54,sl,-20.8,-84.24,False,2022-07-14 12:00:00,8408.199999999999,8323.96
sell,high_vol,rsi,1.0,22.5,33.75,0.49,sl,-22.5,-82.69,False,2022-07-14 12:15:00,8323.96,8241.269999999999
sell,high_vol,rsi,1.0,22.2,33.3,0.49,sl,-22.2,-81.59,False,2022-07-14 12:30:00,8241.269999999999,8159.6799999999985
sell,high_vol,rsi,1.0,23.8,35.7,0.46,sl,-23.8,-82.11,False,2022-07-14 12:45:00,8159.6799999999985,8077.569999999999
sell,high_vol,rsi,1.0,24.0,36.0,0.45,sl,-24.0,-81.0,False,2022-07-14 13:00:00,8077.569999999999,7996.569999999999
sell,high_vol,rsi,1.0,25.1,37.650000000000006,0.42,sl,-25.1,-79.07,False,2022-07-14 13:15:00,7996.569999999999,7917.499999999999
sell,high_vol,rsi,1.0,24.0,36.0,0.44,sl,-24.0,-79.2,False,2022-07-14 13:30:00,7917.499999999999,7838.299999999999
sell,high_vol,rsi,1.0,23.7,35.55,0.44,sl,-23.7,-78.21,False,2022-07-14 13:45:00,7838.299999999999,7760.089999999999
sell,high_vol,rsi,1.0,23.4,35.099999999999994,0.44,sl,-23.4,-77.22,False,2022-07-14 14:00:00,7760.089999999999,7682.869999999999
sell,high_vol,rsi,1.0,23.1,34.650000000000006,0.44,sl,-23.1,-76.23,False,2022-07-14 14:15:00,7682.869999999999,7606.639999999999
sell,high_vol,rsi,1.0,24.1,36.150000000000006,0.42,sl,-24.1,-75.92,False,2022-07-14 14:30:00,7606.639999999999,7530.719999999999
sell,high_vol,rsi,1.0,25.0,37.5,0.4,sl,-25.0,-75.0,False,2022-07-14 14:45:00,7530.719999999999,7455.719999999999
sell,high_vol,rsi,1.0,25.3,37.95,0.39,sl,-25.3,-74.0,False,2022-07-14 15:00:00,7455.719999999999,7381.719999999999
sell,high_vol,rsi,1.0,25.1,37.650000000000006,0.39,sl,-25.1,-73.42,False,2022-07-14 15:15:00,7381.719999999999,7308.299999999999
sell,low_vol,ema_flipped,1.0,10.0,15.0,0.97,tp,15.0,109.13,True,2022-07-18 04:15:00,7308.299999999999,7417.429999999999
buy,low_vol,ema_flipped,1.0,9.2,13.799999999999999,1.07,sl,-9.2,-73.83,False,2022-07-18 06:45:00,7417.429999999999,7343.599999999999
sell,high_vol,rsi,1.0,17.4,26.099999999999998,0.56,tp,26.1,109.62,True,2022-07-18 11:00:00,7343.599999999999,7453.219999999999
buy,low_vol,ema_flipped,0.9928,12.0,18.0,0.82,tp,18.0,110.7,True,2022-07-19 06:45:00,7453.219999999999,7563.919999999999
sell,low_vol,ema_flipped,0.8879,13.9,20.85,0.61,sl,-13.9,-63.59,False,2022-07-19 09:45:00,7563.919999999999,7500.329999999999
sell,high_vol,rsi,0.999,15.4,23.1,0.65,sl,-15.4,-75.08,False,2022-07-19 10:15:00,7500.329999999999,7425.249999999999
sell,high_vol,rsi,1.0,19.2,28.799999999999997,0.52,sl,-19.2,-74.88,False,2022-07-19 10:30:00,7425.249999999999,7350.369999999999
sell,high_vol,rsi,1.0,23.5,35.25,0.42,sl,-23.5,-74.03,False,2022-07-19 10:45:00,7350.369999999999,7276.339999999999
sell,high_vol,rsi,1.0,24.7,37.05,0.39,sl,-24.7,-72.25,False,2022-07-19 11:00:00,7276.339999999999,7204.089999999999
sell,high_vol,rsi,1.0,25.0,37.5,0.38,sl,-25.0,-71.25,False,2022-07-19 11:15:00,7204.089999999999,7132.839999999999
sell,high_vol,rsi,1.0,25.6,38.400000000000006,0.37,sl,-25.6,-71.04,False,2022-07-19 11:30:00,7132.839999999999,7061.799999999999
sell,high_vol,rsi,1.0,27.4,41.099999999999994,0.34,tp,41.1,104.81,True,2022-07-19 11:45:00,7061.799999999999,7166.61
sell,high_vol,rsi,1.0,31.6,47.400000000000006,0.3,tp,47.4,106.65,True,2022-07-19 12:30:00,7166.61,7273.259999999999
sell,high_vol,rsi,1.0,34.3,51.449999999999996,0.28,tp,51.45,108.04,True,2022-07-19 13:00:00,7273.259999999999,7381.299999999999
buy,low_vol,ema_flipped,0.9043,13.2,19.799999999999997,0.64,timeout,-3.6,-17.28,False,2022-07-19 22:30:00,7381.299999999999,7364.0199999999995
buy,high_vol,rsi,1.0,27.0,40.5,0.36,tp,40.5,109.35,True,2022-07-20 13:45:00,7364.0199999999995,7473.37
buy,high_vol,rsi,1.0,22.9,34.349999999999994,0.44,tp,34.35,113.36,True,2022-07-20 20:15:00,7473.37,7586.73
buy,high_vol,rsi,1.0,22.7,34.05,0.45,tp,34.05,114.92,True,2022-07-20 20:30:00,7586.73,7701.65
sell,low_vol,ema_flipped,0.9983,12.3,18.450000000000003,0.83,tp,18.45,114.85,True,2022-07-21 09:00:00,7701.65,7816.5
sell,high_vol,rsi,1.0,25.1,37.650000000000006,0.42,tp,37.65,118.6,True,2022-07-21 15:15:00,7816.5,7935.1
sell,high_vol,rsi,1.0,25.1,37.650000000000006,0.42,tp,37.65,118.6,True,2022-07-21 15:30:00,7935.1,8053.700000000001
sell,high_vol,rsi,1.0,26.0,39.0,0.41,tp,39.0,119.93,True,2022-07-21 15:45:00,8053.700000000001,8173.630000000001
sell,high_vol,rsi,0.9966,14.6,21.9,0.74,sl,-14.6,-81.03,False,2022-07-21 23:00:00,8173.630000000001,8092.600000000001
sell,high_vol,rsi,0.9618,15.4,23.1,0.66,timeout,-9.0,-44.55,False,2022-07-21 23:15:00,8092.600000000001,8048.050000000001
sell,low_vol,ema_flipped,0.9998,13.9,20.85,0.77,timeout,-0.3,-1.73,False,2022-07-22 00:30:00,8048.050000000001,8046.3200000000015
buy,low_vol,ema_flipped,1.0,9.7,14.549999999999999,1.11,sl,-9.7,-80.75,False,2022-07-22 05:00:00,8046.3200000000015,7965.5700000000015
buy,high_vol,rsi,1.0,18.8,28.200000000000003,0.56,tp,28.2,118.44,True,2022-07-22 10:30:00,7965.5700000000015,8084.010000000001
buy,high_vol,rsi,1.0,20.9,31.349999999999998,0.52,tp,31.35,122.27,True,2022-07-22 10:45:00,8084.010000000001,8206.28
buy,high_vol,rsi,1.0,22.1,33.150000000000006,0.5,tp,33.15,124.31,True,2022-07-22 11:00:00,8206.28,8330.59
buy,high_vol,rsi,1.0,23.3,34.95,0.48,sl,-23.3,-83.88,False,2022-07-26 14:45:00,8330.59,8246.710000000001
buy,high_vol,rsi,1.0,23.9,35.849999999999994,0.46,tp,35.85,123.68,True,2022-07-26 15:00:00,8246.710000000001,8370.390000000001
buy,high_vol,rsi,1.0,22.8,34.2,0.49,sl,-22.8,-83.79,False,2022-07-26 15:30:00,8370.390000000001,8286.6
sell,high_vol,rsi,0.9999,16.5,24.75,0.67,tp,24.75,124.37,True,2022-07-27 14:00:00,8286.6,8410.970000000001
sell,high_vol,rsi,1.0,26.7,40.05,0.42,timeout,-8.7,-27.4,False,2022-07-27 22:45:00,8410.970000000001,8383.570000000002
buy,high_vol,rsi,1.0,24.9,37.349999999999994,0.45,tp,37.35,126.06,True,2022-07-28 14:45:00,8383.570000000002,8509.630000000001
sell,low_vol,ema_flipped,1.0,9.6,14.399999999999999,1.18,sl,-9.6,-84.96,False,2022-07-29 01:00:00,8509.630000000001,8424.670000000002
buy,low_vol,ema_flipped,1.0,8.1,12.149999999999999,1.39,tp,12.15,126.66,True,2022-07-29 03:00:00,8424.670000000002,8551.330000000002
sell,low_vol,ema_flipped,1.0,8.7,13.049999999999999,1.31,sl,-8.7,-85.48,False,2022-07-29 03:30:00,8551.330000000002,8465.850000000002
buy,high_vol,rsi,1.0,27.6,41.400000000000006,0.41,tp,41.4,127.31,True,2022-07-29 17:00:00,8465.850000000002,8593.160000000002
buy,high_vol,rsi,1.0,27.3,40.95,0.42,tp,40.95,128.99,True,2022-07-29 17:15:00,8593.160000000002,8722.150000000001
sell,high_vol,rsi,1.0,24.4,36.599999999999994,0.48,sl,-24.4,-87.84,False,2022-08-01 17:30:00,8722.150000000001,8634.310000000001
sell,high_vol,rsi,1.0,24.4,36.599999999999994,0.47,sl,-24.4,-86.01,False,2022-08-01 17:45:00,8634.310000000001,8548.300000000001
sell,high_vol,rsi,1.0,24.5,36.75,0.47,sl,-24.5,-86.36,False,2022-08-01 18:00:00,8548.300000000001,8461.94
sell,high_vol,rsi,1.0,24.7,37.05,0.46,sl,-24.7,-85.21,False,2022-08-01 18:15:00,8461.94,8376.730000000001
sell,high_vol,rsi,1.0,24.6,36.900000000000006,0.45,sl,-24.6,-83.02,False,2022-08-01 18:30:00,8376.730000000001,8293.710000000001
sell,high_vol,rsi,1.0,24.6,36.900000000000006,0.45,sl,-24.6,-83.02,False,2022-08-01 18:45:00,8293.710000000001,8210.69
sell,high_vol,rsi,1.0,23.8,35.7,0.46,sl,-23.8,-82.11,False,2022-08-01 19:00:00,8210.69,8128.580000000001
sell,high_vol,rsi,1.0,24.4,36.599999999999994,0.44,sl,-24.4,-80.52,False,2022-08-01 19:15:00,8128.580000000001,8048.06
sell,high_vol,rsi,1.0,20.9,31.349999999999998,0.51,sl,-20.9,-79.94,False,2022-08-01 19:30:00,8048.06,7968.120000000001
sell,high_vol,rsi,1.0,20.6,30.900000000000002,0.52,sl,-20.6,-80.34,False,2022-08-01 19:45:00,7968.120000000001,7887.780000000001
buy,high_vol,rsi,1.0,22.3,33.45,0.47,timeout,3.1,10.93,True,2022-08-02 20:00:00,7887.780000000001,7898.710000000001
buy,high_vol,rsi,1.0,21.1,31.650000000000002,0.5,timeout,6.5,24.38,True,2022-08-02 20:15:00,7898.710000000001,7923.090000000001
buy,high_vol,rsi,0.9999,18.8,28.200000000000003,0.56,sl,-18.8,-78.96,False,2022-08-02 20:45:00,7923.090000000001,7844.130000000001
buy,high_vol,rsi,0.9998,18.3,27.450000000000003,0.57,sl,-18.3,-78.23,False,2022-08-02 21:00:00,7844.130000000001,7765.9000000000015
buy,high_vol,rsi,1.0,21.7,32.55,0.48,tp,32.55,117.18,True,2022-08-03 17:15:00,7765.9000000000015,7883.080000000002
buy,high_vol,rsi,1.0,23.5,35.25,0.45,tp,35.25,118.97,True,2022-08-03 17:30:00,7883.080000000002,8002.050000000002
sell,low_vol,ema_flipped,0.9426,15.4,23.1,0.64,tp,23.1,110.88,True,2022-08-04 11:45:00,8002.050000000002,8112.930000000002
sell,high_vol,rsi,1.0,25.6,38.400000000000006,0.42,sl,-25.6,-80.64,False,2022-08-04 18:00:00,8112.930000000002,8032.290000000002
sell,high_vol,rsi,1.0,24.5,36.75,0.44,sl,-24.5,-80.85,False,2022-08-04 18:15:00,8032.290000000002,7951.440000000001
sell,high_vol,rsi,1.0,24.3,36.45,0.44,sl,-24.3,-80.19,False,2022-08-04 18:30:00,7951.440000000001,7871.250000000002
sell,high_vol,rsi,1.0,23.4,35.099999999999994,0.45,sl,-23.4,-78.98,False,2022-08-04 19:15:00,7871.250000000002,7792.270000000002
sell,high_vol,rsi,1.0,23.2,34.8,0.45,timeout,-7.4,-24.98,False,2022-08-04 19:30:00,7792.270000000002,7767.290000000003
sell,high_vol,rsi,1.0,23.0,34.5,0.45,timeout,-2.4,-8.1,False,2022-08-04 19:45:00,7767.290000000003,7759.190000000002
buy,low_vol,ema_flipped,1.0,9.1,13.649999999999999,1.14,sl,-9.1,-77.8,False,2022-08-08 09:45:00,7759.190000000002,7681.390000000002
sell,low_vol,ema_flipped,0.9924,13.8,20.700000000000003,0.73,timeout,16.6,90.88,True,2022-08-09 11:15:00,7681.390000000002,7772.270000000002
sell,high_vol,rsi,0.7097,16.3,24.450000000000003,0.37,sl,-16.3,-45.23,False,2022-08-10 15:15:00,7772.270000000002,7727.040000000003
sell,high_vol,rsi,1.0,23.7,35.55,0.43,tp,35.55,114.65,True,2022-08-10 15:30:00,7727.040000000003,7841.690000000002
sell,high_vol,rsi,1.0,24.6,36.900000000000006,0.43,tp,36.9,119.0,True,2022-08-10 15:45:00,7841.690000000002,7960.690000000002
buy,high_vol,rsi,1.0,24.8,37.2,0.43,sl,-24.8,-79.98,False,2022-08-10 19:00:00,7960.690000000002,7880.710000000003
buy,high_vol,rsi,1.0,24.4,36.599999999999994,0.43,sl,-24.4,-78.69,False,2022-08-10 19:15:00,7880.710000000003,7802.020000000003
buy,high_vol,rsi,1.0,20.9,31.349999999999998,0.5,sl,-20.9,-78.37,False,2022-08-10 19:45:00,7802.020000000003,7723.650000000003
buy,high_vol,rsi,1.0,19.1,28.650000000000002,0.54,sl,-19.1,-77.36,False,2022-08-10 20:00:00,7723.650000000003,7646.290000000004
buy,high_vol,rsi,1.0,18.8,28.200000000000003,0.54,sl,-18.8,-76.14,False,2022-08-10 20:15:00,7646.290000000004,7570.150000000003
buy,low_vol,ema_flipped,1.0,10.8,16.200000000000003,0.93,sl,-10.8,-75.33,False,2022-08-10 23:30:00,7570.150000000003,7494.820000000003
sell,low_vol,ema_flipped,0.9993,15.7,23.549999999999997,0.64,sl,-15.7,-75.36,False,2022-08-11 11:30:00,7494.820000000003,7419.460000000004
sell,low_vol,ema_flipped,1.0,10.1,15.149999999999999,0.98,tp,15.15,111.35,True,2022-08-12 01:15:00,7419.460000000004,7530.810000000004
buy,low_vol,ema_flipped,1.0,7.9,11.850000000000001,1.27,sl,-7.9,-75.25,False,2022-08-12 03:00:00,7530.810000000004,7455.560000000004
sell,low_vol,ema_flipped,0.9944,13.5,20.25,0.73,tp,20.25,110.87,True,2022-08-15 11:15:00,7455.560000000004,7566.430000000004
buy,high_vol,rsi,0.9389,18.8,28.200000000000003,0.49,sl,-18.8,-69.09,False,2022-08-15 19:30:00,7566.430000000004,7497.340000000004
buy,high_vol,rsi,0.7153,17.7,26.549999999999997,0.34,sl,-17.7,-45.14,False,2022-08-15 19:45:00,7497.340000000004,7452.2000000000035
buy,low_vol,ema_flipped,0.9343,15.4,23.1,0.58,sl,-15.4,-66.99,False,2022-08-15 20:30:00,7452.2000000000035,7385.210000000004
sell,low_vol,ema_flipped,0.9449,15.6,23.4,0.58,sl,-15.6,-67.86,False,2022-08-17 12:00:00,7385.210000000004,7317.350000000004
sell,high_vol,rsi,0.9353,11.8,17.700000000000003,0.75,tp,17.7,99.56,True,2022-08-19 11:15:00,7317.350000000004,7416.910000000004
buy,high_vol,rsi,0.7836,11.5,17.25,0.59,sl,-11.5,-50.89,False,2022-08-22 11:00:00,7416.910000000004,7366.020000000004
buy,high_vol,rsi,1.0,14.5,21.75,0.68,sl,-14.5,-73.95,False,2022-08-22 12:00:00,7366.020000000004,7292.070000000004
buy,high_vol,rsi,1.0,15.4,23.1,0.63,sl,-15.4,-72.77,False,2022-08-22 12:15:00,7292.070000000004,7219.300000000004
buy,high_vol,rsi,1.0,15.3,22.950000000000003,0.63,sl,-15.3,-72.29,False,2022-08-22 12:30:00,7219.300000000004,7147.010000000004
buy,high_vol,rsi,1.0,15.4,23.1,0.62,sl,-15.4,-71.61,False,2022-08-22 12:45:00,7147.010000000004,7075.400000000004
buy,high_vol,rsi,1.0,15.9,23.85,0.59,tp,23.85,105.54,True,2022-08-22 13:00:00,7075.400000000004,7180.940000000004
buy,high_vol,rsi,1.0,15.8,23.700000000000003,0.61,sl,-15.8,-72.28,False,2022-08-22 13:15:00,7180.940000000004,7108.660000000004
buy,high_vol,rsi,1.0,15.4,23.1,0.62,tp,23.1,107.42,True,2022-08-22 13:30:00,7108.660000000004,7216.0800000000045
buy,high_vol,rsi,1.0,19.9,29.849999999999998,0.48,timeout,-0.6,-2.16,False,2022-08-23 20:15:00,7216.0800000000045,7213.920000000005
buy,high_vol,rsi,1.0,16.6,24.900000000000002,0.58,sl,-16.6,-72.21,False,2022-08-25 13:30:00,7213.920000000005,7141.710000000005
sell,low_vol,ema_flipped,1.0,6.9,10.350000000000001,1.38,tp,10.35,107.12,True,2022-08-26 07:00:00,7141.710000000005,7248.8300000000045
buy,low_vol,ema_flipped,1.0,6.3,9.45,1.53,sl,-6.3,-72.29,False,2022-08-26 08:45:00,7248.8300000000045,7176.5400000000045
buy,high_vol,rsi,0.7193,8.3,12.450000000000001,0.69,tp,12.45,64.43,True,2022-08-26 09:45:00,7176.5400000000045,7240.970000000005
sell,high_vol,rsi,1.0,15.0,22.5,0.64,tp,22.5,108.0,True,2022-08-26 13:15:00,7240.970000000005,7348.970000000005
sell,high_vol,rsi,0.9999,15.0,22.5,0.65,tp,22.5,109.69,True,2022-08-26 13:30:00,7348.970000000005,7458.660000000004
sell,high_vol,rsi,0.6582,9.2,13.799999999999999,0.55,sl,-9.2,-37.95,False,2022-08-29 09:30:00,7458.660000000004,7420.710000000005
sell,high_vol,rsi,0.9997,11.6,17.4,0.85,tp,17.4,110.93,True,2022-08-29 10:00:00,7420.710000000005,7531.640000000005
sell,high_vol,rsi,0.9967,12.2,18.299999999999997,0.82,tp,18.3,112.54,True,2022-08-29 10:15:00,7531.640000000005,7644.180000000005
buy,high_vol,rsi,1.0,20.9,31.349999999999998,0.49,timeout,8.6,31.61,True,2022-08-29 18:45:00,7644.180000000005,7675.7900000000045
sell,high_vol,rsi,1.0,25.8,38.7,0.4,tp,38.7,116.1,True,2022-08-30 19:00:00,7675.7900000000045,7791.890000000005
sell,high_vol,rsi,1.0,25.7,38.55,0.4,tp,38.55,115.65,True,2022-08-30 19:15:00,7791.890000000005,7907.5400000000045
sell,high_vol,rsi,1.0,24.3,36.45,0.43,tp,36.45,117.55,True,2022-08-30 19:30:00,7907.5400000000045,8025.090000000005
sell,high_vol,rsi,1.0,24.6,36.900000000000006,0.43,tp,36.9,119.0,True,2022-08-30 19:45:00,8025.090000000005,8144.090000000005
sell,high_vol,rsi,1.0,22.2,33.3,0.49,sl,-22.2,-81.59,False,2022-08-31 17:00:00,8144.090000000005,8062.500000000005
sell,high_vol,rsi,1.0,23.2,34.8,0.46,sl,-23.2,-80.04,False,2022-08-31 17:15:00,8062.500000000005,7982.460000000005
sell,high_vol,rsi,1.0,23.7,35.55,0.45,sl,-23.7,-79.99,False,2022-08-31 17:30:00,7982.460000000005,7902.470000000005
sell,high_vol,rsi,1.0,13.6,20.4,0.77,sl,-13.6,-78.54,False,2022-09-01 10:45:00,7902.470000000005,7823.930000000005
sell,high_vol,rsi,1.0,14.5,21.75,0.72,sl,-14.5,-78.3,False,2022-09-01 11:00:00,7823.930000000005,7745.630000000005
sell,high_vol,rsi,1.0,15.8,23.700000000000003,0.65,sl,-15.8,-77.02,False,2022-09-01 11:15:00,7745.630000000005,7668.610000000004
sell,high_vol,rsi,1.0,17.5,26.25,0.58,tp,26.25,114.19,True,2022-09-01 11:30:00,7668.610000000004,7782.800000000004
sell,high_vol,rsi,1.0,18.1,27.150000000000002,0.57,tp,27.15,116.07,True,2022-09-01 11:45:00,7782.800000000004,7898.8700000000035
sell,high_vol,rsi,1.0,19.6,29.400000000000002,0.54,tp,29.4,119.07,True,2022-09-01 12:00:00,7898.8700000000035,8017.940000000003
buy,high_vol,rsi,1.0,20.6,30.900000000000002,0.52,sl,-20.6,-80.34,False,2022-09-01 15:00:00,8017.940000000003,7937.600000000003
buy,high_vol,rsi,1.0,20.4,30.599999999999998,0.52,sl,-20.4,-79.56,False,2022-09-01 15:15:00,7937.600000000003,7858.040000000003
buy,high_vol,rsi,1.0,20.1,30.150000000000002,0.52,sl,-20.1,-78.39,False,2022-09-01 15:30:00,7858.040000000003,7779.650000000002
buy,high_vol,rsi,1.0,20.2,30.299999999999997,0.51,sl,-20.2,-77.26,False,2022-09-01 15:45:00,7779.650000000002,7702.390000000002
buy,high_vol,rsi,1.0,20.6,30.900000000000002,0.5,sl,-20.6,-77.25,False,2022-09-01 16:00:00,7702.390000000002,7625.140000000002
buy,high_vol,rsi,1.0,21.1,31.650000000000002,0.48,sl,-21.1,-75.96,False,2022-09-01 16:15:00,7625.140000000002,7549.180000000002
buy,high_vol,rsi,1.0,22.3,33.45,0.45,sl,-22.3,-75.26,False,2022-09-01 16:30:00,7549.180000000002,7473.920000000002
buy,high_vol,rsi,1.0,25.7,38.55,0.39,sl,-25.7,-75.17,False,2022-09-01 17:00:00,7473.920000000002,7398.750000000002
buy,high_vol,rsi,1.0,27.5,41.25,0.36,sl,-27.5,-74.25,False,2022-09-01 17:15:00,7398.750000000002,7324.500000000002
buy,high_vol,rsi,1.0,29.2,43.8,0.33,sl,-29.2,-72.27,False,2022-09-01 17:30:00,7324.500000000002,7252.230000000001
buy,high_vol,rsi,1.0,29.6,44.400000000000006,0.33,tp,44.4,109.89,True,2022-09-01 17:45:00,7252.230000000001,7362.120000000002
buy,high_vol,rsi,1.0,29.3,43.95,0.34,tp,43.95,112.07,True,2022-09-01 18:00:00,7362.120000000002,7474.190000000001
buy,high_vol,rsi,1.0,28.4,42.599999999999994,0.35,tp,42.6,111.82,True,2022-09-01 18:30:00,7474.190000000001,7586.010000000001
buy,high_vol,rsi,1.0,29.3,43.95,0.35,tp,43.95,115.37,True,2022-09-01 18:45:00,7586.010000000001,7701.380000000001
buy,high_vol,rsi,1.0,26.8,40.2,0.38,tp,40.2,114.57,True,2022-09-01 20:15:00,7701.380000000001,7815.950000000001
buy,high_vol,rsi,1.0,18.0,27.0,0.58,sl,-18.0,-78.3,False,2022-09-05 00:45:00,7815.950000000001,7737.650000000001
buy,high_vol,rsi,1.0,19.7,29.549999999999997,0.52,sl,-19.7,-76.83,False,2022-09-05 01:15:00,7737.650000000001,7660.820000000001
buy,high_vol,rsi,0.9858,11.4,17.1,0.88,tp,17.1,112.86,True,2022-09-05 08:30:00,7660.820000000001,7773.68
buy,high_vol,rsi,0.9865,11.0,16.5,0.92,tp,16.5,113.85,True,2022-09-05 08:45:00,7773.68,7887.530000000001
sell,low_vol,ema_flipped,1.0,9.0,13.5,1.17,sl,-9.0,-78.97,False,2022-09-06 08:30:00,7887.530000000001,7808.56
sell,high_vol,rsi,1.0,12.3,18.450000000000003,0.85,tp,18.45,117.62,True,2022-09-06 09:45:00,7808.56,7926.18
sell,high_vol,rsi,1.0,13.3,19.950000000000003,0.79,tp,19.95,118.2,True,2022-09-06 10:00:00,7926.18,8044.38
buy,high_vol,rsi,1.0,21.4,32.099999999999994,0.5,sl,-21.4,-80.25,False,2022-09-06 15:45:00,8044.38,7964.13
buy,high_vol,rsi,1.0,22.5,33.75,0.47,tp,33.75,118.97,True,2022-09-06 16:00:00,7964.13,8083.1
buy,high_vol,rsi,1.0,22.0,33.0,0.49,tp,33.0,121.28,True,2022-09-06 16:15:00,8083.1,8204.380000000001
buy,high_vol,rsi,1.0,22.3,33.45,0.49,tp,33.45,122.93,True,2022-09-06 16:30:00,8204.380000000001,8327.310000000001
buy,high_vol,rsi,1.0,21.4,32.099999999999994,0.52,tp,32.1,125.19,True,2022-09-06 16:45:00,8327.310000000001,8452.500000000002
sell,low_vol,ema_flipped,1.0,9.3,13.950000000000001,1.21,sl,-9.3,-84.4,False,2022-09-07 07:00:00,8452.500000000002,8368.100000000002
buy,high_vol,rsi,1.0,18.3,27.450000000000003,0.61,tp,27.45,125.58,True,2022-09-07 14:15:00,8368.100000000002,8493.680000000002
sell,high_vol,rsi,1.0,29.9,44.849999999999994,0.38,sl,-29.9,-85.22,False,2022-09-07 20:15:00,8493.680000000002,8408.460000000003
sell,high_vol,rsi,1.0,14.6,21.9,0.77,tp,21.9,126.47,True,2022-09-08 13:15:00,8408.460000000003,8534.930000000002
sell,low_vol,ema_flipped,0.9385,10.3,15.450000000000001,1.01,sl,-10.3,-78.02,False,2022-09-09 04:00:00,8534.930000000002,8456.910000000002
buy,high_vol,rsi,1.0,21.3,31.950000000000003,0.53,tp,31.95,127.0,True,2022-09-09 14:30:00,8456.910000000002,8583.910000000002
buy,high_vol,rsi,1.0,21.5,32.25,0.53,tp,32.25,128.19,True,2022-09-09 14:45:00,8583.910000000002,8712.100000000002
buy,high_vol,rsi,1.0,22.2,33.3,0.52,tp,33.3,129.87,True,2022-09-09 15:15:00,8712.100000000002,8841.970000000003
buy,high_vol,rsi,1.0,15.6,23.4,0.76,tp,23.4,133.38,True,2022-09-12 03:30:00,8841.970000000003,8975.350000000002
sell,high_vol,rsi,1.0,12.5,18.75,0.96,sl,-12.5,-90.0,False,2022-09-12 09:45:00,8975.350000000002,8885.350000000002
sell,high_vol,rsi,1.0,15.9,23.85,0.75,sl,-15.9,-89.44,False,2022-09-12 10:00:00,8885.350000000002,8795.910000000002
sell,high_vol,rsi,1.0,20.3,30.450000000000003,0.58,tp,30.45,132.46,True,2022-09-12 10:15:00,8795.910000000002,8928.37
sell,high_vol,rsi,1.0,21.6,32.400000000000006,0.55,tp,32.4,133.65,True,2022-09-12 10:30:00,8928.37,9062.02
sell,low_vol,ema_flipped,1.0,8.2,12.299999999999999,1.47,sl,-8.2,-90.41,False,2022-09-14 06:30:00,9062.02,8971.61
sell,high_vol,rsi,1.0,21.2,31.799999999999997,0.56,tp,31.8,133.56,True,2022-09-14 13:15:00,8971.61,9105.17
buy,high_vol,rsi,1.0,16.4,24.599999999999998,0.74,tp,24.6,136.53,True,2022-09-20 15:15:00,9105.17,9241.7
sell,high_vol,rsi,1.0,22.7,34.05,0.54,tp,34.05,137.9,True,2022-09-20 18:45:00,9241.7,9379.6
buy,high_vol,rsi,1.0,16.9,25.349999999999998,0.74,sl,-16.9,-93.79,False,2022-09-21 09:30:00,9379.6,9285.81
buy,high_vol,rsi,1.0,19.1,28.650000000000002,0.65,tp,28.65,139.67,True,2022-09-21 09:45:00,9285.81,9425.48
buy,high_vol,rsi,1.0,19.7,29.549999999999997,0.64,tp,29.55,141.84,True,2022-09-21 10:00:00,9425.48,9567.32
buy,high_vol,rsi,1.0,20.5,30.75,0.62,tp,30.75,142.99,True,2022-09-21 10:15:00,9567.32,9710.31
buy,high_vol,rsi,1.0,21.7,32.55,0.6,tp,32.55,146.48,True,2022-09-21 10:30:00,9710.31,9856.789999999999
buy,high_vol,rsi,1.0,23.4,35.099999999999994,0.56,sl,-23.4,-98.28,False,2022-09-21 10:45:00,9856.789999999999,9758.509999999998
buy,high_vol,rsi,1.0,24.2,36.3,0.54,sl,-24.2,-98.01,False,2022-09-21 11:00:00,9758.509999999998,9660.499999999998
buy,high_vol,rsi,1.0,24.0,36.0,0.54,sl,-24.0,-97.2,False,2022-09-21 11:15:00,9660.499999999998,9563.299999999997
buy,high_vol,rsi,1.0,24.3,36.45,0.52,sl,-24.3,-94.77,False,2022-09-21 11:30:00,9563.299999999997,9468.529999999997
sell,high_vol,rsi,0.7017,11.9,17.85,0.61,sl,-11.9,-54.44,False,2022-09-22 10:00:00,9468.529999999997,9414.089999999997
sell,high_vol,rsi,0.9912,13.2,19.799999999999997,0.94,tp,19.8,139.59,True,2022-09-22 10:15:00,9414.089999999997,9553.679999999997
sell,high_vol,rsi,1.0,15.2,22.799999999999997,0.84,tp,22.8,143.64,True,2022-09-22 10:30:00,9553.679999999997,9697.319999999996
buy,high_vol,rsi,1.0,17.0,25.5,0.76,sl,-17.0,-96.9,False,2022-09-23 10:30:00,9697.319999999996,9600.419999999996
buy,high_vol,rsi,1.0,17.7,26.549999999999997,0.72,sl,-17.7,-95.58,False,2022-09-23 10:45:00,9600.419999999996,9504.839999999997
buy,high_vol,rsi,1.0,19.0,28.5,0.67,sl,-19.0,-95.48,False,2022-09-23 11:00:00,9504.839999999997,9409.359999999997
buy,high_vol,rsi,1.0,20.4,30.599999999999998,0.61,sl,-20.4,-93.33,False,2022-09-23 11:15:00,9409.359999999997,9316.029999999997
buy,high_vol,rsi,1.0,20.7,31.049999999999997,0.6,sl,-20.7,-93.15,False,2022-09-23 11:30:00,9316.029999999997,9222.879999999997
buy,high_vol,rsi,1.0,21.4,32.099999999999994,0.57,sl,-21.4,-91.49,False,2022-09-23 11:45:00,9222.879999999997,9131.389999999998
buy,high_vol,rsi,1.0,33.6,50.400000000000006,0.36,tp,50.4,136.08,True,2022-09-26 03:45:00,9131.389999999998,9267.469999999998
sell,high_vol,rsi,1.0,30.4,45.599999999999994,0.41,sl,-30.4,-93.48,False,2022-09-26 07:15:00,9267.469999999998,9173.989999999998
buy,low_vol,ema_flipped,0.9838,13.7,20.549999999999997,0.87,sl,-13.7,-89.39,False,2022-09-27 09:45:00,9173.989999999998,9084.599999999999
buy,high_vol,rsi,0.9923,19.5,29.25,0.61,timeout,5.1,23.33,True,2022-09-27 22:30:00,9084.599999999999,9107.929999999998
sell,high_vol,rsi,1.0,37.3,55.949999999999996,0.33,sl,-37.3,-92.32,False,2022-09-28 19:45:00,9107.929999999998,9015.609999999999
sell,high_vol,rsi,1.0,36.3,54.449999999999996,0.33,sl,-36.3,-89.84,False,2022-09-28 20:00:00,9015.609999999999,8925.769999999999
sell,high_vol,rsi,1.0,35.0,52.5,0.34,sl,-35.0,-89.25,False,2022-09-28 20:15:00,8925.769999999999,8836.519999999999
sell,high_vol,rsi,1.0,33.7,50.550000000000004,0.35,sl,-33.7,-88.46,False,2022-09-28 20:30:00,8836.519999999999,8748.06
sell,high_vol,rsi,1.0,33.5,50.25,0.35,sl,-33.5,-87.94,False,2022-09-28 20:45:00,8748.06,8660.119999999999
sell,high_vol,rsi,1.0,30.4,45.599999999999994,0.38,sl,-30.4,-86.64,False,2022-09-28 21:00:00,8660.119999999999,8573.48
sell,high_vol,rsi,1.0,28.5,42.75,0.4,sl,-28.5,-85.5,False,2022-09-28 21:15:00,8573.48,8487.98
sell,high_vol,rsi,1.0,27.0,40.5,0.42,tp,40.5,127.58,True,2022-09-28 21:30:00,8487.98,8615.56
sell,high_vol,rsi,1.0,26.3,39.45,0.44,tp,39.45,130.19,True,2022-09-28 21:45:00,8615.56,8745.75
sell,high_vol,rsi,1.0,34.9,52.349999999999994,0.33,timeout,-10.4,-25.74,False,2022-09-29 19:15:00,8745.75,8720.01
sell,high_vol,rsi,1.0,35.5,53.25,0.33,sl,-35.5,-87.86,False,2022-09-29 19:30:00,8720.01,8632.15
buy,high_vol,rsi,1.0,23.4,35.099999999999994,0.49,tp,35.1,128.99,True,2022-09-30 13:45:00,8632.15,8761.14
sell,high_vol,rsi,1.0,33.3,49.949999999999996,0.35,sl,-33.3,-87.41,False,2022-09-30 20:15:00,8761.14,8673.73
sell,high_vol,rsi,1.0,32.8,49.199999999999996,0.35,sl,-32.8,-86.1,False,2022-09-30 20:30:00,8673.73,8587.63
sell,high_vol,rsi,1.0,32.5,48.75,0.35,sl,-32.5,-85.31,False,2022-09-30 20:45:00,8587.63,8502.32
sell,high_vol,rsi,1.0,30.9,46.349999999999994,0.37,sl,-30.9,-85.75,False,2022-09-30 21:00:00,8502.32,8416.57
sell,high_vol,rsi,1.0,24.8,37.2,0.45,tp,37.2,125.55,True,2022-09-30 21:30:00,8416.57,8542.119999999999
sell,high_vol,rsi,1.0,23.9,35.849999999999994,0.48,tp,35.85,129.06,True,2022-09-30 21:45:00,8542.119999999999,8671.179999999998
sell,high_vol,rsi,1.0,22.9,34.349999999999994,0.5,tp,34.35,128.81,True,2022-09-30 22:30:00,8671.179999999998,8799.989999999998
buy,high_vol,rsi,1.0,23.1,34.650000000000006,0.51,sl,-23.1,-88.36,False,2022-10-03 14:45:00,8799.989999999998,8711.629999999997
buy,high_vol,rsi,1.0,24.0,36.0,0.48,sl,-24.0,-86.4,False,2022-10-03 15:00:00,8711.629999999997,8625.229999999998
buy,high_vol,rsi,1.0,23.5,35.25,0.49,sl,-23.5,-86.36,False,2022-10-03 15:15:00,8625.229999999998,8538.869999999997
buy,high_vol,rsi,1.0,25.7,38.55,0.44,tp,38.55,127.21,True,2022-10-03 15:30:00,8538.869999999997,8666.079999999996
buy,high_vol,rsi,1.0,25.9,38.849999999999994,0.45,tp,38.85,131.12,True,2022-10-03 15:45:00,8666.079999999996,8797.199999999997
buy,high_vol,rsi,1.0,25.8,38.7,0.45,tp,38.7,130.61,True,2022-10-03 16:00:00,8797.199999999997,8927.809999999998
buy,high_vol,rsi,1.0,27.2,40.8,0.44,tp,40.8,134.64,True,2022-10-03 16:30:00,8927.809999999998,9062.449999999997
buy,high_vol,rsi,1.0,27.2,40.8,0.44,tp,40.8,134.64,True,2022-10-03 16:45:00,9062.449999999997,9197.089999999997
buy,high_vol,rsi,1.0,28.1,42.150000000000006,0.44,tp,42.15,139.1,True,2022-10-03 17:00:00,9197.089999999997,9336.189999999997
sell,high_vol,rsi,1.0,21.5,32.25,0.58,sl,-21.5,-93.53,False,2022-10-04 11:00:00,9336.189999999997,9242.659999999996
sell,high_vol,rsi,1.0,22.3,33.45,0.55,sl,-22.3,-91.99,False,2022-10-04 11:15:00,9242.659999999996,9150.669999999996
sell,high_vol,rsi,1.0,23.1,34.650000000000006,0.53,sl,-23.1,-91.82,False,2022-10-04 11:30:00,9150.669999999996,9058.849999999997
sell,high_vol,rsi,1.0,24.0,36.0,0.5,sl,-24.0,-90.0,False,2022-10-04 11:45:00,9058.849999999997,8968.849999999997
sell,high_vol,rsi,1.0,24.9,37.349999999999994,0.48,sl,-24.9,-89.64,False,2022-10-04 12:00:00,8968.849999999997,8879.209999999997
sell,high_vol,rsi,1.0,25.1,37.650000000000006,0.47,sl,-25.1,-88.48,False,2022-10-04 12:15:00,8879.209999999997,8790.729999999998
sell,high_vol,rsi,1.0,22.9,34.349999999999994,0.51,sl,-22.9,-87.59,False,2022-10-04 12:30:00,8790.729999999998,8703.139999999998
sell,high_vol,rsi,1.0,23.2,34.8,0.5,sl,-23.2,-87.0,False,2022-10-04 12:45:00,8703.139999999998,8616.139999999998
sell,high_vol,rsi,1.0,23.7,35.55,0.48,sl,-23.7,-85.32,False,2022-10-04 13:00:00,8616.139999999998,8530.819999999998
sell,high_vol,rsi,1.0,24.3,36.45,0.47,sl,-24.3,-85.66,False,2022-10-04 13:15:00,8530.819999999998,8445.159999999998
sell,high_vol,rsi,1.0,23.4,35.099999999999994,0.48,sl,-23.4,-84.24,False,2022-10-04 13:30:00,8445.159999999998,8360.919999999998
sell,high_vol,rsi,1.0,23.8,35.7,0.47,sl,-23.8,-83.9,False,2022-10-04 13:45:00,8360.919999999998,8277.019999999999
sell,high_vol,rsi,1.0,23.1,34.650000000000006,0.48,sl,-23.1,-83.16,False,2022-10-04 14:00:00,8277.019999999999,8193.859999999999
sell,high_vol,rsi,1.0,22.5,33.75,0.49,sl,-22.5,-82.69,False,2022-10-04 14:15:00,8193.859999999999,8111.169999999999
sell,high_vol,rsi,1.0,22.5,33.75,0.48,sl,-22.5,-81.0,False,2022-10-04 14:30:00,8111.169999999999,8030.169999999999
sell,high_vol,rsi,1.0,22.6,33.900000000000006,0.47,sl,-22.6,-79.66,False,2022-10-04 14:45:00,8030.169999999999,7950.509999999999
sell,high_vol,rsi,1.0,23.3,34.95,0.45,sl,-23.3,-78.64,False,2022-10-04 15:00:00,7950.509999999999,7871.869999999999
sell,high_vol,rsi,1.0,27.3,40.95,0.38,sl,-27.3,-77.8,False,2022-10-04 15:15:00,7871.869999999999,7794.069999999999
sell,high_vol,rsi,1.0,27.1,40.650000000000006,0.38,sl,-27.1,-77.23,False,2022-10-04 15:30:00,7794.069999999999,7716.839999999999
sell,high_vol,rsi,1.0,27.2,40.8,0.38,sl,-27.2,-77.52,False,2022-10-04 15:45:00,7716.839999999999,7639.319999999999
sell,high_vol,rsi,1.0,27.3,40.95,0.37,sl,-27.3,-75.76,False,2022-10-04 16:00:00,7639.319999999999,7563.559999999999
sell,low_vol,ema_flipped,1.0,13.0,19.5,0.78,sl,-13.0,-76.05,False,2022-10-06 10:45:00,7563.559999999999,7487.509999999998
sell,low_vol,ema_flipped,1.0,10.4,15.600000000000001,0.96,sl,-10.4,-74.88,False,2022-10-11 00:30:00,7487.509999999998,7412.629999999998
buy,low_vol,ema_flipped,1.0,14.4,21.6,0.69,tp,21.6,111.78,True,2022-10-12 00:30:00,7412.629999999998,7524.409999999998
sell,low_vol,ema_flipped,0.9975,11.9,17.85,0.84,sl,-11.9,-74.97,False,2022-10-12 07:15:00,7524.409999999998,7449.439999999998
buy,low_vol,ema_flipped,0.9988,20.3,30.450000000000003,0.49,tp,30.45,111.9,True,2022-10-12 12:15:00,7449.439999999998,7561.339999999997
buy,low_vol,ema_flipped,1.0,12.0,18.0,0.84,sl,-12.0,-75.6,False,2022-10-14 08:00:00,7561.339999999997,7485.739999999997
buy,low_vol,ema_flipped,1.0,12.3,18.450000000000003,0.81,tp,18.45,112.08,True,2022-10-17 10:00:00,7485.739999999997,7597.819999999997
sell,high_vol,rsi,0.9858,20.7,31.049999999999997,0.48,timeout,9.6,34.56,True,2022-10-18 12:00:00,7597.819999999997,7632.379999999997
sell,high_vol,rsi,0.9919,21.9,32.849999999999994,0.46,tp,32.85,113.33,True,2022-10-18 12:15:00,7632.379999999997,7745.709999999997
buy,low_vol,ema_flipped,1.0,12.2,18.299999999999997,0.85,tp,18.3,116.66,True,2022-10-19 10:15:00,7745.709999999997,7862.369999999997
sell,low_vol,ema_flipped,1.0,15.8,23.700000000000003,0.66,sl,-15.8,-78.21,False,2022-10-20 22:30:00,7862.369999999997,7784.159999999997
sell,low_vol,ema_flipped,1.0,10.1,15.149999999999999,1.03,sl,-10.1,-78.02,False,2022-10-24 07:30:00,7784.159999999997,7706.139999999997
sell,high_vol,rsi,1.0,29.6,44.400000000000006,0.35,timeout,12.8,33.6,True,2022-10-24 18:00:00,7706.139999999997,7739.739999999997
buy,low_vol,ema_flipped,1.0,9.9,14.850000000000001,1.04,tp,14.85,115.83,True,2022-10-26 07:15:00,7739.739999999997,7855.569999999997
sell,low_vol,ema_flipped,1.0,11.0,16.5,0.95,sl,-11.0,-78.38,False,2022-10-26 09:15:00,7855.569999999997,7777.189999999997
buy,high_vol,rsi,1.0,21.3,31.950000000000003,0.49,timeout,18.2,66.88,True,2022-10-28 19:30:00,7777.189999999997,7844.069999999997
sell,low_vol,ema_flipped,0.9989,12.5,18.75,0.84,tp,18.75,118.13,True,2022-10-28 22:45:00,7844.069999999997,7962.199999999997
buy,low_vol,ema_flipped,0.9999,15.4,23.1,0.69,sl,-15.4,-79.7,False,2022-10-31 00:45:00,7962.199999999997,7882.499999999997
sell,low_vol,ema_flipped,0.9974,15.8,23.700000000000003,0.66,sl,-15.8,-78.21,False,2022-10-31 01:45:00,7882.499999999997,7804.289999999997
buy,low_vol,ema_flipped,1.0,10.8,16.200000000000003,0.96,tp,16.2,116.64,True,2022-10-31 10:45:00,7804.289999999997,7920.929999999998
buy,high_vol,rsi,1.0,27.3,40.95,0.39,sl,-27.3,-79.85,False,2022-10-31 18:45:00,7920.929999999998,7841.079999999997
buy,high_vol,rsi,1.0,27.8,41.7,0.38,sl,-27.8,-79.23,False,2022-10-31 19:00:00,7841.079999999997,7761.849999999998
sell,high_vol,rsi,1.0,19.5,29.25,0.53,tp,29.25,116.27,True,2022-11-01 17:00:00,7761.849999999998,7878.119999999998
buy,high_vol,rsi,1.0,21.4,32.099999999999994,0.49,sl,-21.4,-78.65,False,2022-11-03 00:30:00,7878.119999999998,7799.469999999998
buy,high_vol,rsi,1.0,23.4,35.099999999999994,0.44,timeout,12.5,41.25,True,2022-11-03 19:45:00,7799.469999999998,7840.719999999998
buy,high_vol,rsi,0.9994,18.0,27.0,0.58,timeout,11.9,51.77,True,2022-11-03 20:45:00,7840.719999999998,7892.489999999999
sell,high_vol,rsi,1.0,33.7,50.550000000000004,0.31,sl,-33.7,-78.35,False,2022-11-04 19:00:00,7892.489999999999,7814.1399999999985
sell,high_vol,rsi,1.0,31.6,47.400000000000006,0.33,sl,-31.6,-78.21,False,2022-11-04 19:15:00,7814.1399999999985,7735.9299999999985
sell,high_vol,rsi,1.0,27.9,41.849999999999994,0.37,sl,-27.9,-77.42,False,2022-11-04 19:30:00,7735.9299999999985,7658.509999999998
sell,high_vol,rsi,1.0,18.3,27.450000000000003,0.56,timeout,14.6,61.32,True,2022-11-07 21:00:00,7658.509999999998,7719.829999999998
sell,high_vol,rsi,0.9997,16.5,24.75,0.62,sl,-16.5,-76.72,False,2022-11-08 20:30:00,7719.829999999998,7643.109999999998
sell,high_vol,rsi,0.9563,14.7,22.049999999999997,0.65,tp,22.05,107.49,True,2022-11-08 21:15:00,7643.109999999998,7750.599999999998
buy,high_vol,rsi,0.98,14.2,21.299999999999997,0.71,tp,21.3,113.42,True,2022-11-09 16:15:00,7750.599999999998,7864.019999999998
buy,high_vol,rsi,1.0,16.3,24.450000000000003,0.64,sl,-16.3,-78.24,False,2022-11-10 10:30:00,7864.019999999998,7785.779999999998
buy,high_vol,rsi,1.0,17.8,26.700000000000003,0.58,sl,-17.8,-77.43,False,2022-11-10 11:00:00,7785.779999999998,7708.349999999998
buy,high_vol,rsi,1.0,19.3,28.950000000000003,0.53,sl,-19.3,-76.72,False,2022-11-10 11:15:00,7708.349999999998,7631.629999999997
buy,high_vol,rsi,1.0,20.4,30.599999999999998,0.5,sl,-20.4,-76.5,False,2022-11-10 11:30:00,7631.629999999997,7555.129999999997
buy,high_vol,rsi,1.0,21.2,31.799999999999997,0.48,sl,-21.2,-76.32,False,2022-11-10 11:45:00,7555.129999999997,7478.809999999998
buy,high_vol,rsi,1.0,22.1,33.150000000000006,0.45,sl,-22.1,-74.59,False,2022-11-10 12:00:00,7478.809999999998,7404.2199999999975
buy,high_vol,rsi,1.0,24.1,36.150000000000006,0.41,tp,36.15,111.16,True,2022-11-10 12:15:00,7404.2199999999975,7515.379999999997
sell,high_vol,rsi,1.0,42.2,63.300000000000004,0.24,sl,-42.2,-75.96,False,2022-11-10 18:15:00,7515.379999999997,7439.419999999997
sell,high_vol,rsi,1.0,42.3,63.449999999999996,0.23,sl,-42.3,-72.97,False,2022-11-10 18:30:00,7439.419999999997,7366.449999999997
sell,high_vol,rsi,1.0,41.6,62.400000000000006,0.24,sl,-41.6,-74.88,False,2022-11-10 18:45:00,7366.449999999997,7291.569999999997
sell,high_vol,rsi,0.7395,14.1,21.15,0.43,sl,-14.1,-45.47,False,2022-11-11 09:30:00,7291.569999999997,7246.099999999997
sell,high_vol,rsi,0.9893,15.3,22.950000000000003,0.62,sl,-15.3,-71.15,False,2022-11-11 09:45:00,7246.099999999997,7174.949999999997
sell,high_vol,rsi,1.0,17.6,26.400000000000002,0.54,sl,-17.6,-71.28,False,2022-11-11 10:15:00,7174.949999999997,7103.669999999997
sell,high_vol,rsi,1.0,18.1,27.150000000000002,0.52,sl,-18.1,-70.59,False,2022-11-11 10:30:00,7103.669999999997,7033.079999999997
sell,high_vol,rsi,1.0,18.7,28.049999999999997,0.5,sl,-18.7,-70.13,False,2022-11-11 10:45:00,7033.079999999997,6962.949999999997
sell,high_vol,rsi,1.0,18.7,28.049999999999997,0.5,sl,-18.7,-70.13,False,2022-11-11 11:00:00,6962.949999999997,6892.819999999997
sell,high_vol,rsi,1.0,21.2,31.799999999999997,0.43,sl,-21.2,-68.37,False,2022-11-11 20:00:00,6892.819999999997,6824.449999999997
sell,high_vol,rsi,1.0,20.9,31.349999999999998,0.44,tp,31.35,103.46,True,2022-11-11 20:15:00,6824.449999999997,6927.909999999997
sell,high_vol,rsi,1.0,18.1,27.150000000000002,0.51,tp,27.15,103.85,True,2022-11-11 20:45:00,6927.909999999997,7031.7599999999975
sell,high_vol,rsi,0.9984,16.6,24.900000000000002,0.56,tp,24.9,104.58,True,2022-11-11 21:00:00,7031.7599999999975,7136.339999999997
sell,high_vol,rsi,1.0,12.6,18.9,0.76,sl,-12.6,-71.82,False,2022-11-15 09:30:00,7136.339999999997,7064.519999999998
sell,high_vol,rsi,1.0,15.8,23.700000000000003,0.6,sl,-15.8,-71.1,False,2022-11-15 09:45:00,7064.519999999998,6993.419999999997
sell,high_vol,rsi,1.0,17.9,26.849999999999998,0.52,sl,-17.9,-69.81,False,2022-11-15 10:00:00,6993.419999999997,6923.609999999997
sell,high_vol,rsi,1.0,19.7,29.549999999999997,0.47,sl,-19.7,-69.44,False,2022-11-15 10:30:00,6923.609999999997,6854.169999999997
sell,high_vol,rsi,1.0,20.7,31.049999999999997,0.44,sl,-20.7,-68.31,False,2022-11-15 10:45:00,6854.169999999997,6785.859999999997
sell,high_vol,rsi,1.0,21.0,31.5,0.43,sl,-21.0,-67.72,False,2022-11-15 11:00:00,6785.859999999997,6718.139999999997
sell,high_vol,rsi,1.0,23.0,34.5,0.39,sl,-23.0,-67.27,False,2022-11-15 11:30:00,6718.139999999997,6650.869999999996
sell,high_vol,rsi,1.0,24.1,36.150000000000006,0.37,sl,-24.1,-66.88,False,2022-11-15 11:45:00,6650.869999999996,6583.989999999996
sell,high_vol,rsi,1.0,25.4,38.099999999999994,0.35,sl,-25.4,-66.67,False,2022-11-15 12:00:00,6583.989999999996,6517.319999999996
sell,high_vol,rsi,1.0,26.2,39.3,0.33,sl,-26.2,-64.85,False,2022-11-15 12:15:00,6517.319999999996,6452.469999999996
sell,high_vol,rsi,1.0,28.8,43.2,0.3,tp,43.2,97.2,True,2022-11-15 12:30:00,6452.469999999996,6549.6699999999955
sell,high_vol,rsi,1.0,26.0,39.0,0.34,tp,39.0,99.45,True,2022-11-15 12:45:00,6549.6699999999955,6649.119999999995
buy,high_vol,rsi,1.0,24.9,37.349999999999994,0.36,sl,-24.9,-67.23,False,2022-11-15 19:00:00,6649.119999999995,6581.889999999996
buy,high_vol,rsi,1.0,29.6,44.400000000000006,0.3,sl,-29.6,-66.6,False,2022-11-15 20:15:00,6581.889999999996,6515.289999999995
buy,high_vol,rsi,1.0,31.4,47.099999999999994,0.28,sl,-31.4,-65.94,False,2022-11-15 20:30:00,6515.289999999995,6449.349999999996
buy,high_vol,rsi,1.0,33.5,50.25,0.26,tp,50.25,97.99,True,2022-11-15 20:45:00,6449.349999999996,6547.339999999996
buy,high_vol,rsi,1.0,33.6,50.400000000000006,0.26,tp,50.4,98.28,True,2022-11-15 21:00:00,6547.339999999996,6645.619999999995
sell,high_vol,rsi,1.0,29.6,44.400000000000006,0.3,tp,44.4,99.9,True,2022-11-16 18:45:00,6645.619999999995,6745.519999999995
sell,low_vol,ema_flipped,0.8787,16.5,24.75,0.45,tp,24.75,83.53,True,2022-11-18 11:30:00,6745.519999999995,6829.049999999995
buy,low_vol,ema_flipped,0.9999,11.9,17.85,0.77,sl,-11.9,-68.72,False,2022-11-18 23:30:00,6829.049999999995,6760.3299999999945
sell,high_vol,rsi,0.9708,19.8,29.700000000000003,0.44,sl,-19.8,-65.34,False,2022-11-21 17:15:00,6760.3299999999945,6694.989999999994
sell,high_vol,rsi,1.0,21.1,31.650000000000002,0.42,tp,31.65,99.7,True,2022-11-21 17:30:00,6694.989999999994,6794.689999999994
sell,high_vol,rsi,1.0,21.5,32.25,0.42,tp,32.25,101.59,True,2022-11-21 17:45:00,6794.689999999994,6896.279999999994
sell,high_vol,rsi,1.0,21.5,32.25,0.43,tp,32.25,104.01,True,2022-11-21 18:00:00,6896.279999999994,7000.2899999999945
buy,high_vol,rsi,1.0,17.0,25.5,0.55,sl,-17.0,-70.13,False,2022-11-21 21:00:00,7000.2899999999945,6930.159999999994
sell,high_vol,rsi,0.9995,18.6,27.900000000000002,0.5,tp,27.9,104.63,True,2022-11-23 15:30:00,6930.159999999994,7034.7899999999945
sell,high_vol,rsi,0.9986,19.1,28.650000000000002,0.49,sl,-19.1,-70.19,False,2022-11-23 15:45:00,7034.7899999999945,6964.599999999995
sell,low_vol,ema_flipped,1.0,8.7,13.049999999999999,1.07,tp,13.05,104.73,True,2022-11-25 03:45:00,6964.599999999995,7069.3299999999945
buy,low_vol,ema_flipped,1.0,8.3,12.450000000000001,1.14,sl,-8.3,-70.97,False,2022-11-25 05:45:00,7069.3299999999945,6998.359999999994
sell,low_vol,ema_flipped,1.0,8.7,13.049999999999999,1.07,tp,13.05,104.73,True,2022-11-25 06:00:00,6998.359999999994,7103.089999999994
buy,low_vol,ema_flipped,1.0,7.8,11.7,1.21,sl,-7.8,-70.79,False,2022-11-25 06:45:00,7103.089999999994,7032.299999999994
sell,low_vol,ema_flipped,1.0,8.3,12.450000000000001,1.13,sl,-8.3,-70.34,False,2022-11-25 09:30:00,7032.299999999994,6961.959999999994
buy,low_vol,ema_flipped,0.999,16.0,24.0,0.58,tp,24.0,104.4,True,2022-11-25 14:45:00,6961.959999999994,7066.359999999993
sell,high_vol,rsi,0.8752,14.8,22.200000000000003,0.52,sl,-14.8,-57.72,False,2022-11-28 10:15:00,7066.359999999993,7008.639999999993
sell,high_vol,rsi,1.0,18.7,28.049999999999997,0.5,sl,-18.7,-70.13,False,2022-11-28 10:30:00,7008.639999999993,6938.509999999993
sell,high_vol,rsi,1.0,20.2,30.299999999999997,0.46,sl,-20.2,-69.69,False,2022-11-28 10:45:00,6938.509999999993,6868.819999999993
sell,high_vol,rsi,1.0,22.9,34.349999999999994,0.4,sl,-22.9,-68.7,False,2022-11-28 11:00:00,6868.819999999993,6800.1199999999935
sell,high_vol,rsi,1.0,23.8,35.7,0.38,sl,-23.8,-67.83,False,2022-11-28 11:15:00,6800.1199999999935,6732.289999999994
sell,high_vol,rsi,1.0,24.2,36.3,0.37,sl,-24.2,-67.16,False,2022-11-28 11:30:00,6732.289999999994,6665.129999999994
sell,high_vol,rsi,1.0,24.8,37.2,0.36,sl,-24.8,-66.96,False,2022-11-28 11:45:00,6665.129999999994,6598.169999999994
sell,high_vol,rsi,1.0,25.8,38.7,0.34,sl,-25.8,-65.79,False,2022-11-28 12:00:00,6598.169999999994,6532.379999999994
sell,high_vol,rsi,1.0,28.0,42.0,0.31,tp,42.0,97.65,True,2022-11-28 12:15:00,6532.379999999994,6630.029999999993
sell,high_vol,rsi,1.0,27.7,41.55,0.32,tp,41.55,99.72,True,2022-11-28 12:30:00,6630.029999999993,6729.749999999994
sell,high_vol,rsi,1.0,27.6,41.400000000000006,0.33,tp,41.4,102.47,True,2022-11-28 12:45:00,6729.749999999994,6832.219999999994
sell,high_vol,rsi,1.0,28.5,42.75,0.32,tp,42.75,102.6,True,2022-11-28 13:00:00,6832.219999999994,6934.819999999994
sell,high_vol,rsi,1.0,28.8,43.2,0.32,tp,43.2,103.68,True,2022-11-28 13:15:00,6934.819999999994,7038.4999999999945
sell,high_vol,rsi,1.0,28.3,42.45,0.33,tp,42.45,105.06,True,2022-11-28 13:30:00,7038.4999999999945,7143.559999999995
sell,high_vol,rsi,1.0,27.6,41.400000000000006,0.35,tp,41.4,108.68,True,2022-11-28 13:45:00,7143.559999999995,7252.239999999995
buy,high_vol,rsi,1.0,26.9,40.349999999999994,0.36,timeout,-8.5,-22.95,False,2022-11-28 17:30:00,7252.239999999995,7229.289999999995
buy,high_vol,rsi,1.0,27.7,41.55,0.35,timeout,-6.0,-15.75,False,2022-11-28 17:45:00,7229.289999999995,7213.539999999995
buy,high_vol,rsi,1.0,28.1,42.150000000000006,0.34,timeout,2.6,6.63,True,2022-11-28 18:00:00,7213.539999999995,7220.1699999999955
buy,high_vol,rsi,1.0,27.0,40.5,0.36,sl,-27.0,-72.9,False,2022-11-28 18:45:00,7220.1699999999955,7147.269999999996
buy,high_vol,rsi,1.0,26.6,39.900000000000006,0.36,sl,-26.6,-71.82,False,2022-11-28 19:00:00,7147.269999999996,7075.449999999996
buy,high_vol,rsi,1.0,25.7,38.55,0.37,sl,-25.7,-71.32,False,2022-11-28 19:15:00,7075.449999999996,7004.1299999999965
buy,high_vol,rsi,1.0,24.7,37.05,0.38,sl,-24.7,-70.39,False,2022-11-28 19:30:00,7004.1299999999965,6933.739999999996
buy,high_vol,rsi,1.0,24.4,36.599999999999994,0.38,sl,-24.4,-69.54,False,2022-11-28 19:45:00,6933.739999999996,6864.199999999996
buy,high_vol,rsi,1.0,23.2,34.8,0.39,sl,-23.2,-67.86,False,2022-11-28 20:00:00,6864.199999999996,6796.3399999999965
buy,high_vol,rsi,1.0,21.5,32.25,0.42,sl,-21.5,-67.73,False,2022-11-28 20:15:00,6796.3399999999965,6728.609999999997
buy,high_vol,rsi,1.0,21.4,32.099999999999994,0.42,sl,-21.4,-67.41,False,2022-11-28 20:30:00,6728.609999999997,6661.199999999997
sell,high_vol,rsi,1.0,38.2,57.300000000000004,0.23,tp,57.3,98.84,True,2022-11-29 18:45:00,6661.199999999997,6760.039999999997
sell,high_vol,rsi,1.0,31.6,47.400000000000006,0.29,tp,47.4,103.09,True,2022-11-29 19:15:00,6760.039999999997,6863.129999999997
buy,high_vol,rsi,1.0,21.6,32.400000000000006,0.42,sl,-21.6,-68.04,False,2022-11-29 22:00:00,6863.129999999997,6795.089999999997
buy,high_vol,rsi,1.0,20.2,30.299999999999997,0.45,sl,-20.2,-68.17,False,2022-11-29 22:15:00,6795.089999999997,6726.919999999997
buy,high_vol,rsi,1.0,19.2,28.799999999999997,0.47,sl,-19.2,-67.68,False,2022-11-29 22:30:00,6726.919999999997,6659.239999999997
buy,high_vol,rsi,1.0,18.5,27.75,0.48,tp,27.75,99.9,True,2022-11-29 22:45:00,6659.239999999997,6759.139999999997
buy,high_vol,rsi,1.0,17.6,26.400000000000002,0.51,sl,-17.6,-67.32,False,2022-11-29 23:00:00,6759.139999999997,6691.819999999997
sell,low_vol,ema_flipped,1.0,10.0,15.0,0.89,tp,15.0,100.13,True,2022-12-01 08:45:00,6691.819999999997,6791.949999999997
sell,high_vol,rsi,1.0,26.0,39.0,0.35,sl,-26.0,-68.25,False,2022-12-01 15:45:00,6791.949999999997,6723.699999999997
sell,high_vol,rsi,1.0,27.1,40.650000000000006,0.33,sl,-27.1,-67.07,False,2022-12-01 16:00:00,6723.699999999997,6656.629999999997
sell,high_vol,rsi,1.0,26.7,40.05,0.33,sl,-26.7,-66.08,False,2022-12-01 16:15:00,6656.629999999997,6590.549999999997
sell,high_vol,rsi,1.0,27.9,41.849999999999994,0.31,sl,-27.9,-64.87,False,2022-12-01 16:30:00,6590.549999999997,6525.679999999998
sell,high_vol,rsi,1.0,30.5,45.75,0.29,tp,45.75,99.51,True,2022-12-01 16:45:00,6525.679999999998,6625.189999999998
sell,high_vol,rsi,1.0,32.2,48.300000000000004,0.27,tp,48.3,97.81,True,2022-12-01 17:00:00,6625.189999999998,6722.999999999998
sell,high_vol,rsi,1.0,33.4,50.099999999999994,0.27,tp,50.1,101.45,True,2022-12-01 17:15:00,6722.999999999998,6824.449999999998
sell,high_vol,rsi,1.0,34.0,51.0,0.27,sl,-34.0,-68.85,False,2022-12-01 17:30:00,6824.449999999998,6755.599999999998
sell,high_vol,rsi,1.0,25.5,38.25,0.35,sl,-25.5,-66.94,False,2022-12-02 19:00:00,6755.599999999998,6688.659999999998
sell,high_vol,rsi,1.0,24.6,36.900000000000006,0.36,timeout,-8.5,-22.95,False,2022-12-02 19:15:00,6688.659999999998,6665.709999999998
sell,high_vol,rsi,1.0,23.7,35.55,0.38,timeout,0.0,0.0,False,2022-12-02 19:30:00,6665.709999999998,6665.709999999998
sell,high_vol,rsi,1.0,22.9,34.349999999999994,0.39,timeout,0.9,2.63,True,2022-12-02 19:45:00,6665.709999999998,6668.339999999998
sell,high_vol,rsi,1.0,22.9,34.349999999999994,0.39,timeout,12.0,35.1,True,2022-12-02 20:00:00,6668.339999999998,6703.439999999999
sell,high_vol,rsi,1.0,21.7,32.55,0.41,timeout,2.7,8.3,True,2022-12-02 20:15:00,6703.439999999999,6711.739999999999
sell,high_vol,rsi,1.0,21.3,31.950000000000003,0.42,timeout,5.3,16.7,True,2022-12-02 20:30:00,6711.739999999999,6728.439999999999
sell,high_vol,rsi,1.0,20.6,30.900000000000002,0.44,timeout,0.4,1.32,True,2022-12-02 20:45:00,6728.439999999999,6729.759999999998
sell,high_vol,rsi,1.0,19.5,29.25,0.46,timeout,2.3,7.94,True,2022-12-02 21:00:00,6729.759999999998,6737.699999999998
sell,high_vol,rsi,1.0,18.2,27.299999999999997,0.49,timeout,1.5,5.51,True,2022-12-02 21:15:00,6737.699999999998,6743.209999999998
sell,high_vol,rsi,0.9985,16.6,24.900000000000002,0.54,timeout,-0.7,-2.83,False,2022-12-02 21:30:00,6743.209999999998,6740.379999999998
sell,high_vol,rsi,0.9782,16.4,24.599999999999998,0.53,timeout,2.9,11.53,True,2022-12-02 21:45:00,6740.379999999998,6751.909999999998
sell,high_vol,rsi,1.0,20.1,30.150000000000002,0.45,tp,30.15,101.76,True,2022-12-06 14:30:00,6751.909999999998,6853.669999999998
sell,high_vol,rsi,1.0,20.5,30.75,0.45,tp,30.75,103.78,True,2022-12-06 14:45:00,6853.669999999998,6957.449999999998
buy,low_vol,ema_flipped,1.0,10.3,15.450000000000001,0.9,sl,-10.3,-69.53,False,2022-12-07 05:15:00,6957.449999999998,6887.919999999998
sell,low_vol,ema_flipped,0.9722,14.1,21.15,0.63,sl,-14.1,-66.62,False,2022-12-07 10:30:00,6887.919999999998,6821.299999999998
sell,high_vol,rsi,0.9997,17.2,25.799999999999997,0.53,sl,-17.2,-68.37,False,2022-12-07 11:30:00,6821.299999999998,6752.9299999999985
sell,high_vol,rsi,0.9999,17.5,26.25,0.51,sl,-17.5,-66.94,False,2022-12-07 11:45:00,6752.9299999999985,6685.989999999999
sell,high_vol,rsi,1.0,19.4,29.099999999999998,0.46,sl,-19.4,-66.93,False,2022-12-07 12:00:00,6685.989999999999,6619.059999999999
sell,high_vol,rsi,1.0,19.9,29.849999999999998,0.44,sl,-19.9,-65.67,False,2022-12-07 12:15:00,6619.059999999999,6553.3899999999985
sell,high_vol,rsi,1.0,20.9,31.349999999999998,0.42,sl,-20.9,-65.83,False,2022-12-07 12:30:00,6553.3899999999985,6487.559999999999
sell,high_vol,rsi,1.0,21.2,31.799999999999997,0.41,sl,-21.2,-65.19,False,2022-12-07 12:45:00,6487.559999999999,6422.369999999999
sell,high_vol,rsi,1.0,21.2,31.799999999999997,0.4,sl,-21.2,-63.6,False,2022-12-07 13:00:00,6422.369999999999,6358.769999999999
sell,high_vol,rsi,1.0,22.2,33.3,0.38,sl,-22.2,-63.27,False,2022-12-07 13:15:00,6358.769999999999,6295.499999999998
sell,high_vol,rsi,1.0,21.5,32.25,0.39,sl,-21.5,-62.89,False,2022-12-07 13:30:00,6295.499999999998,6232.609999999998
sell,low_vol,ema_flipped,1.0,11.6,17.4,0.72,sl,-11.6,-62.64,False,2022-12-09 00:30:00,6232.609999999998,6169.9699999999975
buy,low_vol,ema_flipped,1.0,6.8,10.2,1.21,sl,-6.8,-61.71,False,2022-12-12 06:45:00,6169.9699999999975,6108.2599999999975
sell,high_vol,rsi,1.0,20.0,30.0,0.41,sl,-20.0,-61.5,False,2022-12-12 11:30:00,6108.2599999999975,6046.7599999999975
sell,high_vol,rsi,1.0,19.3,28.950000000000003,0.42,sl,-19.3,-60.79,False,2022-12-12 12:30:00,6046.7599999999975,5985.9699999999975
sell,high_vol,rsi,0.9998,18.8,28.200000000000003,0.42,sl,-18.8,-59.22,False,2022-12-12 12:45:00,5985.9699999999975,5926.749999999997
sell,high_vol,rsi,0.995,17.8,26.700000000000003,0.44,sl,-17.8,-58.74,False,2022-12-12 13:00:00,5926.749999999997,5868.0099999999975
sell,high_vol,rsi,0.9756,18.0,27.0,0.42,sl,-18.0,-56.7,False,2022-12-12 13:15:00,5868.0099999999975,5811.309999999998
sell,high_vol,rsi,0.8962,17.0,25.5,0.39,tp,25.5,74.59,True,2022-12-12 13:30:00,5811.309999999998,5885.899999999998
sell,high_vol,rsi,0.8076,16.5,24.75,0.34,tp,24.75,63.11,True,2022-12-12 13:45:00,5885.899999999998,5949.0099999999975
buy,high_vol,rsi,1.0,24.2,36.3,0.33,sl,-24.2,-59.9,False,2022-12-12 20:00:00,5949.0099999999975,5889.109999999998
buy,high_vol,rsi,1.0,24.9,37.349999999999994,0.32,timeout,7.5,18.0,True,2022-12-12 20:15:00,5889.109999999998,5907.109999999998
buy,high_vol,rsi,1.0,23.0,34.5,0.34,timeout,15.3,39.02,True,2022-12-12 20:30:00,5907.109999999998,5946.129999999998
buy,high_vol,rsi,0.9998,18.3,27.450000000000003,0.43,timeout,19.2,61.92,True,2022-12-12 22:00:00,5946.129999999998,6008.049999999998
buy,high_vol,rsi,0.9989,17.6,26.400000000000002,0.45,tp,26.4,89.1,True,2022-12-12 22:15:00,6008.049999999998,6097.149999999999
sell,high_vol,rsi,1.0,29.2,43.8,0.28,tp,43.8,91.98,True,2022-12-13 16:00:00,6097.149999999999,6189.129999999998
sell,high_vol,rsi,1.0,29.7,44.55,0.28,tp,44.55,93.56,True,2022-12-13 16:15:00,6189.129999999998,6282.689999999999
buy,high_vol,rsi,1.0,18.6,27.900000000000002,0.45,tp,27.9,94.16,True,2022-12-15 11:15:00,6282.689999999999,6376.8499999999985
sell,high_vol,rsi,1.0,26.8,40.2,0.32,sl,-26.8,-64.32,False,2022-12-15 15:30:00,6376.8499999999985,6312.529999999999
sell,high_vol,rsi,1.0,34.6,51.900000000000006,0.24,sl,-34.6,-62.28,False,2022-12-15 16:00:00,6312.529999999999,6250.249999999999
sell,high_vol,rsi,1.0,37.2,55.800000000000004,0.22,tp,55.8,92.07,True,2022-12-15 16:15:00,6250.249999999999,6342.319999999999
sell,high_vol,rsi,1.0,39.4,59.099999999999994,0.21,tp,59.1,93.08,True,2022-12-15 16:30:00,6342.319999999999,6435.399999999999
sell,high_vol,rsi,1.0,40.5,60.75,0.21,tp,60.75,95.68,True,2022-12-15 16:45:00,6435.399999999999,6531.079999999999
sell,high_vol,rsi,1.0,17.2,25.799999999999997,0.51,tp,25.8,98.69,True,2022-12-15 23:15:00,6531.079999999999,6629.769999999999
buy,high_vol,rsi,1.0,15.6,23.4,0.57,sl,-15.6,-66.69,False,2022-12-19 00:00:00,6629.769999999999,6563.079999999999
buy,high_vol,rsi,1.0,15.2,22.799999999999997,0.58,sl,-15.2,-66.12,False,2022-12-19 00:15:00,6563.079999999999,6496.959999999999
buy,high_vol,rsi,1.0,15.4,23.1,0.56,sl,-15.4,-64.68,False,2022-12-19 00:30:00,6496.959999999999,6432.279999999999
buy,high_vol,rsi,1.0,14.8,22.200000000000003,0.58,sl,-14.8,-64.38,False,2022-12-19 00:45:00,6432.279999999999,6367.899999999999
buy,high_vol,rsi,1.0,15.2,22.799999999999997,0.56,sl,-15.2,-63.84,False,2022-12-19 01:00:00,6367.899999999999,6304.059999999999
buy,high_vol,rsi,0.7673,13.3,19.950000000000003,0.42,sl,-13.3,-41.9,False,2022-12-19 01:30:00,6304.059999999999,6262.159999999999
sell,low_vol,ema_flipped,0.9991,11.9,17.85,0.7,tp,17.85,93.71,True,2022-12-19 09:00:00,6262.159999999999,6355.869999999999
sell,low_vol,ema_flipped,1.0,10.5,15.75,0.81,sl,-10.5,-63.79,False,2022-12-22 06:00:00,6355.869999999999,6292.079999999999
buy,low_vol,ema_flipped,1.0,10.3,15.450000000000001,0.81,tp,15.45,93.86,True,2022-12-23 02:45:00,6292.079999999999,6385.939999999999
sell,low_vol,ema_flipped,0.8775,9.8,14.700000000000001,0.72,tp,14.7,79.38,True,2022-12-23 09:45:00,6385.939999999999,6465.319999999999
buy,low_vol,ema_flipped,0.7823,13.5,20.25,0.44,sl,-13.5,-44.55,False,2022-12-23 10:15:00,6465.319999999999,6420.769999999999
buy,high_vol,rsi,0.9985,17.2,25.799999999999997,0.5,sl,-17.2,-64.5,False,2022-12-27 15:45:00,6420.769999999999,6356.269999999999
buy,high_vol,rsi,0.9999,18.2,27.299999999999997,0.47,sl,-18.2,-64.15,False,2022-12-27 16:00:00,6356.269999999999,6292.119999999999
buy,high_vol,rsi,1.0,19.8,29.700000000000003,0.42,tp,29.7,93.55,True,2022-12-27 16:15:00,6292.119999999999,6385.669999999999
buy,high_vol,rsi,1.0,19.9,29.849999999999998,0.43,tp,29.85,96.27,True,2022-12-27 16:30:00,6385.669999999999,6481.94
buy,high_vol,rsi,1.0,19.4,29.099999999999998,0.45,tp,29.1,98.21,True,2022-12-27 16:45:00,6481.94,6580.15
buy,high_vol,rsi,1.0,20.1,30.150000000000002,0.44,tp,30.15,99.49,True,2022-12-27 17:00:00,6580.15,6679.639999999999
sell,low_vol,ema_flipped,1.0,7.2,10.8,1.24,tp,10.8,100.44,True,2022-12-28 08:30:00,6679.639999999999,6780.079999999999
buy,low_vol,ema_flipped,0.8867,10.2,15.299999999999999,0.74,tp,15.3,84.92,True,2022-12-28 09:45:00,6780.079999999999,6864.999999999999
sell,high_vol,rsi,1.0,24.2,36.3,0.38,sl,-24.2,-68.97,False,2022-12-28 18:30:00,6864.999999999999,6796.029999999999
buy,low_vol,ema_flipped,1.0,9.7,14.549999999999999,0.93,sl,-9.7,-67.66,False,2022-12-30 04:45:00,6796.029999999999,6728.369999999999
buy,high_vol,rsi,0.9899,13.6,20.4,0.65,sl,-13.6,-66.3,False,2023-01-03 09:30:00,6728.369999999999,6662.069999999999
buy,high_vol,rsi,1.0,16.2,24.299999999999997,0.55,sl,-16.2,-66.82,False,2023-01-03 09:45:00,6662.069999999999,6595.249999999999
buy,high_vol,rsi,1.0,18.0,27.0,0.49,sl,-18.0,-66.15,False,2023-01-03 10:00:00,6595.249999999999,6529.099999999999
buy,high_vol,rsi,1.0,19.2,28.799999999999997,0.45,sl,-19.2,-64.8,False,2023-01-03 10:15:00,6529.099999999999,6464.299999999999
buy,high_vol,rsi,1.0,21.4,32.099999999999994,0.4,sl,-21.4,-64.2,False,2023-01-03 10:30:00,6464.299999999999,6400.099999999999
buy,high_vol,rsi,1.0,21.9,32.849999999999994,0.39,tp,32.85,96.09,True,2023-01-03 10:45:00,6400.099999999999,6496.19
buy,high_vol,rsi,1.0,23.6,35.400000000000006,0.37,tp,35.4,98.24,True,2023-01-03 11:00:00,6496.19,6594.429999999999
buy,high_vol,rsi,1.0,24.8,37.2,0.35,tp,37.2,97.65,True,2023-01-03 11:15:00,6594.429999999999,6692.079999999999
buy,high_vol,rsi,1.0,25.5,38.25,0.35,tp,38.25,100.41,True,2023-01-03 11:30:00,6692.079999999999,6792.489999999999
buy,high_vol,rsi,1.0,27.0,40.5,0.34,tp,40.5,103.28,True,2023-01-03 11:45:00,6792.489999999999,6895.769999999999
buy,high_vol,rsi,1.0,27.3,40.95,0.34,tp,40.95,104.42,True,2023-01-03 12:00:00,6895.769999999999,7000.189999999999
buy,high_vol,rsi,1.0,27.5,41.25,0.34,tp,41.25,105.19,True,2023-01-03 12:15:00,7000.189999999999,7105.379999999998
buy,high_vol,rsi,1.0,28.1,42.150000000000006,0.34,tp,42.15,107.48,True,2023-01-03 12:30:00,7105.379999999998,7212.859999999998
buy,high_vol,rsi,1.0,28.8,43.2,0.33,tp,43.2,106.92,True,2023-01-03 12:45:00,7212.859999999998,7319.779999999998
sell,high_vol,rsi,1.0,27.1,40.650000000000006,0.36,tp,40.65,109.75,True,2023-01-03 15:45:00,7319.779999999998,7429.529999999998
sell,high_vol,rsi,1.0,27.6,41.400000000000006,0.36,tp,41.4,111.78,True,2023-01-03 16:00:00,7429.529999999998,7541.309999999998
sell,high_vol,rsi,1.0,26.8,40.2,0.38,tp,40.2,114.57,True,2023-01-03 16:15:00,7541.309999999998,7655.879999999997
sell,low_vol,ema_flipped,0.9038,13.7,20.549999999999997,0.64,sl,-13.7,-65.76,False,2023-01-04 09:45:00,7655.879999999997,7590.119999999997
buy,high_vol,rsi,1.0,25.4,38.099999999999994,0.4,sl,-25.4,-76.2,False,2023-01-04 13:30:00,7590.119999999997,7513.919999999997
buy,high_vol,rsi,1.0,28.6,42.900000000000006,0.35,tp,42.9,112.61,True,2023-01-06 16:15:00,7513.919999999997,7626.529999999997
buy,high_vol,rsi,1.0,28.9,43.349999999999994,0.35,tp,43.35,113.79,True,2023-01-06 16:30:00,7626.529999999997,7740.319999999997
buy,high_vol,rsi,1.0,29.7,44.55,0.35,tp,44.55,116.94,True,2023-01-06 16:45:00,7740.319999999997,7857.259999999997
sell,high_vol,rsi,1.0,21.0,31.5,0.5,sl,-21.0,-78.75,False,2023-01-09 16:15:00,7857.259999999997,7778.509999999997
sell,high_vol,rsi,1.0,20.8,31.200000000000003,0.5,sl,-20.8,-78.0,False,2023-01-09 16:30:00,7778.509999999997,7700.509999999997
sell,high_vol,rsi,1.0,23.4,35.099999999999994,0.44,sl,-23.4,-77.22,False,2023-01-09 17:15:00,7700.509999999997,7623.289999999996
sell,high_vol,rsi,1.0,23.3,34.95,0.44,sl,-23.3,-76.89,False,2023-01-09 17:30:00,7623.289999999996,7546.399999999996
sell,high_vol,rsi,1.0,19.8,29.700000000000003,0.51,sl,-19.8,-75.74,False,2023-01-13 16:30:00,7546.399999999996,7470.659999999996
sell,high_vol,rsi,1.0,20.8,31.200000000000003,0.48,tp,31.2,112.32,True,2023-01-13 16:45:00,7470.659999999996,7582.979999999996
sell,high_vol,rsi,1.0,21.2,31.799999999999997,0.48,tp,31.8,114.48,True,2023-01-13 17:00:00,7582.979999999996,7697.4599999999955
buy,low_vol,ema_flipped,0.9998,14.6,21.9,0.7,tp,21.9,114.97,True,2023-01-16 11:30:00,7697.4599999999955,7812.429999999996
sell,low_vol,ema_flipped,1.0,8.0,12.0,1.3,tp,12.0,117.0,True,2023-01-16 22:45:00,7812.429999999996,7929.429999999996
buy,high_vol,rsi,1.0,33.2,49.800000000000004,0.32,sl,-33.2,-79.68,False,2023-01-17 18:30:00,7929.429999999996,7849.749999999995
buy,high_vol,rsi,1.0,33.1,49.650000000000006,0.32,sl,-33.1,-79.44,False,2023-01-17 18:45:00,7849.749999999995,7770.309999999996
buy,high_vol,rsi,1.0,31.5,47.25,0.33,sl,-31.5,-77.96,False,2023-01-17 19:00:00,7770.309999999996,7692.349999999996
buy,high_vol,rsi,1.0,31.4,47.099999999999994,0.33,sl,-31.4,-77.71,False,2023-01-17 19:15:00,7692.349999999996,7614.639999999996
buy,high_vol,rsi,1.0,30.8,46.2,0.33,sl,-30.8,-76.23,False,2023-01-17 19:30:00,7614.639999999996,7538.409999999996
buy,high_vol,rsi,1.0,30.0,45.0,0.34,sl,-30.0,-76.5,False,2023-01-17 19:45:00,7538.409999999996,7461.909999999996
buy,high_vol,rsi,1.0,29.6,44.400000000000006,0.34,sl,-29.6,-75.48,False,2023-01-17 20:00:00,7461.909999999996,7386.429999999997
sell,high_vol,rsi,0.9987,16.2,24.299999999999997,0.61,sl,-16.2,-74.11,False,2023-01-18 10:00:00,7386.429999999997,7312.319999999997
sell,high_vol,rsi,0.9985,17.0,25.5,0.57,sl,-17.0,-72.68,False,2023-01-18 10:15:00,7312.319999999997,7239.639999999997
sell,high_vol,rsi,0.9979,17.7,26.549999999999997,0.54,sl,-17.7,-71.69,False,2023-01-18 10:30:00,7239.639999999997,7167.949999999997
sell,high_vol,rsi,0.9989,18.2,27.299999999999997,0.52,sl,-18.2,-70.98,False,2023-01-18 10:45:00,7167.949999999997,7096.9699999999975
sell,high_vol,rsi,1.0,19.4,29.099999999999998,0.49,tp,29.1,106.94,True,2023-01-18 11:00:00,7096.9699999999975,7203.909999999997
sell,high_vol,rsi,1.0,21.2,31.799999999999997,0.45,tp,31.8,107.32,True,2023-01-18 11:15:00,7203.909999999997,7311.229999999997
sell,high_vol,rsi,1.0,21.6,32.400000000000006,0.45,tp,32.4,109.35,True,2023-01-18 11:30:00,7311.229999999997,7420.579999999997
sell,high_vol,rsi,1.0,22.6,33.900000000000006,0.44,tp,33.9,111.87,True,2023-01-18 11:45:00,7420.579999999997,7532.449999999997
sell,high_vol,rsi,1.0,23.1,34.650000000000006,0.43,tp,34.65,111.75,True,2023-01-18 12:00:00,7532.449999999997,7644.199999999997
sell,high_vol,rsi,1.0,23.1,34.650000000000006,0.44,tp,34.65,114.35,True,2023-01-18 12:15:00,7644.199999999997,7758.549999999997
sell,high_vol,rsi,1.0,21.9,32.849999999999994,0.47,tp,32.85,115.8,True,2023-01-18 12:30:00,7758.549999999997,7874.349999999998
sell,high_vol,rsi,0.8885,17.8,26.700000000000003,0.5,sl,-17.8,-66.75,False,2023-01-19 11:15:00,7874.349999999998,7807.599999999998
sell,high_vol,rsi,0.9996,19.2,28.799999999999997,0.54,tp,28.8,116.64,True,2023-01-19 11:30:00,7807.599999999998,7924.239999999998
sell,high_vol,rsi,1.0,19.4,29.099999999999998,0.54,tp,29.1,117.85,True,2023-01-19 11:45:00,7924.239999999998,8042.089999999998
sell,high_vol,rsi,1.0,19.5,29.25,0.55,tp,29.25,120.66,True,2023-01-19 12:00:00,8042.089999999998,8162.749999999998
sell,high_vol,rsi,1.0,19.5,29.25,0.56,tp,29.25,122.85,True,2023-01-19 12:15:00,8162.749999999998,8285.599999999999
buy,high_vol,rsi,1.0,20.5,30.75,0.54,sl,-20.5,-83.03,False,2023-01-19 15:30:00,8285.599999999999,8202.569999999998
buy,high_vol,rsi,1.0,22.2,33.3,0.49,sl,-22.2,-81.59,False,2023-01-19 15:45:00,8202.569999999998,8120.979999999998
buy,high_vol,rsi,1.0,20.8,31.200000000000003,0.52,sl,-20.8,-81.12,False,2023-01-19 16:00:00,8120.979999999998,8039.859999999998
buy,high_vol,rsi,1.0,24.7,37.05,0.43,tp,37.05,119.49,True,2023-01-19 17:30:00,8039.859999999998,8159.349999999998
sell,low_vol,ema_flipped,1.0,10.4,15.600000000000001,1.05,timeout,6.1,48.04,True,2023-01-23 05:30:00,8159.349999999998,8207.389999999998
buy,high_vol,rsi,0.9956,16.7,25.049999999999997,0.65,tp,25.05,122.12,True,2023-01-23 15:00:00,8207.389999999998,8329.509999999998
buy,high_vol,rsi,0.992,16.1,24.150000000000002,0.68,tp,24.15,123.17,True,2023-01-23 15:15:00,8329.509999999998,8452.679999999998
buy,high_vol,rsi,0.9925,16.6,24.900000000000002,0.67,tp,24.9,125.12,True,2023-01-23 15:30:00,8452.679999999998,8577.8
sell,low_vol,ema_flipped,0.898,16.1,24.150000000000002,0.61,sl,-16.1,-73.66,False,2023-01-24 20:30:00,8577.8,8504.14
buy,low_vol,ema_flipped,0.6701,18.4,27.599999999999998,0.33,tp,27.6,68.31,True,2023-01-25 13:00:00,8504.14,8572.449999999999
sell,high_vol,rsi,1.0,28.2,42.3,0.41,tp,42.3,130.07,True,2023-01-25 17:00:00,8572.449999999999,8702.519999999999
sell,high_vol,rsi,1.0,29.4,44.099999999999994,0.39,tp,44.1,128.99,True,2023-01-25 17:15:00,8702.519999999999,8831.509999999998
buy,low_vol,ema_flipped,0.9992,14.2,21.299999999999997,0.83,sl,-14.2,-88.39,False,2023-01-26 14:15:00,8831.509999999998,8743.119999999999
buy,high_vol,rsi,1.0,19.2,28.799999999999997,0.61,sl,-19.2,-87.84,False,2023-01-26 16:00:00,8743.119999999999,8655.279999999999
buy,high_vol,rsi,1.0,21.4,32.099999999999994,0.54,sl,-21.4,-86.67,False,2023-01-26 16:15:00,8655.279999999999,8568.609999999999
buy,high_vol,rsi,1.0,22.3,33.45,0.51,sl,-22.3,-85.3,False,2023-01-26 16:30:00,8568.609999999999,8483.31
sell,high_vol,rsi,1.0,17.2,25.799999999999997,0.66,tp,25.8,127.71,True,2023-01-30 11:45:00,8483.31,8611.019999999999
sell,high_vol,rsi,1.0,17.3,25.950000000000003,0.66,tp,25.95,128.45,True,2023-01-30 12:00:00,8611.019999999999,8739.47
sell,high_vol,rsi,1.0,17.4,26.099999999999998,0.67,tp,26.1,131.15,True,2023-01-30 12:15:00,8739.47,8870.619999999999
sell,high_vol,rsi,1.0,18.6,27.900000000000002,0.64,tp,27.9,133.92,True,2023-01-31 13:30:00,8870.619999999999,9004.539999999999
sell,high_vol,rsi,1.0,16.8,25.200000000000003,0.71,tp,25.2,134.19,True,2023-01-31 14:00:00,9004.539999999999,9138.73
sell,high_vol,rsi,1.0,16.6,24.900000000000002,0.73,tp,24.9,136.33,True,2023-01-31 14:15:00,9138.73,9275.06
buy,high_vol,rsi,1.0,28.2,42.3,0.44,sl,-28.2,-93.06,False,2023-01-31 18:30:00,9275.06,9182.0
buy,high_vol,rsi,1.0,28.1,42.150000000000006,0.44,sl,-28.1,-92.73,False,2023-01-31 18:45:00,9182.0,9089.27
buy,high_vol,rsi,1.0,26.0,39.0,0.47,tp,39.0,137.48,True,2023-01-31 19:00:00,9089.27,9226.75
buy,high_vol,rsi,1.0,25.9,38.849999999999994,0.47,sl,-25.9,-91.3,False,2023-01-31 19:30:00,9226.75,9135.45
buy,high_vol,rsi,1.0,26.4,39.599999999999994,0.46,sl,-26.4,-91.08,False,2023-01-31 19:45:00,9135.45,9044.37
buy,high_vol,rsi,1.0,23.4,35.099999999999994,0.52,sl,-23.4,-91.26,False,2023-01-31 20:15:00,9044.37,8953.11
buy,high_vol,rsi,1.0,22.5,33.75,0.53,sl,-22.5,-89.44,False,2023-01-31 20:30:00,8953.11,8863.67
buy,high_vol,rsi,1.0,19.8,29.700000000000003,0.6,sl,-19.8,-89.1,False,2023-01-31 20:45:00,8863.67,8774.57
sell,low_vol,ema_flipped,1.0,12.8,19.200000000000003,0.91,sl,-12.8,-87.36,False,2023-02-01 13:45:00,8774.57,8687.21
sell,high_vol,rsi,0.9999,19.0,28.5,0.61,sl,-19.0,-86.93,False,2023-02-01 20:15:00,8687.21,8600.279999999999
sell,high_vol,rsi,1.0,18.0,27.0,0.64,sl,-18.0,-86.4,False,2023-02-01 20:30:00,8600.279999999999,8513.88
sell,high_vol,rsi,1.0,23.0,34.5,0.49,sl,-23.0,-84.52,False,2023-02-01 21:45:00,8513.88,8429.359999999999
sell,high_vol,rsi,0.7428,15.3,22.950000000000003,0.46,sl,-15.3,-52.79,False,2023-02-03 10:45:00,8429.359999999999,8376.569999999998
sell,high_vol,rsi,0.7316,15.8,23.700000000000003,0.44,sl,-15.8,-52.14,False,2023-02-03 11:00:00,8376.569999999998,8324.429999999998
sell,high_vol,rsi,0.7468,15.9,23.85,0.45,sl,-15.9,-53.66,False,2023-02-03 11:15:00,8324.429999999998,8270.769999999999
sell,high_vol,rsi,0.7801,16.3,24.450000000000003,0.46,sl,-16.3,-56.24,False,2023-02-03 11:30:00,8270.769999999999,8214.529999999999
sell,high_vol,rsi,0.8196,16.9,25.349999999999998,0.48,sl,-16.9,-60.84,False,2023-02-03 11:45:00,8214.529999999999,8153.689999999999
sell,high_vol,rsi,0.8695,17.2,25.799999999999997,0.51,sl,-17.2,-65.79,False,2023-02-03 12:00:00,8153.689999999999,8087.899999999999
sell,high_vol,rsi,0.9072,17.4,26.099999999999998,0.54,sl,-17.4,-70.47,False,2023-02-03 12:15:00,8087.899999999999,8017.4299999999985
sell,high_vol,rsi,0.9048,17.0,25.5,0.54,sl,-17.0,-68.85,False,2023-02-03 12:30:00,8017.4299999999985,7948.579999999998
sell,high_vol,rsi,0.8992,17.2,25.799999999999997,0.53,sl,-17.2,-68.37,False,2023-02-03 12:45:00,7948.579999999998,7880.209999999998
sell,high_vol,rsi,0.8817,16.5,24.75,0.53,sl,-16.5,-65.59,False,2023-02-03 13:00:00,7880.209999999998,7814.619999999998
sell,high_vol,rsi,0.8718,16.0,24.0,0.53,sl,-16.0,-63.6,False,2023-02-03 13:15:00,7814.619999999998,7751.019999999998
sell,high_vol,rsi,0.8545,15.4,23.1,0.53,sl,-15.4,-61.22,False,2023-02-03 13:30:00,7751.019999999998,7689.799999999997
sell,high_vol,rsi,0.8487,14.3,21.450000000000003,0.56,sl,-14.3,-60.06,False,2023-02-03 13:45:00,7689.799999999997,7629.739999999997
sell,high_vol,rsi,0.8464,13.9,20.85,0.57,sl,-13.9,-59.42,False,2023-02-03 14:00:00,7629.739999999997,7570.319999999997
sell,high_vol,rsi,0.8722,12.7,19.049999999999997,0.65,tp,19.05,92.87,True,2023-02-03 14:15:00,7570.319999999997,7663.189999999997
sell,high_vol,rsi,0.9233,12.9,19.35,0.71,tp,19.35,103.04,True,2023-02-03 14:30:00,7663.189999999997,7766.229999999997
sell,high_vol,rsi,0.9968,13.9,20.85,0.74,tp,20.85,115.72,True,2023-02-03 15:00:00,7766.229999999997,7881.949999999997
buy,high_vol,rsi,1.0,26.0,39.0,0.4,sl,-26.0,-78.0,False,2023-02-03 20:15:00,7881.949999999997,7803.949999999997
buy,high_vol,rsi,1.0,19.7,29.549999999999997,0.53,sl,-19.7,-78.31,False,2023-02-03 21:00:00,7803.949999999997,7725.639999999997
buy,high_vol,rsi,1.0,21.3,31.950000000000003,0.48,tp,31.95,115.02,True,2023-02-10 15:30:00,7725.639999999997,7840.659999999997
buy,high_vol,rsi,1.0,25.9,38.849999999999994,0.4,sl,-25.9,-77.7,False,2023-02-10 16:15:00,7840.659999999997,7762.959999999997
buy,high_vol,rsi,1.0,27.3,40.95,0.38,sl,-27.3,-77.8,False,2023-02-10 16:30:00,7762.959999999997,7685.159999999997
buy,high_vol,rsi,1.0,31.3,46.95,0.33,timeout,-12.4,-30.69,False,2023-02-10 17:30:00,7685.159999999997,7654.4699999999975
buy,high_vol,rsi,1.0,32.2,48.300000000000004,0.32,timeout,-1.0,-2.4,False,2023-02-10 17:45:00,7654.4699999999975,7652.069999999998
sell,high_vol,rsi,0.9999,17.8,26.700000000000003,0.57,sl,-17.8,-76.09,False,2023-02-13 17:30:00,7652.069999999998,7575.979999999998
sell,high_vol,rsi,1.0,18.8,28.200000000000003,0.54,sl,-18.8,-76.14,False,2023-02-13 17:45:00,7575.979999999998,7499.839999999997
sell,high_vol,rsi,1.0,19.1,28.650000000000002,0.52,sl,-19.1,-74.49,False,2023-02-13 18:00:00,7499.839999999997,7425.349999999998
sell,high_vol,rsi,0.9997,17.8,26.700000000000003,0.56,sl,-17.8,-74.76,False,2023-02-13 18:30:00,7425.349999999998,7350.589999999997
sell,high_vol,rsi,0.9995,17.8,26.700000000000003,0.55,sl,-17.8,-73.42,False,2023-02-13 18:45:00,7350.589999999997,7277.169999999997
sell,high_vol,rsi,0.9992,17.8,26.700000000000003,0.54,sl,-17.8,-72.09,False,2023-02-13 19:00:00,7277.169999999997,7205.079999999997
buy,low_vol,ema_flipped,1.0,8.2,12.299999999999999,1.17,tp,12.3,107.93,True,2023-02-15 01:00:00,7205.079999999997,7313.0099999999975
sell,low_vol,ema_flipped,1.0,7.9,11.850000000000001,1.23,sl,-7.9,-72.88,False,2023-02-15 02:00:00,7313.0099999999975,7240.129999999997
buy,low_vol,ema_flipped,1.0,6.8,10.2,1.42,sl,-6.8,-72.42,False,2023-02-15 08:00:00,7240.129999999997,7167.709999999997
sell,low_vol,ema_flipped,0.9998,8.6,12.899999999999999,1.11,sl,-8.6,-71.6,False,2023-02-15 09:30:00,7167.709999999997,7096.109999999997
sell,high_vol,rsi,0.9952,12.8,19.200000000000003,0.73,sl,-12.8,-70.08,False,2023-02-15 10:45:00,7096.109999999997,7026.029999999997
sell,high_vol,rsi,0.9957,13.9,20.85,0.67,tp,20.85,104.77,True,2023-02-15 11:00:00,7026.029999999997,7130.799999999997
sell,high_vol,rsi,0.9992,15.0,22.5,0.63,tp,22.5,106.31,True,2023-02-15 11:15:00,7130.799999999997,7237.109999999998
sell,high_vol,rsi,0.9994,15.3,22.950000000000003,0.63,tp,22.95,108.44,True,2023-02-15 11:45:00,7237.109999999998,7345.549999999997
sell,high_vol,rsi,0.9993,15.9,23.85,0.62,tp,23.85,110.9,True,2023-02-15 12:00:00,7345.549999999997,7456.449999999997
sell,high_vol,rsi,0.9995,16.2,24.299999999999997,0.61,tp,24.3,111.17,True,2023-02-15 12:15:00,7456.449999999997,7567.619999999997
sell,low_vol,ema_flipped,1.0,7.4,11.100000000000001,1.36,tp,11.1,113.22,True,2023-02-16 06:00:00,7567.619999999997,7680.839999999997
buy,low_vol,ema_flipped,1.0,7.1,10.649999999999999,1.44,sl,-7.1,-76.68,False,2023-02-16 06:45:00,7680.839999999997,7604.159999999997
sell,low_vol,ema_flipped,1.0,6.5,9.75,1.56,tp,9.75,114.07,True,2023-02-16 08:00:00,7604.159999999997,7718.229999999997
buy,low_vol,ema_flipped,1.0,6.9,10.350000000000001,1.49,sl,-6.9,-77.11,False,2023-02-16 09:00:00,7718.229999999997,7641.119999999997
sell,high_vol,rsi,0.9841,12.7,19.049999999999997,0.78,tp,19.05,111.44,True,2023-02-17 11:00:00,7641.119999999997,7752.559999999997
sell,high_vol,rsi,1.0,18.8,28.200000000000003,0.55,tp,28.2,116.33,True,2023-02-17 19:00:00,7752.559999999997,7868.889999999997
buy,low_vol,ema_flipped,0.9735,12.9,19.35,0.78,sl,-12.9,-75.47,False,2023-02-20 13:15:00,7868.889999999997,7793.419999999996
buy,high_vol,rsi,1.0,17.3,25.950000000000003,0.6,tp,25.95,116.77,True,2023-02-21 13:45:00,7793.419999999996,7910.189999999997
buy,high_vol,rsi,1.0,16.8,25.200000000000003,0.63,tp,25.2,119.07,True,2023-02-21 14:00:00,7910.189999999997,8029.259999999997
sell,high_vol,rsi,1.0,22.8,34.2,0.47,sl,-22.8,-80.37,False,2023-02-21 17:00:00,8029.259999999997,7948.889999999997
sell,high_vol,rsi,1.0,22.9,34.349999999999994,0.46,sl,-22.9,-79.0,False,2023-02-21 17:15:00,7948.889999999997,7869.889999999997
sell,high_vol,rsi,1.0,24.7,37.05,0.42,tp,37.05,116.71,True,2023-02-21 17:30:00,7869.889999999997,7986.599999999997
sell,high_vol,rsi,1.0,25.7,38.55,0.41,tp,38.55,118.54,True,2023-02-21 17:45:00,7986.599999999997,8105.139999999997
buy,high_vol,rsi,1.0,15.6,23.4,0.69,timeout,-7.5,-38.81,False,2023-02-22 20:30:00,8105.139999999997,8066.329999999996
buy,high_vol,rsi,1.0,15.5,23.25,0.69,sl,-15.5,-80.21,False,2023-02-22 20:45:00,8066.329999999996,7986.119999999996
buy,high_vol,rsi,0.9815,11.5,17.25,0.9,tp,17.25,116.44,True,2023-02-23 12:00:00,7986.119999999996,8102.559999999996
sell,low_vol,ema_flipped,1.0,9.6,14.399999999999999,1.13,sl,-9.6,-81.36,False,2023-02-24 10:45:00,8102.559999999996,8021.199999999996
sell,high_vol,rsi,1.0,19.3,28.950000000000003,0.55,sl,-19.3,-79.61,False,2023-02-27 18:30:00,8021.199999999996,7941.5899999999965
sell,high_vol,rsi,1.0,19.3,28.950000000000003,0.55,sl,-19.3,-79.61,False,2023-02-27 18:45:00,7941.5899999999965,7861.979999999997
sell,high_vol,rsi,0.9924,11.9,17.85,0.87,tp,17.85,116.47,True,2023-02-27 21:30:00,7861.979999999997,7978.449999999997
sell,high_vol,rsi,0.7395,11.0,16.5,0.61,tp,16.5,75.49,True,2023-02-27 21:45:00,7978.449999999997,8053.939999999997
sell,high_vol,rsi,0.9978,11.0,16.5,0.97,sl,-11.0,-80.03,False,2023-02-28 10:15:00,8053.939999999997,7973.909999999997
sell,high_vol,rsi,0.9999,12.1,18.15,0.88,tp,18.15,119.79,True,2023-02-28 10:30:00,7973.909999999997,8093.699999999997
sell,high_vol,rsi,0.9986,12.4,18.6,0.87,tp,18.6,121.36,True,2023-02-28 10:45:00,8093.699999999997,8215.059999999998
sell,high_vol,rsi,0.9987,12.9,19.35,0.85,tp,19.35,123.36,True,2023-02-28 11:00:00,8215.059999999998,8338.419999999998
sell,high_vol,rsi,0.9999,13.7,20.549999999999997,0.81,tp,20.55,124.84,True,2023-02-28 11:15:00,8338.419999999998,8463.259999999998
sell,high_vol,rsi,1.0,21.7,32.55,0.52,tp,32.55,126.95,True,2023-02-28 17:00:00,8463.259999999998,8590.21
sell,high_vol,rsi,1.0,22.3,33.45,0.51,tp,33.45,127.95,True,2023-02-28 17:15:00,8590.21,8718.16
buy,high_vol,rsi,1.0,17.9,26.849999999999998,0.65,timeout,11.6,56.55,True,2023-02-28 20:30:00,8718.16,8774.71
sell,high_vol,rsi,0.9792,9.3,13.950000000000001,1.22,sl,-9.3,-85.1,False,2023-03-01 09:30:00,8774.71,8689.609999999999
sell,high_vol,rsi,1.0,12.3,18.450000000000003,0.94,sl,-12.3,-86.72,False,2023-03-01 09:45:00,8689.609999999999,8602.89
sell,high_vol,rsi,1.0,14.9,22.35,0.77,sl,-14.9,-86.05,False,2023-03-01 10:15:00,8602.89,8516.84
sell,high_vol,rsi,1.0,15.6,23.4,0.73,sl,-15.6,-85.41,False,2023-03-01 10:30:00,8516.84,8431.43
sell,high_vol,rsi,1.0,17.1,25.650000000000002,0.66,sl,-17.1,-84.65,False,2023-03-01 10:45:00,8431.43,8346.78
sell,high_vol,rsi,1.0,18.1,27.150000000000002,0.61,sl,-18.1,-82.81,False,2023-03-01 11:00:00,8346.78,8263.970000000001
sell,high_vol,rsi,1.0,19.1,28.650000000000002,0.58,sl,-19.1,-83.09,False,2023-03-01 11:15:00,8263.970000000001,8180.880000000001
sell,high_vol,rsi,1.0,19.5,29.25,0.56,sl,-19.5,-81.9,False,2023-03-01 11:30:00,8180.880000000001,8098.980000000001
sell,high_vol,rsi,1.0,16.9,25.349999999999998,0.64,tp,25.35,121.68,True,2023-03-01 15:15:00,8098.980000000001,8220.660000000002
sell,high_vol,rsi,1.0,16.2,24.299999999999997,0.68,tp,24.3,123.93,True,2023-03-01 15:30:00,8220.660000000002,8344.590000000002
sell,high_vol,rsi,1.0,16.7,25.049999999999997,0.67,tp,25.05,125.88,True,2023-03-01 15:45:00,8344.590000000002,8470.470000000001
sell,high_vol,rsi,1.0,16.8,25.200000000000003,0.67,tp,25.2,126.63,True,2023-03-01 16:00:00,8470.470000000001,8597.1
buy,low_vol,ema_flipped,0.9851,10.9,16.35,1.03,sl,-10.9,-84.2,False,2023-03-02 10:45:00,8597.1,8512.9
sell,high_vol,rsi,0.9999,12.9,19.35,0.88,sl,-12.9,-85.14,False,2023-03-03 15:00:00,8512.9,8427.76
sell,high_vol,rsi,1.0,13.4,20.1,0.84,sl,-13.4,-84.42,False,2023-03-03 15:15:00,8427.76,8343.34
sell,high_vol,rsi,1.0,14.1,21.15,0.79,sl,-14.1,-83.54,False,2023-03-03 15:30:00,8343.34,8259.8
sell,high_vol,rsi,1.0,14.9,22.35,0.74,sl,-14.9,-82.69,False,2023-03-03 15:45:00,8259.8,8177.11
sell,high_vol,rsi,1.0,16.0,24.0,0.68,tp,24.0,122.4,True,2023-03-03 16:00:00,8177.11,8299.51
sell,high_vol,rsi,1.0,16.0,24.0,0.69,tp,24.0,124.2,True,2023-03-03 16:15:00,8299.51,8423.710000000001
sell,high_vol,rsi,1.0,17.0,25.5,0.66,tp,25.5,126.23,True,2023-03-03 16:30:00,8423.710000000001,8549.94
sell,high_vol,rsi,1.0,16.8,25.200000000000003,0.68,sl,-16.8,-85.68,False,2023-03-06 16:00:00,8549.94,8464.26
sell,high_vol,rsi,1.0,17.4,26.099999999999998,0.65,sl,-17.4,-84.83,False,2023-03-06 16:15:00,8464.26,8379.43
sell,high_vol,rsi,1.0,18.9,28.349999999999998,0.59,sl,-18.9,-83.63,False,2023-03-06 16:30:00,8379.43,8295.800000000001
sell,high_vol,rsi,1.0,19.3,28.950000000000003,0.57,sl,-19.3,-82.51,False,2023-03-06 16:45:00,8295.800000000001,8213.29
sell,high_vol,rsi,1.0,19.0,28.5,0.58,sl,-19.0,-82.65,False,2023-03-06 17:00:00,8213.29,8130.640000000001
sell,high_vol,rsi,1.0,17.7,26.549999999999997,0.61,timeout,8.1,37.06,True,2023-03-06 17:30:00,8130.640000000001,8167.700000000002
sell,high_vol,rsi,1.0,20.2,30.299999999999997,0.54,timeout,13.6,55.08,True,2023-03-06 18:00:00,8167.700000000002,8222.780000000002
sell,high_vol,rsi,1.0,20.6,30.900000000000002,0.53,timeout,12.2,48.49,True,2023-03-06 18:30:00,8222.780000000002,8271.270000000002
sell,high_vol,rsi,1.0,20.5,30.75,0.54,timeout,15.5,62.78,True,2023-03-06 18:45:00,8271.270000000002,8334.050000000003
sell,high_vol,rsi,1.0,14.7,22.049999999999997,0.76,sl,-14.7,-83.79,False,2023-03-09 20:45:00,8334.050000000003,8250.260000000002
sell,high_vol,rsi,0.9997,13.7,20.549999999999997,0.8,sl,-13.7,-82.2,False,2023-03-09 21:00:00,8250.260000000002,8168.060000000002
sell,high_vol,rsi,0.9972,12.5,18.75,0.87,sl,-12.5,-81.56,False,2023-03-09 21:30:00,8168.060000000002,8086.500000000002
sell,high_vol,rsi,0.9995,12.8,19.200000000000003,0.84,sl,-12.8,-80.64,False,2023-03-09 21:45:00,8086.500000000002,8005.8600000000015
sell,high_vol,rsi,0.9997,13.4,20.1,0.8,sl,-13.4,-80.4,False,2023-03-09 22:00:00,8005.8600000000015,7925.460000000002
sell,high_vol,rsi,0.9998,13.6,20.4,0.78,sl,-13.6,-79.56,False,2023-03-09 22:15:00,7925.460000000002,7845.9000000000015
sell,high_vol,rsi,0.9999,13.6,20.4,0.77,sl,-13.6,-78.54,False,2023-03-09 22:30:00,7845.9000000000015,7767.3600000000015
sell,high_vol,rsi,0.9999,14.1,21.15,0.73,sl,-14.1,-77.2,False,2023-03-09 22:45:00,7767.3600000000015,7690.160000000002
sell,high_vol,rsi,0.9993,13.6,20.4,0.75,sl,-13.6,-76.5,False,2023-03-09 23:00:00,7690.160000000002,7613.660000000002
sell,high_vol,rsi,0.9957,13.6,20.4,0.74,sl,-13.6,-75.48,False,2023-03-09 23:15:00,7613.660000000002,7538.180000000002
sell,high_vol,rsi,0.9808,13.0,19.5,0.75,tp,19.5,109.69,True,2023-03-09 23:30:00,7538.180000000002,7647.870000000002
sell,high_vol,rsi,0.9081,12.6,18.9,0.7,sl,-12.6,-66.15,False,2023-03-09 23:45:00,7647.870000000002,7581.720000000002
sell,high_vol,rsi,1.0,33.4,50.099999999999994,0.3,tp,50.1,112.72,True,2023-03-10 17:30:00,7581.720000000002,7694.440000000002
sell,high_vol,rsi,0.999,12.3,18.450000000000003,0.83,tp,18.45,114.85,True,2023-03-13 10:15:00,7694.440000000002,7809.290000000003
buy,high_vol,rsi,1.0,20.6,30.900000000000002,0.51,tp,30.9,118.19,True,2023-03-13 12:30:00,7809.290000000003,7927.480000000002
buy,low_vol,ema_flipped,0.9999,10.9,16.35,0.97,sl,-10.9,-79.3,False,2023-03-14 06:15:00,7927.480000000002,7848.180000000002
buy,high_vol,rsi,1.0,11.6,17.4,0.9,sl,-11.6,-78.3,False,2023-03-14 10:15:00,7848.180000000002,7769.880000000002
buy,high_vol,rsi,1.0,13.0,19.5,0.8,tp,19.5,117.0,True,2023-03-14 10:30:00,7769.880000000002,7886.880000000002
sell,low_vol,ema_flipped,1.0,9.7,14.549999999999999,1.08,sl,-9.7,-78.57,False,2023-03-15 05:15:00,7886.880000000002,7808.310000000002
buy,high_vol,rsi,1.0,21.3,31.950000000000003,0.49,sl,-21.3,-78.28,False,2023-03-15 12:30:00,7808.310000000002,7730.0300000000025
buy,high_vol,rsi,1.0,28.9,43.349999999999994,0.36,sl,-28.9,-78.03,False,2023-03-15 13:45:00,7730.0300000000025,7652.000000000003
buy,high_vol,rsi,1.0,30.2,45.3,0.34,sl,-30.2,-77.01,False,2023-03-15 14:00:00,7652.000000000003,7574.9900000000025
buy,high_vol,rsi,1.0,32.7,49.050000000000004,0.31,sl,-32.7,-76.03,False,2023-03-15 14:15:00,7574.9900000000025,7498.960000000003
buy,high_vol,rsi,1.0,32.3,48.449999999999996,0.31,sl,-32.3,-75.1,False,2023-03-15 14:30:00,7498.960000000003,7423.860000000002
buy,high_vol,rsi,1.0,32.3,48.449999999999996,0.31,sl,-32.3,-75.1,False,2023-03-15 14:45:00,7423.860000000002,7348.760000000002
buy,high_vol,rsi,1.0,33.9,50.849999999999994,0.29,sl,-33.9,-73.73,False,2023-03-15 15:00:00,7348.760000000002,7275.0300000000025
buy,high_vol,rsi,1.0,34.4,51.599999999999994,0.28,sl,-34.4,-72.24,False,2023-03-15 15:15:00,7275.0300000000025,7202.790000000003
buy,high_vol,rsi,1.0,35.0,52.5,0.27,sl,-35.0,-70.88,False,2023-03-15 15:30:00,7202.790000000003,7131.910000000003
buy,high_vol,rsi,1.0,38.4,57.599999999999994,0.25,timeout,22.4,42.0,True,2023-03-15 15:45:00,7131.910000000003,7173.910000000003
buy,high_vol,rsi,1.0,36.2,54.300000000000004,0.26,tp,54.3,105.89,True,2023-03-15 16:00:00,7173.910000000003,7279.800000000003
buy,high_vol,rsi,1.0,37.6,56.400000000000006,0.26,tp,56.4,109.98,True,2023-03-15 16:15:00,7279.800000000003,7389.7800000000025
buy,high_vol,rsi,1.0,38.8,58.199999999999996,0.25,tp,58.2,109.12,True,2023-03-15 16:30:00,7389.7800000000025,7498.900000000002
sell,low_vol,ema_flipped,1.0,8.6,12.899999999999999,1.16,sl,-8.6,-74.82,False,2023-03-17 09:15:00,7498.900000000002,7424.080000000003
sell,high_vol,rsi,1.0,27.1,40.650000000000006,0.37,timeout,-1.6,-4.44,False,2023-03-17 18:30:00,7424.080000000003,7419.640000000003
sell,high_vol,rsi,1.0,27.0,40.5,0.37,timeout,-9.8,-27.19,False,2023-03-17 18:45:00,7419.640000000003,7392.4500000000035
sell,high_vol,rsi,1.0,26.6,39.900000000000006,0.37,timeout,-11.8,-32.74,False,2023-03-17 19:00:00,7392.4500000000035,7359.710000000004
sell,high_vol,rsi,1.0,26.8,40.2,0.37,timeout,0.7,1.94,True,2023-03-17 19:15:00,7359.710000000004,7361.650000000003
sell,high_vol,rsi,1.0,26.8,40.2,0.37,timeout,-0.8,-2.22,False,2023-03-17 19:30:00,7361.650000000003,7359.430000000003
sell,high_vol,rsi,1.0,26.3,39.45,0.37,timeout,2.3,6.38,True,2023-03-17 19:45:00,7359.430000000003,7365.810000000003
sell,high_vol,rsi,1.0,22.7,34.05,0.43,tp,34.05,109.81,True,2023-03-20 14:45:00,7365.810000000003,7475.6200000000035
sell,high_vol,rsi,1.0,18.2,27.299999999999997,0.55,sl,-18.2,-75.07,False,2023-03-21 13:45:00,7475.6200000000035,7400.550000000004
sell,high_vol,rsi,1.0,18.8,28.200000000000003,0.52,sl,-18.8,-73.32,False,2023-03-21 14:00:00,7400.550000000004,7327.230000000004
sell,high_vol,rsi,1.0,19.3,28.950000000000003,0.51,sl,-19.3,-73.82,False,2023-03-21 14:15:00,7327.230000000004,7253.410000000004
sell,high_vol,rsi,1.0,17.5,26.25,0.55,sl,-17.5,-72.19,False,2023-03-21 14:45:00,7253.410000000004,7181.220000000005
sell,high_vol,rsi,1.0,17.8,26.700000000000003,0.54,sl,-17.8,-72.09,False,2023-03-21 15:00:00,7181.220000000005,7109.130000000005
sell,high_vol,rsi,1.0,17.4,26.099999999999998,0.54,sl,-17.4,-70.47,False,2023-03-21 15:15:00,7109.130000000005,7038.660000000004
sell,high_vol,rsi,1.0,17.4,26.099999999999998,0.54,sl,-17.4,-70.47,False,2023-03-21 15:30:00,7038.660000000004,6968.190000000004
sell,high_vol,rsi,1.0,17.5,26.25,0.53,sl,-17.5,-69.56,False,2023-03-21 15:45:00,6968.190000000004,6898.630000000004
sell,high_vol,rsi,1.0,22.8,34.2,0.4,timeout,18.3,54.9,True,2023-03-21 20:00:00,6898.630000000004,6953.530000000003
sell,high_vol,rsi,1.0,17.4,26.099999999999998,0.53,sl,-17.4,-69.17,False,2023-03-22 19:45:00,6953.530000000003,6884.360000000003
sell,high_vol,rsi,1.0,23.3,34.95,0.39,sl,-23.3,-68.15,False,2023-03-22 21:30:00,6884.360000000003,6816.210000000004
sell,high_vol,rsi,1.0,24.7,37.05,0.37,sl,-24.7,-68.54,False,2023-03-22 21:45:00,6816.210000000004,6747.670000000004
sell,high_vol,rsi,1.0,25.8,38.7,0.35,sl,-25.8,-67.73,False,2023-03-22 22:00:00,6747.670000000004,6679.940000000004
sell,high_vol,rsi,1.0,25.9,38.849999999999994,0.34,sl,-25.9,-66.05,False,2023-03-22 22:15:00,6679.940000000004,6613.890000000004
sell,high_vol,rsi,1.0,25.6,38.400000000000006,0.34,sl,-25.6,-65.28,False,2023-03-22 22:30:00,6613.890000000004,6548.610000000004
sell,high_vol,rsi,1.0,26.7,40.05,0.33,tp,40.05,99.12,True,2023-03-22 22:45:00,6548.610000000004,6647.730000000004
sell,high_vol,rsi,1.0,26.0,39.0,0.34,sl,-26.0,-66.3,False,2023-03-22 23:30:00,6647.730000000004,6581.430000000004
sell,high_vol,rsi,1.0,25.4,38.099999999999994,0.35,sl,-25.4,-66.67,False,2023-03-22 23:45:00,6581.430000000004,6514.760000000004
sell,high_vol,rsi,1.0,24.9,37.349999999999994,0.35,sl,-24.9,-65.36,False,2023-03-23 00:00:00,6514.760000000004,6449.400000000004
sell,high_vol,rsi,1.0,23.2,34.8,0.37,sl,-23.2,-64.38,False,2023-03-23 00:15:00,6449.400000000004,6385.020000000004
buy,high_vol,rsi,1.0,17.4,26.099999999999998,0.49,sl,-17.4,-63.95,False,2023-03-23 12:45:00,6385.020000000004,6321.070000000004
buy,high_vol,rsi,1.0,17.2,25.799999999999997,0.49,sl,-17.2,-63.21,False,2023-03-23 13:00:00,6321.070000000004,6257.860000000004
buy,high_vol,rsi,1.0,17.8,26.700000000000003,0.47,sl,-17.8,-62.74,False,2023-03-23 13:15:00,6257.860000000004,6195.120000000004
buy,high_vol,rsi,1.0,17.7,26.549999999999997,0.47,sl,-17.7,-62.39,False,2023-03-23 13:30:00,6195.120000000004,6132.730000000004
buy,high_vol,rsi,1.0,17.4,26.099999999999998,0.47,sl,-17.4,-61.34,False,2023-03-23 13:45:00,6132.730000000004,6071.390000000004
buy,high_vol,rsi,1.0,17.0,25.5,0.48,sl,-17.0,-61.2,False,2023-03-23 14:30:00,6071.390000000004,6010.190000000004
buy,high_vol,rsi,1.0,16.6,24.900000000000002,0.48,timeout,11.9,42.84,True,2023-03-24 00:45:00,6010.190000000004,6053.030000000004
buy,high_vol,rsi,1.0,15.9,23.85,0.51,sl,-15.9,-60.82,False,2023-03-24 11:15:00,6053.030000000004,5992.210000000005
buy,high_vol,rsi,1.0,17.0,25.5,0.47,sl,-17.0,-59.93,False,2023-03-24 11:30:00,5992.210000000005,5932.280000000004
buy,high_vol,rsi,1.0,24.8,37.2,0.32,tp,37.2,89.28,True,2023-03-24 12:45:00,5932.280000000004,6021.560000000004
buy,high_vol,rsi,0.779,15.4,23.1,0.36,tp,23.1,62.37,True,2023-03-24 21:30:00,6021.560000000004,6083.930000000004
buy,high_vol,rsi,0.9999,15.6,23.4,0.52,timeout,9.2,35.88,True,2023-03-27 19:45:00,6083.930000000004,6119.810000000004
sell,high_vol,rsi,1.0,15.2,22.799999999999997,0.54,sl,-15.2,-61.56,False,2023-03-28 11:30:00,6119.810000000004,6058.250000000004
sell,high_vol,rsi,0.9999,15.4,23.1,0.52,sl,-15.4,-60.06,False,2023-03-28 11:45:00,6058.250000000004,5998.190000000003
sell,high_vol,rsi,1.0,16.5,24.75,0.48,tp,24.75,89.1,True,2023-03-28 12:00:00,5998.190000000003,6087.290000000004
sell,high_vol,rsi,1.0,17.3,25.950000000000003,0.47,tp,25.95,91.47,True,2023-03-28 12:15:00,6087.290000000004,6178.760000000004
sell,high_vol,rsi,1.0,17.0,25.5,0.48,tp,25.5,91.8,True,2023-03-28 12:30:00,6178.760000000004,6270.560000000004
sell,high_vol,rsi,1.0,17.4,26.099999999999998,0.48,tp,26.1,93.96,True,2023-03-28 12:45:00,6270.560000000004,6364.520000000004
sell,high_vol,rsi,1.0,17.5,26.25,0.48,tp,26.25,94.5,True,2023-03-28 13:00:00,6364.520000000004,6459.020000000004
sell,high_vol,rsi,1.0,17.4,26.099999999999998,0.49,tp,26.1,95.92,True,2023-03-28 13:15:00,6459.020000000004,6554.940000000004
buy,high_vol,rsi,1.0,18.5,27.75,0.47,sl,-18.5,-65.21,False,2023-03-28 19:00:00,6554.940000000004,6489.730000000004
buy,high_vol,rsi,1.0,18.3,27.450000000000003,0.47,sl,-18.3,-64.51,False,2023-03-28 19:15:00,6489.730000000004,6425.220000000004
buy,high_vol,rsi,1.0,17.7,26.549999999999997,0.48,sl,-17.7,-63.72,False,2023-03-28 19:30:00,6425.220000000004,6361.500000000004
buy,high_vol,rsi,1.0,18.5,27.75,0.46,sl,-18.5,-63.82,False,2023-03-29 17:15:00,6361.500000000004,6297.680000000004
buy,high_vol,rsi,1.0,18.4,27.599999999999998,0.46,timeout,-6.0,-20.7,False,2023-03-29 17:30:00,6297.680000000004,6276.980000000004
sell,high_vol,rsi,1.0,20.4,30.599999999999998,0.41,sl,-20.4,-62.73,False,2023-03-30 13:30:00,6276.980000000004,6214.250000000005
sell,high_vol,rsi,1.0,19.6,29.400000000000002,0.42,sl,-19.6,-61.74,False,2023-03-30 13:45:00,6214.250000000005,6152.510000000005
sell,high_vol,rsi,1.0,18.8,28.200000000000003,0.44,tp,28.2,93.06,True,2023-03-30 15:45:00,6152.510000000005,6245.570000000005
sell,high_vol,rsi,1.0,20.3,30.450000000000003,0.41,tp,30.45,93.63,True,2023-03-30 16:15:00,6245.570000000005,6339.200000000005
buy,high_vol,rsi,1.0,18.8,28.200000000000003,0.45,sl,-18.8,-63.45,False,2023-03-31 20:30:00,6339.200000000005,6275.7500000000055
buy,high_vol,rsi,0.9999,15.3,22.950000000000003,0.55,sl,-15.3,-63.11,False,2023-03-31 23:15:00,6275.7500000000055,6212.640000000006
buy,high_vol,rsi,1.0,17.7,26.549999999999997,0.47,sl,-17.7,-62.39,False,2023-04-03 00:30:00,6212.640000000006,6150.2500000000055
buy,high_vol,rsi,1.0,17.6,26.400000000000002,0.47,sl,-17.6,-62.04,False,2023-04-03 00:45:00,6150.2500000000055,6088.2100000000055
buy,high_vol,rsi,1.0,21.1,31.650000000000002,0.38,timeout,-4.1,-11.69,False,2023-04-03 02:00:00,6088.2100000000055,6076.520000000006
buy,high_vol,rsi,1.0,20.1,30.150000000000002,0.4,timeout,3.2,9.6,True,2023-04-03 02:15:00,6076.520000000006,6086.120000000006
buy,high_vol,rsi,1.0,20.6,30.900000000000002,0.39,timeout,9.6,28.08,True,2023-04-03 02:30:00,6086.120000000006,6114.200000000006
buy,high_vol,rsi,0.8091,10.0,15.0,0.59,timeout,3.3,14.6,True,2023-04-03 07:00:00,6114.200000000006,6128.800000000007
sell,low_vol,ema_flipped,1.0,11.6,17.4,0.7,tp,17.4,91.35,True,2023-04-04 02:15:00,6128.800000000007,6220.150000000007
buy,low_vol,ema_flipped,1.0,8.0,12.0,1.04,sl,-8.0,-62.4,False,2023-04-04 05:45:00,6220.150000000007,6157.750000000007
sell,low_vol,ema_flipped,0.9734,14.1,21.15,0.56,sl,-14.1,-59.22,False,2023-04-04 10:30:00,6157.750000000007,6098.530000000007
sell,high_vol,rsi,1.0,23.7,35.55,0.34,sl,-23.7,-60.43,False,2023-04-04 17:30:00,6098.530000000007,6038.100000000007
sell,high_vol,rsi,1.0,24.4,36.599999999999994,0.33,timeout,6.6,16.33,True,2023-04-04 17:45:00,6038.100000000007,6054.430000000007
sell,high_vol,rsi,1.0,25.5,38.25,0.32,timeout,19.8,47.52,True,2023-04-04 18:00:00,6054.430000000007,6101.950000000007
sell,high_vol,rsi,1.0,25.0,37.5,0.33,timeout,7.4,18.31,True,2023-04-04 18:15:00,6101.950000000007,6120.2600000000075
sell,high_vol,rsi,1.0,25.2,37.8,0.32,timeout,10.4,24.96,True,2023-04-04 18:30:00,6120.2600000000075,6145.2200000000075
sell,high_vol,rsi,1.0,25.4,38.099999999999994,0.32,timeout,3.4,8.16,True,2023-04-04 18:45:00,6145.2200000000075,6153.380000000007
sell,high_vol,rsi,1.0,25.5,38.25,0.32,timeout,11.9,28.56,True,2023-04-04 19:00:00,6153.380000000007,6181.940000000008
sell,high_vol,rsi,1.0,24.8,37.2,0.33,timeout,11.1,27.47,True,2023-04-04 19:15:00,6181.940000000008,6209.410000000008
sell,low_vol,ema_flipped,0.9992,14.7,22.049999999999997,0.56,sl,-14.7,-61.74,False,2023-04-06 14:30:00,6209.410000000008,6147.670000000008
buy,low_vol,ema_flipped,1.0,5.9,8.850000000000001,1.39,sl,-5.9,-61.51,False,2023-04-10 06:00:00,6147.670000000008,6086.160000000008
sell,low_vol,ema_flipped,1.0,9.7,14.549999999999999,0.84,sl,-9.7,-61.11,False,2023-04-11 10:45:00,6086.160000000008,6025.050000000008
sell,high_vol,rsi,1.0,15.2,22.799999999999997,0.53,tp,22.8,90.63,True,2023-04-11 14:00:00,6025.050000000008,6115.6800000000085
buy,high_vol,rsi,0.9992,14.6,21.9,0.56,tp,21.9,91.98,True,2023-04-11 19:45:00,6115.6800000000085,6207.660000000008
buy,high_vol,rsi,0.9534,14.0,21.0,0.55,tp,21.0,86.62,True,2023-04-11 20:00:00,6207.660000000008,6294.280000000008
buy,low_vol,ema_flipped,0.9999,10.5,15.75,0.8,sl,-10.5,-63.0,False,2023-04-11 21:00:00,6294.280000000008,6231.280000000008
sell,low_vol,ema_flipped,1.0,7.3,10.95,1.14,tp,10.95,93.62,True,2023-04-12 06:45:00,6231.280000000008,6324.900000000008
buy,low_vol,ema_flipped,1.0,6.4,9.600000000000001,1.32,sl,-6.4,-63.36,False,2023-04-12 07:45:00,6324.900000000008,6261.540000000008
sell,low_vol,ema_flipped,1.0,6.2,9.3,1.35,tp,9.3,94.16,True,2023-04-12 08:15:00,6261.540000000008,6355.700000000008
buy,low_vol,ema_flipped,0.9992,7.2,10.8,1.18,tp,10.8,95.58,True,2023-04-12 09:15:00,6355.700000000008,6451.280000000008
sell,low_vol,ema_flipped,0.995,10.7,16.049999999999997,0.8,sl,-10.7,-64.2,False,2023-04-12 10:45:00,6451.280000000008,6387.080000000008
sell,high_vol,rsi,1.0,20.5,30.75,0.42,tp,30.75,96.86,True,2023-04-12 16:15:00,6387.080000000008,6483.940000000008
sell,high_vol,rsi,1.0,21.2,31.799999999999997,0.41,tp,31.8,97.78,True,2023-04-12 16:30:00,6483.940000000008,6581.7200000000075
sell,high_vol,rsi,1.0,21.6,32.400000000000006,0.41,tp,32.4,99.63,True,2023-04-12 16:45:00,6581.7200000000075,6681.350000000008
sell,high_vol,rsi,1.0,23.0,34.5,0.39,tp,34.5,100.91,True,2023-04-12 17:00:00,6681.350000000008,6782.2600000000075
sell,high_vol,rsi,1.0,24.0,36.0,0.38,tp,36.0,102.6,True,2023-04-12 17:15:00,6782.2600000000075,6884.860000000008
sell,high_vol,rsi,1.0,24.8,37.2,0.37,tp,37.2,103.23,True,2023-04-12 17:30:00,6884.860000000008,6988.090000000007
buy,high_vol,rsi,1.0,15.2,22.799999999999997,0.61,sl,-15.2,-69.54,False,2023-04-13 20:00:00,6988.090000000007,6918.5500000000075
buy,high_vol,rsi,1.0,14.6,21.9,0.63,sl,-14.6,-68.99,False,2023-04-13 20:15:00,6918.5500000000075,6849.560000000008
buy,high_vol,rsi,0.9953,13.0,19.5,0.7,sl,-13.0,-68.25,False,2023-04-13 20:30:00,6849.560000000008,6781.310000000008
buy,low_vol,ema_flipped,0.731,11.9,17.85,0.47,sl,-11.9,-41.95,False,2023-04-13 20:45:00,6781.310000000008,6739.360000000008
sell,high_vol,rsi,1.0,14.6,21.9,0.62,sl,-14.6,-67.89,False,2023-04-21 15:30:00,6739.360000000008,6671.4700000000075
sell,high_vol,rsi,1.0,14.6,21.9,0.61,tp,21.9,100.19,True,2023-04-21 15:45:00,6671.4700000000075,6771.660000000007
sell,high_vol,rsi,1.0,14.6,21.9,0.62,tp,21.9,101.83,True,2023-04-21 16:00:00,6771.660000000007,6873.490000000007
sell,high_vol,rsi,1.0,15.5,23.25,0.59,tp,23.25,102.88,True,2023-04-21 16:15:00,6873.490000000007,6976.370000000007
sell,high_vol,rsi,1.0,15.6,23.4,0.6,tp,23.4,105.3,True,2023-04-21 16:30:00,6976.370000000007,7081.670000000007
sell,high_vol,rsi,1.0,13.5,20.25,0.7,sl,-13.5,-70.87,False,2023-04-24 20:45:00,7081.670000000007,7010.8000000000075
sell,high_vol,rsi,1.0,11.3,16.950000000000003,0.83,tp,16.95,105.51,True,2023-04-24 21:15:00,7010.8000000000075,7116.310000000008
sell,high_vol,rsi,1.0,10.4,15.600000000000001,0.91,sl,-10.4,-70.98,False,2023-04-24 21:45:00,7116.310000000008,7045.330000000008
buy,low_vol,ema_flipped,0.9973,11.8,17.700000000000003,0.79,tp,17.7,104.87,True,2023-04-26 00:15:00,7045.330000000008,7150.200000000008
sell,low_vol,ema_flipped,1.0,7.9,11.850000000000001,1.21,sl,-7.9,-71.69,False,2023-04-26 05:30:00,7150.200000000008,7078.510000000008
sell,high_vol,rsi,0.8678,10.4,15.600000000000001,0.74,sl,-10.4,-57.72,False,2023-04-26 10:15:00,7078.510000000008,7020.790000000008
sell,high_vol,rsi,0.9681,11.1,16.65,0.8,sl,-11.1,-66.6,False,2023-04-26 10:30:00,7020.790000000008,6954.190000000008
sell,high_vol,rsi,0.9978,11.5,17.25,0.8,sl,-11.5,-69.0,False,2023-04-26 10:45:00,6954.190000000008,6885.190000000008
sell,high_vol,rsi,1.0,12.2,18.299999999999997,0.75,sl,-12.2,-68.62,False,2023-04-26 11:00:00,6885.190000000008,6816.570000000008
sell,high_vol,rsi,1.0,13.6,20.4,0.67,sl,-13.6,-68.34,False,2023-04-26 11:15:00,6816.570000000008,6748.230000000008
sell,high_vol,rsi,1.0,13.9,20.85,0.65,sl,-13.9,-67.76,False,2023-04-26 11:30:00,6748.230000000008,6680.4700000000075
sell,high_vol,rsi,1.0,15.2,22.799999999999997,0.59,sl,-15.2,-67.26,False,2023-04-26 11:45:00,6680.4700000000075,6613.210000000007
sell,high_vol,rsi,1.0,16.8,25.200000000000003,0.52,sl,-16.8,-65.52,False,2023-04-26 12:00:00,6613.210000000007,6547.690000000007
sell,high_vol,rsi,1.0,17.2,25.799999999999997,0.51,sl,-17.2,-65.79,False,2023-04-26 12:15:00,6547.690000000007,6481.900000000007
sell,high_vol,rsi,1.0,16.9,25.349999999999998,0.51,sl,-16.9,-64.64,False,2023-04-26 12:30:00,6481.900000000007,6417.260000000007
sell,high_vol,rsi,1.0,16.8,25.200000000000003,0.51,sl,-16.8,-64.26,False,2023-04-26 12:45:00,6417.260000000007,6353.000000000006
sell,high_vol,rsi,1.0,17.1,25.650000000000002,0.5,sl,-17.1,-64.13,False,2023-04-26 13:00:00,6353.000000000006,6288.870000000006
sell,high_vol,rsi,1.0,17.0,25.5,0.49,sl,-17.0,-62.48,False,2023-04-26 13:15:00,6288.870000000006,6226.390000000007
sell,high_vol,rsi,1.0,17.5,26.25,0.47,tp,26.25,92.53,True,2023-04-26 13:30:00,6226.390000000007,6318.920000000006
buy,high_vol,rsi,1.0,23.2,34.8,0.36,tp,34.8,93.96,True,2023-04-26 19:45:00,6318.920000000006,6412.8800000000065
buy,high_vol,rsi,1.0,14.5,21.75,0.59,tp,21.75,96.24,True,2023-04-27 14:45:00,6412.8800000000065,6509.120000000006
buy,high_vol,rsi,1.0,16.3,24.450000000000003,0.53,sl,-16.3,-64.79,False,2023-04-28 22:00:00,6509.120000000006,6444.330000000006
sell,high_vol,rsi,1.0,12.6,18.9,0.68,sl,-12.6,-64.26,False,2023-05-01 13:15:00,6444.330000000006,6380.070000000006
sell,high_vol,rsi,0.9999,12.6,18.9,0.68,sl,-12.6,-64.26,False,2023-05-01 13:30:00,6380.070000000006,6315.810000000006
sell,high_vol,rsi,0.9998,12.4,18.6,0.68,sl,-12.4,-63.24,False,2023-05-01 13:45:00,6315.810000000006,6252.570000000006
sell,high_vol,rsi,0.9999,11.9,17.85,0.7,sl,-11.9,-62.48,False,2023-05-01 14:00:00,6252.570000000006,6190.0900000000065
sell,high_vol,rsi,0.9999,11.8,17.700000000000003,0.7,sl,-11.8,-61.95,False,2023-05-01 14:15:00,6190.0900000000065,6128.140000000007
sell,high_vol,rsi,0.9997,11.6,17.4,0.7,sl,-11.6,-60.9,False,2023-05-01 14:30:00,6128.140000000007,6067.240000000007
sell,high_vol,rsi,0.997,11.6,17.4,0.69,tp,17.4,90.05,True,2023-05-01 14:45:00,6067.240000000007,6157.290000000007
buy,high_vol,rsi,1.0,19.5,29.25,0.42,sl,-19.5,-61.42,False,2023-05-01 17:30:00,6157.290000000007,6095.870000000007
buy,high_vol,rsi,1.0,20.4,30.599999999999998,0.4,sl,-20.4,-61.2,False,2023-05-01 17:45:00,6095.870000000007,6034.670000000007
buy,high_vol,rsi,1.0,21.5,32.25,0.37,sl,-21.5,-59.66,False,2023-05-01 18:00:00,6034.670000000007,5975.0100000000075
buy,high_vol,rsi,1.0,21.7,32.55,0.37,sl,-21.7,-60.22,False,2023-05-01 18:15:00,5975.0100000000075,5914.790000000007
buy,high_vol,rsi,1.0,21.3,31.950000000000003,0.37,timeout,12.6,34.97,True,2023-05-01 18:30:00,5914.790000000007,5949.7600000000075
buy,high_vol,rsi,1.0,21.8,32.7,0.36,timeout,18.1,48.87,True,2023-05-01 18:45:00,5949.7600000000075,5998.630000000007
buy,high_vol,rsi,1.0,21.2,31.799999999999997,0.38,timeout,18.5,52.72,True,2023-05-01 19:00:00,5998.630000000007,6051.350000000008
buy,high_vol,rsi,1.0,21.3,31.950000000000003,0.38,timeout,20.7,59.0,True,2023-05-01 19:15:00,6051.350000000008,6110.350000000008
buy,high_vol,rsi,1.0,21.2,31.799999999999997,0.38,timeout,25.4,72.39,True,2023-05-01 19:30:00,6110.350000000008,6182.740000000008
buy,high_vol,rsi,1.0,21.3,31.950000000000003,0.39,tp,31.95,93.45,True,2023-05-01 19:45:00,6182.740000000008,6276.190000000008
buy,high_vol,rsi,1.0,19.6,29.400000000000002,0.43,tp,29.4,94.81,True,2023-05-01 20:00:00,6276.190000000008,6371.000000000008
buy,high_vol,rsi,1.0,19.5,29.25,0.44,timeout,19.7,65.01,True,2023-05-01 20:15:00,6371.000000000008,6436.010000000008
buy,high_vol,rsi,1.0,17.3,25.950000000000003,0.5,tp,25.95,97.31,True,2023-05-01 20:30:00,6436.010000000008,6533.320000000009
sell,high_vol,rsi,0.9999,11.9,17.85,0.73,sl,-11.9,-65.15,False,2023-05-03 11:15:00,6533.320000000009,6468.170000000009
sell,high_vol,rsi,1.0,12.6,18.9,0.68,sl,-12.6,-64.26,False,2023-05-03 11:30:00,6468.170000000009,6403.910000000009
sell,high_vol,rsi,1.0,13.9,20.85,0.61,sl,-13.9,-63.59,False,2023-05-03 12:00:00,6403.910000000009,6340.320000000009
sell,high_vol,rsi,1.0,14.0,21.0,0.6,sl,-14.0,-63.0,False,2023-05-03 12:15:00,6340.320000000009,6277.320000000009
sell,high_vol,rsi,1.0,13.9,20.85,0.6,sl,-13.9,-62.55,False,2023-05-03 12:30:00,6277.320000000009,6214.770000000009
sell,high_vol,rsi,1.0,14.1,21.15,0.59,sl,-14.1,-62.39,False,2023-05-03 12:45:00,6214.770000000009,6152.380000000008
buy,high_vol,rsi,1.0,13.1,19.65,0.63,sl,-13.1,-61.9,False,2023-05-05 14:30:00,6152.380000000008,6090.480000000009
buy,high_vol,rsi,1.0,18.3,27.450000000000003,0.44,sl,-18.3,-60.39,False,2023-05-05 15:30:00,6090.480000000009,6030.090000000008
buy,high_vol,rsi,1.0,20.2,30.299999999999997,0.4,sl,-20.2,-60.6,False,2023-05-05 15:45:00,6030.090000000008,5969.490000000008
buy,high_vol,rsi,1.0,21.3,31.950000000000003,0.37,sl,-21.3,-59.11,False,2023-05-05 16:00:00,5969.490000000008,5910.380000000008
buy,high_vol,rsi,1.0,23.1,34.650000000000006,0.34,sl,-23.1,-58.91,False,2023-05-05 16:15:00,5910.380000000008,5851.470000000008
buy,high_vol,rsi,1.0,24.4,36.599999999999994,0.32,sl,-24.4,-58.56,False,2023-05-05 16:30:00,5851.470000000008,5792.910000000008
buy,high_vol,rsi,1.0,25.6,38.400000000000006,0.3,sl,-25.6,-57.6,False,2023-05-05 16:45:00,5792.910000000008,5735.310000000008
buy,high_vol,rsi,1.0,26.1,39.150000000000006,0.29,sl,-26.1,-56.77,False,2023-05-05 17:00:00,5735.310000000008,5678.540000000007
buy,high_vol,rsi,1.0,16.6,24.900000000000002,0.46,sl,-16.6,-57.27,False,2023-05-05 20:45:00,5678.540000000007,5621.270000000007
buy,high_vol,rsi,1.0,16.3,24.450000000000003,0.46,timeout,16.6,57.27,True,2023-05-05 21:00:00,5621.270000000007,5678.540000000007
buy,high_vol,rsi,1.0,15.0,22.5,0.5,sl,-15.0,-56.25,False,2023-05-05 21:30:00,5678.540000000007,5622.290000000007
buy,high_vol,rsi,1.0,14.1,21.15,0.53,timeout,18.2,72.34,True,2023-05-05 21:45:00,5622.290000000007,5694.630000000007
buy,high_vol,rsi,1.0,13.4,20.1,0.57,sl,-13.4,-57.28,False,2023-05-05 22:15:00,5694.630000000007,5637.350000000008
buy,high_vol,rsi,0.9999,13.2,19.799999999999997,0.57,tp,19.8,84.65,True,2023-05-09 12:30:00,5637.350000000008,5722.000000000007
sell,high_vol,rsi,1.0,22.3,33.45,0.34,sl,-22.3,-56.86,False,2023-05-11 17:00:00,5722.000000000007,5665.140000000008
sell,high_vol,rsi,1.0,23.2,34.8,0.33,sl,-23.2,-57.42,False,2023-05-11 17:15:00,5665.140000000008,5607.7200000000075
sell,high_vol,rsi,1.0,22.6,33.900000000000006,0.33,sl,-22.6,-55.93,False,2023-05-11 17:30:00,5607.7200000000075,5551.790000000007
buy,high_vol,rsi,1.0,14.4,21.6,0.51,tp,21.6,82.62,True,2023-05-12 16:30:00,5551.790000000007,5634.410000000007
sell,low_vol,ema_flipped,0.9999,9.9,14.850000000000001,0.76,tp,14.85,84.64,True,2023-05-15 03:15:00,5634.410000000007,5719.0500000000075
buy,low_vol,ema_flipped,1.0,7.0,10.5,1.09,sl,-7.0,-57.22,False,2023-05-15 09:15:00,5719.0500000000075,5661.830000000007
buy,high_vol,rsi,1.0,18.0,27.0,0.42,tp,27.0,85.05,True,2023-05-16 15:45:00,5661.830000000007,5746.880000000007
buy,high_vol,rsi,1.0,18.4,27.599999999999998,0.42,tp,27.6,86.94,True,2023-05-16 16:00:00,5746.880000000007,5833.820000000007
buy,high_vol,rsi,1.0,18.5,27.75,0.42,tp,27.75,87.41,True,2023-05-16 16:15:00,5833.820000000007,5921.230000000007
buy,high_vol,rsi,1.0,19.3,28.950000000000003,0.41,tp,28.95,89.02,True,2023-05-16 16:30:00,5921.230000000007,6010.250000000007
buy,high_vol,rsi,1.0,21.8,32.7,0.37,tp,32.7,90.74,True,2023-05-16 17:00:00,6010.250000000007,6100.990000000007
buy,high_vol,rsi,0.9998,12.9,19.35,0.63,sl,-12.9,-60.95,False,2023-05-17 14:15:00,6100.990000000007,6040.040000000007
buy,high_vol,rsi,1.0,12.7,19.049999999999997,0.63,sl,-12.7,-60.01,False,2023-05-17 14:45:00,6040.040000000007,5980.030000000007
buy,high_vol,rsi,1.0,14.0,21.0,0.57,sl,-14.0,-59.85,False,2023-05-17 15:45:00,5980.030000000007,5920.180000000007
buy,high_vol,rsi,1.0,15.1,22.65,0.52,tp,22.65,88.33,True,2023-05-17 16:00:00,5920.180000000007,6008.510000000007
buy,high_vol,rsi,1.0,15.5,23.25,0.52,tp,23.25,90.67,True,2023-05-17 16:15:00,6008.510000000007,6099.180000000007
buy,high_vol,rsi,1.0,19.5,29.25,0.42,tp,29.25,92.14,True,2023-05-18 17:45:00,6099.180000000007,6191.320000000007
buy,high_vol,rsi,1.0,20.2,30.299999999999997,0.41,tp,30.3,93.17,True,2023-05-18 18:00:00,6191.320000000007,6284.490000000007
sell,high_vol,rsi,1.0,14.3,21.450000000000003,0.59,tp,21.45,94.92,True,2023-05-19 14:45:00,6284.490000000007,6379.410000000007
sell,high_vol,rsi,0.997,11.7,17.549999999999997,0.72,tp,17.55,94.77,True,2023-05-22 15:15:00,6379.410000000007,6474.180000000008
buy,low_vol,ema_flipped,1.0,6.5,9.75,1.33,sl,-6.5,-64.84,False,2023-05-23 04:00:00,6474.180000000008,6409.340000000007
buy,high_vol,rsi,1.0,17.5,26.25,0.49,tp,26.25,96.47,True,2023-05-23 15:45:00,6409.340000000007,6505.810000000008
sell,low_vol,ema_flipped,0.9382,8.2,12.299999999999999,0.96,sl,-8.2,-59.04,False,2023-05-24 10:00:00,6505.810000000008,6446.770000000008
buy,low_vol,ema_flipped,0.9999,10.8,16.200000000000003,0.8,sl,-10.8,-64.8,False,2023-05-25 10:15:00,6446.770000000008,6381.9700000000075
buy,high_vol,rsi,1.0,10.7,16.049999999999997,0.8,sl,-10.7,-64.2,False,2023-05-29 00:15:00,6381.9700000000075,6317.770000000008
buy,high_vol,rsi,0.9994,11.4,17.1,0.74,sl,-11.4,-63.27,False,2023-05-29 00:30:00,6317.770000000008,6254.500000000007
buy,high_vol,rsi,1.0,11.7,17.549999999999997,0.71,sl,-11.7,-62.3,False,2023-05-29 01:30:00,6254.500000000007,6192.200000000007
buy,high_vol,rsi,1.0,13.2,19.799999999999997,0.63,tp,19.8,93.56,True,2023-05-30 10:15:00,6192.200000000007,6285.7600000000075
sell,high_vol,rsi,1.0,15.8,23.700000000000003,0.53,sl,-15.8,-62.8,False,2023-05-30 13:45:00,6285.7600000000075,6222.960000000007
sell,high_vol,rsi,1.0,16.2,24.299999999999997,0.51,sl,-16.2,-61.96,False,2023-05-30 14:00:00,6222.960000000007,6161.000000000007
sell,high_vol,rsi,1.0,15.9,23.85,0.52,sl,-15.9,-62.01,False,2023-05-30 14:15:00,6161.000000000007,6098.990000000007
sell,high_vol,rsi,1.0,16.0,24.0,0.51,sl,-16.0,-61.2,False,2023-05-30 14:30:00,6098.990000000007,6037.790000000007
sell,high_vol,rsi,1.0,16.2,24.299999999999997,0.5,sl,-16.2,-60.75,False,2023-05-30 14:45:00,6037.790000000007,5977.040000000007
sell,high_vol,rsi,1.0,14.9,22.35,0.53,sl,-14.9,-59.23,False,2023-05-30 15:30:00,5977.040000000007,5917.810000000008
buy,high_vol,rsi,0.9945,9.6,14.399999999999999,0.82,sl,-9.6,-59.04,False,2023-05-31 09:15:00,5917.810000000008,5858.770000000008
buy,high_vol,rsi,0.9996,10.1,15.149999999999999,0.77,sl,-10.1,-58.33,False,2023-05-31 09:30:00,5858.770000000008,5800.440000000008
buy,high_vol,rsi,1.0,11.2,16.799999999999997,0.69,sl,-11.2,-57.96,False,2023-05-31 10:00:00,5800.440000000008,5742.480000000008
buy,high_vol,rsi,1.0,12.7,19.049999999999997,0.6,sl,-12.7,-57.15,False,2023-05-31 10:30:00,5742.480000000008,5685.330000000008
buy,high_vol,rsi,1.0,13.5,20.25,0.56,sl,-13.5,-56.7,False,2023-05-31 10:45:00,5685.330000000008,5628.630000000008
buy,high_vol,rsi,1.0,14.7,22.049999999999997,0.51,sl,-14.7,-56.23,False,2023-05-31 11:00:00,5628.630000000008,5572.400000000009
buy,high_vol,rsi,1.0,15.3,22.950000000000003,0.49,tp,22.95,84.34,True,2023-05-31 11:15:00,5572.400000000009,5656.740000000009
buy,high_vol,rsi,1.0,15.6,23.4,0.48,tp,23.4,84.24,True,2023-05-31 11:30:00,5656.740000000009,5740.980000000009
buy,high_vol,rsi,1.0,15.9,23.85,0.48,tp,23.85,85.86,True,2023-05-31 11:45:00,5740.980000000009,5826.840000000008
buy,high_vol,rsi,1.0,15.8,23.700000000000003,0.49,tp,23.7,87.1,True,2023-05-31 12:00:00,5826.840000000008,5913.940000000009
buy,high_vol,rsi,1.0,28.5,42.75,0.28,tp,42.75,89.78,True,2023-05-31 18:00:00,5913.940000000009,6003.720000000008
buy,high_vol,rsi,1.0,29.1,43.650000000000006,0.28,tp,43.65,91.66,True,2023-05-31 18:15:00,6003.720000000008,6095.380000000008
buy,high_vol,rsi,1.0,29.2,43.8,0.28,tp,43.8,91.98,True,2023-05-31 18:30:00,6095.380000000008,6187.360000000008
buy,high_vol,rsi,1.0,30.1,45.150000000000006,0.27,tp,45.15,91.43,True,2023-05-31 18:45:00,6187.360000000008,6278.790000000008
buy,high_vol,rsi,1.0,29.6,44.400000000000006,0.28,tp,44.4,93.24,True,2023-05-31 19:00:00,6278.790000000008,6372.030000000008
buy,high_vol,rsi,1.0,29.9,44.849999999999994,0.28,tp,44.85,94.19,True,2023-05-31 19:15:00,6372.030000000008,6466.2200000000075
buy,high_vol,rsi,1.0,29.8,44.7,0.29,tp,44.7,97.22,True,2023-05-31 19:30:00,6466.2200000000075,6563.440000000008
buy,high_vol,rsi,1.0,28.4,42.599999999999994,0.31,tp,42.6,99.04,True,2023-05-31 19:45:00,6563.440000000008,6662.480000000008
sell,high_vol,rsi,0.9999,12.9,19.35,0.69,tp,19.35,100.14,True,2023-05-31 23:00:00,6662.480000000008,6762.620000000008
sell,high_vol,rsi,0.9999,13.2,19.799999999999997,0.68,tp,19.8,100.98,True,2023-05-31 23:15:00,6762.620000000008,6863.600000000008
sell,high_vol,rsi,0.9997,12.9,19.35,0.71,tp,19.35,103.04,True,2023-05-31 23:30:00,6863.600000000008,6966.640000000008
sell,high_vol,rsi,0.9999,12.7,19.049999999999997,0.73,tp,19.05,104.3,True,2023-05-31 23:45:00,6966.640000000008,7070.940000000008
sell,high_vol,rsi,0.9804,8.2,12.299999999999999,1.12,tp,12.3,103.32,True,2023-06-01 03:30:00,7070.940000000008,7174.2600000000075
buy,high_vol,rsi,1.0,22.0,33.0,0.43,timeout,12.2,39.34,True,2023-06-01 19:45:00,7174.2600000000075,7213.600000000008
buy,high_vol,rsi,1.0,19.7,29.549999999999997,0.49,timeout,12.4,45.57,True,2023-06-01 20:15:00,7213.600000000008,7259.170000000007
buy,high_vol,rsi,1.0,18.7,28.049999999999997,0.52,timeout,13.2,51.48,True,2023-06-01 20:30:00,7259.170000000007,7310.650000000007
buy,high_vol,rsi,1.0,15.3,22.950000000000003,0.64,sl,-15.3,-73.44,False,2023-06-02 19:45:00,7310.650000000007,7237.210000000007
sell,low_vol,ema_flipped,0.9144,9.2,13.799999999999999,0.92,sl,-9.2,-63.48,False,2023-06-05 22:15:00,7237.210000000007,7173.730000000008
buy,low_vol,ema_flipped,1.0,7.0,10.5,1.37,sl,-7.0,-71.92,False,2023-06-06 08:30:00,7173.730000000008,7101.810000000008
sell,high_vol,rsi,1.0,13.5,20.25,0.7,sl,-13.5,-70.87,False,2023-06-07 15:00:00,7101.810000000008,7030.940000000008
sell,high_vol,rsi,1.0,13.6,20.4,0.69,sl,-13.6,-70.38,False,2023-06-07 15:15:00,7030.940000000008,6960.560000000008
sell,high_vol,rsi,1.0,14.0,21.0,0.66,sl,-14.0,-69.3,False,2023-06-07 15:30:00,6960.560000000008,6891.2600000000075
sell,high_vol,rsi,1.0,15.5,23.25,0.59,sl,-15.5,-68.59,False,2023-06-07 15:45:00,6891.2600000000075,6822.670000000007
sell,high_vol,rsi,1.0,15.4,23.1,0.59,sl,-15.4,-68.15,False,2023-06-07 16:00:00,6822.670000000007,6754.520000000008
sell,high_vol,rsi,1.0,15.8,23.700000000000003,0.57,sl,-15.8,-67.54,False,2023-06-07 16:15:00,6754.520000000008,6686.980000000008
sell,high_vol,rsi,1.0,17.4,26.099999999999998,0.51,tp,26.1,99.83,True,2023-06-07 16:30:00,6686.980000000008,6786.810000000008
sell,high_vol,rsi,1.0,17.8,26.700000000000003,0.51,tp,26.7,102.13,True,2023-06-07 16:45:00,6786.810000000008,6888.940000000008
sell,high_vol,rsi,1.0,13.5,20.25,0.68,sl,-13.5,-68.85,False,2023-06-08 13:45:00,6888.940000000008,6820.090000000007
sell,high_vol,rsi,1.0,13.8,20.700000000000003,0.66,sl,-13.8,-68.31,False,2023-06-08 14:00:00,6820.090000000007,6751.780000000007
sell,high_vol,rsi,1.0,14.6,21.9,0.62,sl,-14.6,-67.89,False,2023-06-08 14:15:00,6751.780000000007,6683.890000000007
sell,high_vol,rsi,1.0,14.6,21.9,0.61,sl,-14.6,-66.8,False,2023-06-08 14:30:00,6683.890000000007,6617.0900000000065
sell,high_vol,rsi,1.0,14.6,21.9,0.6,sl,-14.6,-65.7,False,2023-06-08 14:45:00,6617.0900000000065,6551.390000000007
sell,high_vol,rsi,1.0,14.5,21.75,0.6,sl,-14.5,-65.25,False,2023-06-08 15:00:00,6551.390000000007,6486.140000000007
sell,high_vol,rsi,1.0,19.1,28.650000000000002,0.45,sl,-19.1,-64.46,False,2023-06-08 16:45:00,6486.140000000007,6421.680000000007
sell,high_vol,rsi,1.0,20.2,30.299999999999997,0.42,sl,-20.2,-63.63,False,2023-06-08 17:00:00,6421.680000000007,6358.050000000007
sell,high_vol,rsi,1.0,20.5,30.75,0.41,sl,-20.5,-63.04,False,2023-06-08 17:15:00,6358.050000000007,6295.010000000007
sell,high_vol,rsi,1.0,21.5,32.25,0.39,sl,-21.5,-62.89,False,2023-06-08 18:30:00,6295.010000000007,6232.120000000006
sell,high_vol,rsi,1.0,23.0,34.5,0.36,tp,34.5,93.15,True,2023-06-08 18:45:00,6232.120000000006,6325.270000000006
buy,high_vol,rsi,0.9078,11.2,16.799999999999997,0.65,sl,-11.2,-54.6,False,2023-06-09 10:30:00,6325.270000000006,6270.6700000000055
buy,high_vol,rsi,0.998,12.4,18.6,0.67,sl,-12.4,-62.31,False,2023-06-09 10:45:00,6270.6700000000055,6208.360000000005
buy,high_vol,rsi,1.0,13.0,19.5,0.64,sl,-13.0,-62.4,False,2023-06-09 11:00:00,6208.360000000005,6145.9600000000055
buy,high_vol,rsi,1.0,13.1,19.65,0.63,sl,-13.1,-61.9,False,2023-06-09 11:15:00,6145.9600000000055,6084.060000000006
buy,high_vol,rsi,1.0,13.2,19.799999999999997,0.61,sl,-13.2,-60.39,False,2023-06-09 11:30:00,6084.060000000006,6023.6700000000055
buy,high_vol,rsi,1.0,14.6,21.9,0.55,tp,21.9,90.34,True,2023-06-09 11:45:00,6023.6700000000055,6114.010000000006
buy,high_vol,rsi,1.0,14.7,22.049999999999997,0.55,tp,22.05,90.96,True,2023-06-09 12:00:00,6114.010000000006,6204.970000000006
buy,high_vol,rsi,1.0,14.3,21.450000000000003,0.58,tp,21.45,93.31,True,2023-06-09 12:15:00,6204.970000000006,6298.280000000006
buy,high_vol,rsi,1.0,13.3,19.950000000000003,0.63,tp,19.95,94.26,True,2023-06-09 12:30:00,6298.280000000006,6392.540000000006
buy,high_vol,rsi,1.0,12.9,19.35,0.66,tp,19.35,95.78,True,2023-06-09 12:45:00,6392.540000000006,6488.320000000006
buy,high_vol,rsi,1.0,12.9,19.35,0.67,tp,19.35,97.23,True,2023-06-09 13:00:00,6488.320000000006,6585.550000000006
buy,high_vol,rsi,1.0,13.0,19.5,0.68,tp,19.5,99.45,True,2023-06-09 13:15:00,6585.550000000006,6685.0000000000055
sell,high_vol,rsi,1.0,18.4,27.599999999999998,0.48,sl,-18.4,-66.24,False,2023-06-12 17:30:00,6685.0000000000055,6618.760000000006
sell,high_vol,rsi,0.9584,10.2,15.299999999999999,0.81,sl,-10.2,-61.97,False,2023-06-14 14:00:00,6618.760000000006,6556.790000000005
sell,high_vol,rsi,0.9551,9.9,14.850000000000001,0.83,sl,-9.9,-61.63,False,2023-06-14 14:15:00,6556.790000000005,6495.160000000005
sell,high_vol,rsi,0.9984,10.5,15.75,0.82,sl,-10.5,-64.57,False,2023-06-14 14:30:00,6495.160000000005,6430.590000000006
sell,high_vol,rsi,0.9994,11.6,17.4,0.74,sl,-11.6,-64.38,False,2023-06-14 15:00:00,6430.590000000006,6366.2100000000055
sell,high_vol,rsi,1.0,12.6,18.9,0.67,sl,-12.6,-63.32,False,2023-06-14 15:15:00,6366.2100000000055,6302.890000000006
sell,high_vol,rsi,0.9999,13.3,19.950000000000003,0.63,sl,-13.3,-62.84,False,2023-06-14 15:30:00,6302.890000000006,6240.050000000006
sell,high_vol,rsi,1.0,14.0,21.0,0.59,sl,-14.0,-61.95,False,2023-06-14 15:45:00,6240.050000000006,6178.100000000006
sell,high_vol,rsi,1.0,7.9,11.850000000000001,1.04,tp,11.85,92.43,True,2023-06-15 03:30:00,6178.100000000006,6270.530000000006
sell,high_vol,rsi,0.9999,7.2,10.8,1.16,tp,10.8,93.96,True,2023-06-15 03:45:00,6270.530000000006,6364.490000000006
buy,high_vol,rsi,1.0,22.6,33.900000000000006,0.38,tp,33.9,96.62,True,2023-06-16 17:45:00,6364.490000000006,6461.110000000006
buy,high_vol,rsi,1.0,23.2,34.8,0.37,tp,34.8,96.57,True,2023-06-16 18:00:00,6461.110000000006,6557.680000000006
buy,high_vol,rsi,1.0,24.4,36.599999999999994,0.36,tp,36.6,98.82,True,2023-06-16 18:30:00,6557.680000000006,6656.5000000000055
sell,low_vol,ema_flipped,0.9998,6.7,10.05,1.32,tp,10.05,99.49,True,2023-06-19 06:30:00,6656.5000000000055,6755.990000000005
buy,low_vol,ema_flipped,1.0,6.8,10.2,1.32,sl,-6.8,-67.32,False,2023-06-19 09:00:00,6755.990000000005,6688.6700000000055
sell,low_vol,ema_flipped,1.0,7.7,11.55,1.16,sl,-7.7,-66.99,False,2023-06-20 05:45:00,6688.6700000000055,6621.680000000006
buy,low_vol,ema_flipped,1.0,6.6,9.899999999999999,1.34,sl,-6.6,-66.33,False,2023-06-21 03:15:00,6621.680000000006,6555.350000000006
sell,high_vol,rsi,0.9814,10.2,15.299999999999999,0.83,sl,-10.2,-63.5,False,2023-06-21 21:30:00,6555.350000000006,6491.850000000006
buy,high_vol,rsi,1.0,14.4,21.6,0.6,sl,-14.4,-64.8,False,2023-06-23 10:15:00,6491.850000000006,6427.050000000006
buy,high_vol,rsi,1.0,17.3,25.950000000000003,0.5,sl,-17.3,-64.88,False,2023-06-23 10:30:00,6427.050000000006,6362.1700000000055
buy,high_vol,rsi,1.0,18.8,28.200000000000003,0.45,sl,-18.8,-63.45,False,2023-06-23 10:45:00,6362.1700000000055,6298.720000000006
buy,high_vol,rsi,1.0,20.0,30.0,0.42,tp,30.0,94.5,True,2023-06-23 11:00:00,6298.720000000006,6393.220000000006
buy,high_vol,rsi,1.0,21.0,31.5,0.41,tp,31.5,96.86,True,2023-06-23 11:15:00,6393.220000000006,6490.080000000005
buy,high_vol,rsi,1.0,21.6,32.400000000000006,0.4,tp,32.4,97.2,True,2023-06-23 11:30:00,6490.080000000005,6587.280000000005
buy,high_vol,rsi,1.0,22.8,34.2,0.39,tp,34.2,100.03,True,2023-06-23 11:45:00,6587.280000000005,6687.310000000005
buy,high_vol,rsi,1.0,23.7,35.55,0.38,tp,35.55,101.32,True,2023-06-23 12:00:00,6687.310000000005,6788.630000000005
buy,high_vol,rsi,1.0,24.0,36.0,0.38,tp,36.0,102.6,True,2023-06-23 12:15:00,6788.630000000005,6891.230000000005
buy,high_vol,rsi,1.0,24.2,36.3,0.38,tp,36.3,103.46,True,2023-06-23 12:30:00,6891.230000000005,6994.690000000005
buy,high_vol,rsi,1.0,23.8,35.7,0.39,tp,35.7,104.42,True,2023-06-23 12:45:00,6994.690000000005,7099.110000000005
buy,high_vol,rsi,1.0,23.5,35.25,0.4,tp,35.25,105.75,True,2023-06-23 13:00:00,7099.110000000005,7204.860000000005
sell,high_vol,rsi,1.0,14.7,22.049999999999997,0.65,sl,-14.7,-71.66,False,2023-06-23 15:00:00,7204.860000000005,7133.200000000005
sell,high_vol,rsi,1.0,14.5,21.75,0.66,tp,21.75,107.66,True,2023-06-23 15:15:00,7133.200000000005,7240.860000000005
sell,high_vol,rsi,1.0,14.2,21.299999999999997,0.68,tp,21.3,108.63,True,2023-06-23 15:30:00,7240.860000000005,7349.490000000005
sell,high_vol,rsi,1.0,14.3,21.450000000000003,0.69,tp,21.45,111.0,True,2023-06-23 15:45:00,7349.490000000005,7460.490000000005
sell,high_vol,rsi,1.0,14.3,21.450000000000003,0.7,tp,21.45,112.61,True,2023-06-23 16:00:00,7460.490000000005,7573.100000000005
sell,high_vol,rsi,1.0,14.3,21.450000000000003,0.71,tp,21.45,114.22,True,2023-06-23 16:15:00,7573.100000000005,7687.320000000005
sell,high_vol,rsi,1.0,15.5,23.25,0.66,tp,23.25,115.09,True,2023-06-23 16:30:00,7687.320000000005,7802.410000000005
sell,high_vol,rsi,0.9913,12.3,18.450000000000003,0.84,sl,-12.3,-77.49,False,2023-06-27 11:45:00,7802.410000000005,7724.9200000000055
sell,high_vol,rsi,0.9981,12.4,18.6,0.83,sl,-12.4,-77.19,False,2023-06-27 12:00:00,7724.9200000000055,7647.730000000006
sell,high_vol,rsi,0.9996,12.4,18.6,0.82,sl,-12.4,-76.26,False,2023-06-27 12:15:00,7647.730000000006,7571.470000000006
sell,high_vol,rsi,0.9998,12.5,18.75,0.81,sl,-12.5,-75.94,False,2023-06-27 12:30:00,7571.470000000006,7495.530000000006
sell,high_vol,rsi,0.9999,12.5,18.75,0.8,sl,-12.5,-75.0,False,2023-06-27 12:45:00,7495.530000000006,7420.530000000006
sell,high_vol,rsi,0.9999,12.8,19.200000000000003,0.77,sl,-12.8,-73.92,False,2023-06-27 13:00:00,7420.530000000006,7346.610000000006
sell,high_vol,rsi,1.0,12.9,19.35,0.76,sl,-12.9,-73.53,False,2023-06-27 13:15:00,7346.610000000006,7273.080000000006
sell,high_vol,rsi,0.9999,13.0,19.5,0.75,sl,-13.0,-73.13,False,2023-06-27 13:30:00,7273.080000000006,7199.950000000006
sell,high_vol,rsi,0.9999,13.2,19.799999999999997,0.73,sl,-13.2,-72.27,False,2023-06-27 13:45:00,7199.950000000006,7127.680000000006
sell,high_vol,rsi,0.9999,13.5,20.25,0.7,sl,-13.5,-70.87,False,2023-06-27 14:00:00,7127.680000000006,7056.810000000006
sell,high_vol,rsi,0.9995,13.3,19.950000000000003,0.71,sl,-13.3,-70.82,False,2023-06-27 14:15:00,7056.810000000006,6985.990000000006
sell,high_vol,rsi,0.9994,13.2,19.799999999999997,0.71,sl,-13.2,-70.29,False,2023-06-27 14:30:00,6985.990000000006,6915.700000000006
sell,high_vol,rsi,1.0,16.8,25.200000000000003,0.55,sl,-16.8,-69.3,False,2023-06-27 15:30:00,6915.700000000006,6846.400000000006
sell,high_vol,rsi,1.0,16.9,25.349999999999998,0.54,sl,-16.9,-68.44,False,2023-06-27 15:45:00,6846.400000000006,6777.960000000006
buy,high_vol,rsi,1.0,22.6,33.900000000000006,0.4,timeout,10.3,30.9,True,2023-06-28 18:45:00,6777.960000000006,6808.860000000006
buy,low_vol,ema_flipped,1.0,6.8,10.2,1.34,sl,-6.8,-68.34,False,2023-06-29 04:45:00,6808.860000000006,6740.520000000006
sell,high_vol,rsi,0.8242,12.3,18.450000000000003,0.55,sl,-12.3,-50.74,False,2023-06-29 11:00:00,6740.520000000006,6689.780000000006
sell,high_vol,rsi,0.9663,12.3,18.450000000000003,0.69,sl,-12.3,-63.65,False,2023-06-29 11:15:00,6689.780000000006,6626.1300000000065
sell,high_vol,rsi,0.9874,12.3,18.450000000000003,0.71,sl,-12.3,-65.5,False,2023-06-29 11:30:00,6626.1300000000065,6560.6300000000065
buy,high_vol,rsi,1.0,19.5,29.25,0.45,sl,-19.5,-65.81,False,2023-06-29 16:30:00,6560.6300000000065,6494.820000000006
buy,high_vol,rsi,1.0,10.3,15.450000000000001,0.84,sl,-10.3,-64.89,False,2023-06-29 21:45:00,6494.820000000006,6429.930000000006
sell,high_vol,rsi,1.0,15.5,23.25,0.55,sl,-15.5,-63.94,False,2023-06-30 15:15:00,6429.930000000006,6365.990000000006
sell,high_vol,rsi,1.0,17.4,26.099999999999998,0.49,sl,-17.4,-63.95,False,2023-06-30 15:30:00,6365.990000000006,6302.040000000006
sell,high_vol,rsi,1.0,18.8,28.200000000000003,0.45,tp,28.2,95.18,True,2023-06-30 15:45:00,6302.040000000006,6397.220000000007
sell,high_vol,rsi,1.0,18.9,28.349999999999998,0.45,tp,28.35,95.68,True,2023-06-30 16:00:00,6397.220000000007,6492.900000000007
sell,high_vol,rsi,1.0,19.4,29.099999999999998,0.45,tp,29.1,98.21,True,2023-06-30 16:15:00,6492.900000000007,6591.110000000007
sell,high_vol,rsi,1.0,21.3,31.950000000000003,0.41,timeout,8.5,26.14,True,2023-06-30 16:30:00,6591.110000000007,6617.250000000007
buy,low_vol,ema_flipped,1.0,6.6,9.899999999999999,1.34,sl,-6.6,-66.33,False,2023-07-04 07:45:00,6617.250000000007,6550.920000000007
sell,high_vol,rsi,1.0,10.7,16.049999999999997,0.82,tp,16.05,98.71,True,2023-07-05 10:00:00,6550.920000000007,6649.630000000007
sell,high_vol,rsi,0.9999,11.4,17.1,0.78,tp,17.1,100.04,True,2023-07-05 10:15:00,6649.630000000007,6749.670000000007
sell,high_vol,rsi,1.0,11.7,17.549999999999997,0.77,tp,17.55,101.35,True,2023-07-05 10:30:00,6749.670000000007,6851.020000000008
sell,high_vol,rsi,1.0,17.9,26.849999999999998,0.51,sl,-17.9,-68.47,False,2023-07-05 11:30:00,6851.020000000008,6782.5500000000075
sell,high_vol,rsi,1.0,18.2,27.299999999999997,0.5,sl,-18.2,-68.25,False,2023-07-05 11:45:00,6782.5500000000075,6714.3000000000075
sell,high_vol,rsi,1.0,20.5,30.75,0.44,tp,30.75,101.47,True,2023-07-05 12:45:00,6714.3000000000075,6815.770000000008
sell,low_vol,ema_flipped,0.9999,9.4,14.100000000000001,0.97,sl,-9.4,-68.38,False,2023-07-06 09:15:00,6815.770000000008,6747.390000000008
sell,high_vol,rsi,0.9994,11.4,17.1,0.79,tp,17.1,101.32,True,2023-07-06 10:15:00,6747.390000000008,6848.710000000007
sell,high_vol,rsi,1.0,12.0,18.0,0.76,tp,18.0,102.6,True,2023-07-06 10:30:00,6848.710000000007,6951.310000000008
sell,high_vol,rsi,1.0,24.5,36.75,0.38,sl,-24.5,-69.83,False,2023-07-06 19:30:00,6951.310000000008,6881.480000000008
sell,high_vol,rsi,1.0,20.6,30.900000000000002,0.45,tp,30.9,104.29,True,2023-07-12 16:00:00,6881.480000000008,6985.770000000008
sell,high_vol,rsi,1.0,20.5,30.75,0.45,tp,30.75,103.78,True,2023-07-12 16:15:00,6985.770000000008,7089.5500000000075
sell,high_vol,rsi,1.0,21.0,31.5,0.45,sl,-21.0,-70.87,False,2023-07-14 17:00:00,7089.5500000000075,7018.680000000008
sell,high_vol,rsi,1.0,23.0,34.5,0.41,sl,-23.0,-70.72,False,2023-07-14 17:15:00,7018.680000000008,6947.960000000007
sell,high_vol,rsi,1.0,23.8,35.7,0.39,sl,-23.8,-69.62,False,2023-07-14 17:30:00,6947.960000000007,6878.340000000007
sell,high_vol,rsi,1.0,23.7,35.55,0.39,sl,-23.7,-69.32,False,2023-07-14 17:45:00,6878.340000000007,6809.020000000008
sell,high_vol,rsi,1.0,24.9,37.349999999999994,0.36,sl,-24.9,-67.23,False,2023-07-14 18:00:00,6809.020000000008,6741.790000000008
sell,high_vol,rsi,1.0,24.8,37.2,0.36,sl,-24.8,-66.96,False,2023-07-14 18:15:00,6741.790000000008,6674.830000000008
sell,high_vol,rsi,1.0,26.3,39.45,0.34,sl,-26.3,-67.06,False,2023-07-14 18:30:00,6674.830000000008,6607.770000000008
sell,high_vol,rsi,1.0,26.9,40.349999999999994,0.33,timeout,-6.0,-14.85,False,2023-07-14 18:45:00,6607.770000000008,6592.920000000007
sell,high_vol,rsi,1.0,27.0,40.5,0.33,timeout,-1.1,-2.72,False,2023-07-14 19:00:00,6592.920000000007,6590.200000000007
sell,high_vol,rsi,1.0,26.8,40.2,0.33,timeout,6.6,16.34,True,2023-07-14 19:15:00,6590.200000000007,6606.540000000007
sell,high_vol,rsi,1.0,25.9,38.849999999999994,0.34,timeout,3.1,7.91,True,2023-07-14 19:30:00,6606.540000000007,6614.450000000007
sell,high_vol,rsi,1.0,25.6,38.400000000000006,0.34,timeout,11.6,29.58,True,2023-07-14 19:45:00,6614.450000000007,6644.030000000007
buy,high_vol,rsi,1.0,12.7,19.049999999999997,0.7,sl,-12.7,-66.68,False,2023-07-17 16:15:00,6644.030000000007,6577.350000000007
buy,high_vol,rsi,1.0,14.6,21.9,0.6,sl,-14.6,-65.7,False,2023-07-17 16:30:00,6577.350000000007,6511.650000000007
buy,high_vol,rsi,1.0,15.3,22.950000000000003,0.57,sl,-15.3,-65.41,False,2023-07-17 16:45:00,6511.650000000007,6446.240000000007
buy,high_vol,rsi,1.0,16.4,24.599999999999998,0.52,tp,24.6,95.94,True,2023-07-17 17:00:00,6446.240000000007,6542.180000000007
buy,high_vol,rsi,1.0,16.6,24.900000000000002,0.53,tp,24.9,98.98,True,2023-07-17 17:15:00,6542.180000000007,6641.160000000006
sell,high_vol,rsi,1.0,12.2,18.299999999999997,0.73,sl,-12.2,-66.79,False,2023-07-17 21:15:00,6641.160000000006,6574.370000000006
buy,high_vol,rsi,1.0,23.3,34.95,0.38,sl,-23.3,-66.4,False,2023-07-18 19:45:00,6574.370000000006,6507.970000000007
buy,high_vol,rsi,1.0,20.9,31.349999999999998,0.42,sl,-20.9,-65.83,False,2023-07-18 20:00:00,6507.970000000007,6442.140000000007
buy,high_vol,rsi,1.0,19.3,28.950000000000003,0.45,sl,-19.3,-65.14,False,2023-07-18 20:15:00,6442.140000000007,6377.000000000006
buy,high_vol,rsi,1.0,21.5,32.25,0.4,sl,-21.5,-64.5,False,2023-07-19 19:00:00,6377.000000000006,6312.500000000006
buy,high_vol,rsi,1.0,10.6,15.899999999999999,0.79,sl,-10.6,-62.81,False,2023-07-20 10:30:00,6312.500000000006,6249.690000000006
buy,high_vol,rsi,1.0,11.9,17.85,0.7,sl,-11.9,-62.48,False,2023-07-20 11:00:00,6249.690000000006,6187.210000000006
buy,high_vol,rsi,1.0,13.3,19.950000000000003,0.62,sl,-13.3,-61.85,False,2023-07-20 11:15:00,6187.210000000006,6125.360000000006
buy,high_vol,rsi,1.0,13.8,20.700000000000003,0.59,sl,-13.8,-61.06,False,2023-07-20 11:30:00,6125.360000000006,6064.300000000006
buy,high_vol,rsi,1.0,14.6,21.9,0.55,sl,-14.6,-60.23,False,2023-07-20 11:45:00,6064.300000000006,6004.070000000006
buy,high_vol,rsi,1.0,16.6,24.900000000000002,0.48,timeout,10.8,38.88,True,2023-07-20 19:45:00,6004.070000000006,6042.950000000006
buy,high_vol,rsi,1.0,16.0,24.0,0.5,timeout,13.9,52.13,True,2023-07-20 20:00:00,6042.950000000006,6095.080000000006
buy,high_vol,rsi,1.0,15.4,23.1,0.53,timeout,17.6,69.96,True,2023-07-20 20:15:00,6095.080000000006,6165.040000000006
buy,high_vol,rsi,1.0,21.7,32.55,0.38,sl,-21.7,-61.85,False,2023-07-24 11:30:00,6165.040000000006,6103.190000000006
buy,high_vol,rsi,1.0,23.0,34.5,0.35,sl,-23.0,-60.37,False,2023-07-24 11:45:00,6103.190000000006,6042.820000000006
buy,high_vol,rsi,1.0,23.6,35.400000000000006,0.34,sl,-23.6,-60.18,False,2023-07-24 12:15:00,6042.820000000006,5982.640000000006
buy,high_vol,rsi,1.0,23.4,35.099999999999994,0.34,sl,-23.4,-59.67,False,2023-07-24 12:30:00,5982.640000000006,5922.970000000006
buy,high_vol,rsi,1.0,23.7,35.55,0.33,sl,-23.7,-58.66,False,2023-07-24 12:45:00,5922.970000000006,5864.310000000006
buy,high_vol,rsi,1.0,23.9,35.849999999999994,0.33,sl,-23.9,-59.15,False,2023-07-24 13:00:00,5864.310000000006,5805.160000000006
buy,high_vol,rsi,1.0,24.4,36.599999999999994,0.32,sl,-24.4,-58.56,False,2023-07-24 13:15:00,5805.160000000006,5746.600000000006
sell,low_vol,ema_flipped,0.9998,6.1,9.149999999999999,1.26,sl,-6.1,-57.64,False,2023-07-26 08:45:00,5746.600000000006,5688.9600000000055
sell,high_vol,rsi,0.9226,8.0,12.0,0.84,sl,-8.0,-50.4,False,2023-07-26 10:00:00,5688.9600000000055,5638.560000000006
sell,high_vol,rsi,0.9266,8.8,13.200000000000001,0.76,sl,-8.8,-50.16,False,2023-07-26 10:15:00,5638.560000000006,5588.400000000006
sell,high_vol,rsi,0.9401,9.4,14.100000000000001,0.72,sl,-9.4,-50.76,False,2023-07-26 10:30:00,5588.400000000006,5537.640000000006
sell,high_vol,rsi,0.9927,10.0,15.0,0.73,sl,-10.0,-54.75,False,2023-07-26 10:45:00,5537.640000000006,5482.890000000006
sell,high_vol,rsi,1.0,10.9,16.35,0.67,sl,-10.9,-54.77,False,2023-07-26 11:00:00,5482.890000000006,5428.120000000005
sell,high_vol,rsi,1.0,11.4,17.1,0.63,sl,-11.4,-53.86,False,2023-07-26 11:15:00,5428.120000000005,5374.260000000006
sell,high_vol,rsi,1.0,12.4,18.6,0.58,sl,-12.4,-53.94,False,2023-07-26 11:30:00,5374.260000000006,5320.320000000006
sell,high_vol,rsi,1.0,13.2,19.799999999999997,0.54,sl,-13.2,-53.46,False,2023-07-26 11:45:00,5320.320000000006,5266.860000000006
sell,high_vol,rsi,1.0,13.2,19.799999999999997,0.53,sl,-13.2,-52.47,False,2023-07-26 12:00:00,5266.860000000006,5214.390000000006
sell,high_vol,rsi,1.0,13.4,20.1,0.52,sl,-13.4,-52.26,False,2023-07-26 12:15:00,5214.390000000006,5162.130000000006
sell,high_vol,rsi,1.0,13.4,20.1,0.51,sl,-13.4,-51.25,False,2023-07-26 12:30:00,5162.130000000006,5110.880000000006
sell,high_vol,rsi,1.0,13.5,20.25,0.5,sl,-13.5,-50.62,False,2023-07-26 12:45:00,5110.880000000006,5060.260000000006
sell,high_vol,rsi,1.0,13.6,20.4,0.5,sl,-13.6,-51.0,False,2023-07-26 13:00:00,5060.260000000006,5009.260000000006
sell,high_vol,rsi,1.0,13.6,20.4,0.49,sl,-13.6,-49.98,False,2023-07-26 13:15:00,5009.260000000006,4959.280000000006
sell,high_vol,rsi,1.0,12.8,19.200000000000003,0.52,sl,-12.8,-49.92,False,2023-07-26 13:30:00,4959.280000000006,4909.360000000006
sell,high_vol,rsi,1.0,12.9,19.35,0.51,tp,19.35,74.01,True,2023-07-26 13:45:00,4909.360000000006,4983.370000000006
sell,high_vol,rsi,1.0,12.8,19.200000000000003,0.52,tp,19.2,74.88,True,2023-07-26 14:00:00,4983.370000000006,5058.250000000006
sell,high_vol,rsi,1.0,15.5,23.25,0.44,sl,-15.5,-51.15,False,2023-07-27 12:15:00,5058.250000000006,5007.100000000007
sell,high_vol,rsi,1.0,16.7,25.049999999999997,0.4,sl,-16.7,-50.1,False,2023-07-27 12:45:00,5007.100000000007,4957.000000000006
sell,high_vol,rsi,1.0,17.6,26.400000000000002,0.38,tp,26.4,75.24,True,2023-07-27 13:00:00,4957.000000000006,5032.240000000006
sell,high_vol,rsi,1.0,17.7,26.549999999999997,0.38,tp,26.55,75.67,True,2023-07-27 13:15:00,5032.240000000006,5107.910000000006
sell,high_vol,rsi,1.0,18.2,27.299999999999997,0.37,tp,27.3,75.76,True,2023-07-27 13:30:00,5107.910000000006,5183.670000000006
buy,high_vol,rsi,1.0,31.9,47.849999999999994,0.22,sl,-31.9,-52.64,False,2023-07-27 16:15:00,5183.670000000006,5131.030000000006
buy,high_vol,rsi,1.0,33.6,50.400000000000006,0.2,tp,50.4,75.6,True,2023-07-27 16:30:00,5131.030000000006,5206.6300000000065
buy,high_vol,rsi,1.0,35.8,53.699999999999996,0.19,sl,-35.8,-51.01,False,2023-07-27 16:45:00,5206.6300000000065,5155.620000000006
buy,high_vol,rsi,1.0,37.0,55.5,0.19,tp,55.5,79.09,True,2023-07-27 17:00:00,5155.620000000006,5234.710000000006
buy,high_vol,rsi,1.0,37.6,56.400000000000006,0.19,tp,56.4,80.37,True,2023-07-27 17:15:00,5234.710000000006,5315.080000000006
buy,high_vol,rsi,1.0,38.7,58.050000000000004,0.18,tp,58.05,78.37,True,2023-07-27 17:30:00,5315.080000000006,5393.450000000006
buy,high_vol,rsi,1.0,39.3,58.949999999999996,0.18,tp,58.95,79.58,True,2023-07-27 17:45:00,5393.450000000006,5473.030000000006
buy,high_vol,rsi,1.0,39.4,59.099999999999994,0.19,tp,59.1,84.22,True,2023-07-27 18:00:00,5473.030000000006,5557.250000000006
buy,high_vol,rsi,1.0,39.1,58.650000000000006,0.19,tp,58.65,83.58,True,2023-07-27 18:15:00,5557.250000000006,5640.830000000006
buy,high_vol,rsi,1.0,38.9,58.349999999999994,0.19,tp,58.35,83.15,True,2023-07-27 18:30:00,5640.830000000006,5723.980000000006
sell,high_vol,rsi,1.0,17.2,25.799999999999997,0.44,sl,-17.2,-56.76,False,2023-07-28 14:15:00,5723.980000000006,5667.220000000006
sell,high_vol,rsi,1.0,16.7,25.049999999999997,0.45,sl,-16.7,-56.36,False,2023-07-28 14:30:00,5667.220000000006,5610.860000000006
buy,high_vol,rsi,1.0,17.3,25.950000000000003,0.43,sl,-17.3,-55.79,False,2023-07-31 16:45:00,5610.860000000006,5555.070000000006
buy,high_vol,rsi,1.0,21.5,32.25,0.34,tp,32.25,82.24,True,2023-07-31 18:45:00,5555.070000000006,5637.310000000006
buy,high_vol,rsi,1.0,21.6,32.400000000000006,0.35,tp,32.4,85.05,True,2023-07-31 19:00:00,5637.310000000006,5722.360000000006
buy,high_vol,rsi,1.0,20.9,31.349999999999998,0.37,tp,31.35,87.0,True,2023-07-31 19:15:00,5722.360000000006,5809.360000000006
buy,high_vol,rsi,1.0,20.6,30.900000000000002,0.38,tp,30.9,88.07,True,2023-07-31 19:30:00,5809.360000000006,5897.430000000006
buy,high_vol,rsi,1.0,20.3,30.450000000000003,0.39,tp,30.45,89.07,True,2023-07-31 19:45:00,5897.430000000006,5986.5000000000055
buy,high_vol,rsi,1.0,19.6,29.400000000000002,0.41,tp,29.4,90.4,True,2023-07-31 20:00:00,5986.5000000000055,6076.900000000005
buy,high_vol,rsi,1.0,17.7,26.549999999999997,0.46,tp,26.55,91.6,True,2023-07-31 20:30:00,6076.900000000005,6168.5000000000055
sell,high_vol,rsi,1.0,16.5,24.75,0.5,sl,-16.5,-61.87,False,2023-08-01 13:30:00,6168.5000000000055,6106.630000000006
sell,high_vol,rsi,1.0,14.3,21.450000000000003,0.57,sl,-14.3,-61.13,False,2023-08-01 15:30:00,6106.630000000006,6045.5000000000055
buy,low_vol,ema_flipped,0.9964,7.0,10.5,1.15,tp,10.5,90.56,True,2023-08-03 08:15:00,6045.5000000000055,6136.060000000006
sell,high_vol,rsi,1.0,25.1,37.650000000000006,0.33,sl,-25.1,-62.12,False,2023-08-04 16:00:00,6136.060000000006,6073.940000000006
sell,high_vol,rsi,1.0,26.2,39.3,0.31,timeout,-2.7,-6.28,False,2023-08-04 16:15:00,6073.940000000006,6067.660000000006
sell,high_vol,rsi,1.0,27.3,40.95,0.3,timeout,-10.4,-23.4,False,2023-08-04 16:30:00,6067.660000000006,6044.260000000007
sell,high_vol,rsi,1.0,32.1,48.150000000000006,0.25,timeout,10.8,20.25,True,2023-08-04 18:15:00,6044.260000000007,6064.510000000007
sell,high_vol,rsi,0.8498,8.0,12.0,0.79,sl,-8.0,-47.4,False,2023-08-08 08:45:00,6064.510000000007,6017.110000000007
sell,high_vol,rsi,0.788,8.4,12.600000000000001,0.67,sl,-8.4,-42.21,False,2023-08-08 09:00:00,6017.110000000007,5974.900000000007
sell,high_vol,rsi,0.8168,9.4,14.100000000000001,0.63,sl,-9.4,-44.41,False,2023-08-08 09:15:00,5974.900000000007,5930.490000000007
sell,high_vol,rsi,0.8522,10.3,15.450000000000001,0.61,tp,15.45,70.68,True,2023-08-08 09:30:00,5930.490000000007,6001.170000000007
sell,high_vol,rsi,0.8941,10.4,15.600000000000001,0.65,tp,15.6,76.05,True,2023-08-08 09:45:00,6001.170000000007,6077.2200000000075
sell,high_vol,rsi,0.9885,11.2,16.799999999999997,0.71,tp,16.8,89.46,True,2023-08-08 10:00:00,6077.2200000000075,6166.680000000008
buy,high_vol,rsi,1.0,16.0,24.0,0.51,sl,-16.0,-61.2,False,2023-08-08 19:00:00,6166.680000000008,6105.480000000008
buy,high_vol,rsi,1.0,14.3,21.450000000000003,0.57,sl,-14.3,-61.13,False,2023-08-08 20:30:00,6105.480000000008,6044.350000000008
buy,high_vol,rsi,1.0,13.9,20.85,0.58,sl,-13.9,-60.47,False,2023-08-08 20:45:00,6044.350000000008,5983.880000000007
buy,high_vol,rsi,0.9999,13.4,20.1,0.6,sl,-13.4,-60.3,False,2023-08-08 21:00:00,5983.880000000007,5923.580000000007
buy,high_vol,rsi,0.9944,12.4,18.6,0.63,timeout,-2.5,-11.81,False,2023-08-08 21:15:00,5923.580000000007,5911.770000000007
buy,high_vol,rsi,0.8153,12.3,18.450000000000003,0.47,sl,-12.3,-43.36,False,2023-08-08 21:30:00,5911.770000000007,5868.410000000007
buy,high_vol,rsi,0.7088,12.5,18.75,0.37,timeout,-1.9,-5.27,False,2023-08-08 21:45:00,5868.410000000007,5863.140000000007
sell,low_vol,ema_flipped,0.9865,9.9,14.850000000000001,0.77,sl,-9.9,-57.17,False,2023-08-09 10:30:00,5863.140000000007,5805.970000000007
sell,high_vol,rsi,1.0,13.2,19.799999999999997,0.59,tp,19.8,87.62,True,2023-08-09 16:15:00,5805.970000000007,5893.5900000000065
buy,high_vol,rsi,0.7182,12.6,18.9,0.37,tp,18.9,52.45,True,2023-08-09 21:45:00,5893.5900000000065,5946.040000000006
buy,low_vol,ema_flipped,1.0,8.3,12.450000000000001,0.96,sl,-8.3,-59.76,False,2023-08-10 00:45:00,5946.040000000006,5886.280000000006
sell,high_vol,rsi,0.9988,11.8,17.700000000000003,0.66,tp,17.7,87.62,True,2023-08-10 11:15:00,5886.280000000006,5973.900000000006
sell,high_vol,rsi,0.9994,11.9,17.85,0.67,tp,17.85,89.7,True,2023-08-10 11:30:00,5973.900000000006,6063.600000000006
sell,high_vol,rsi,0.9996,12.2,18.299999999999997,0.66,sl,-12.2,-60.39,False,2023-08-10 11:45:00,6063.600000000006,6003.2100000000055
sell,high_vol,rsi,0.9997,12.5,18.75,0.64,tp,18.75,90.0,True,2023-08-10 12:00:00,6003.2100000000055,6093.2100000000055
sell,high_vol,rsi,0.9997,12.7,19.049999999999997,0.64,tp,19.05,91.44,True,2023-08-10 12:15:00,6093.2100000000055,6184.650000000005
sell,high_vol,rsi,0.9998,12.7,19.049999999999997,0.65,sl,-12.7,-61.91,False,2023-08-10 12:30:00,6184.650000000005,6122.740000000005
sell,high_vol,rsi,0.9998,12.9,19.35,0.63,sl,-12.9,-60.95,False,2023-08-10 12:45:00,6122.740000000005,6061.790000000005
sell,high_vol,rsi,0.9975,12.9,19.35,0.62,sl,-12.9,-59.99,False,2023-08-10 13:00:00,6061.790000000005,6001.800000000006
sell,high_vol,rsi,0.9601,12.8,19.200000000000003,0.59,sl,-12.8,-56.64,False,2023-08-10 13:15:00,6001.800000000006,5945.160000000005
buy,high_vol,rsi,1.0,24.6,36.900000000000006,0.32,sl,-24.6,-59.04,False,2023-08-11 18:30:00,5945.160000000005,5886.120000000005
buy,high_vol,rsi,1.0,23.9,35.849999999999994,0.33,sl,-23.9,-59.15,False,2023-08-11 18:45:00,5886.120000000005,5826.970000000006
buy,high_vol,rsi,1.0,12.8,19.200000000000003,0.61,sl,-12.8,-58.56,False,2023-08-14 15:30:00,5826.970000000006,5768.410000000005
buy,high_vol,rsi,1.0,13.4,20.1,0.57,sl,-13.4,-57.28,False,2023-08-14 15:45:00,5768.410000000005,5711.130000000006
buy,high_vol,rsi,1.0,13.7,20.549999999999997,0.56,sl,-13.7,-57.54,False,2023-08-14 16:00:00,5711.130000000006,5653.590000000006
buy,high_vol,rsi,1.0,14.8,22.200000000000003,0.51,tp,22.2,84.92,True,2023-08-14 16:15:00,5653.590000000006,5738.510000000006
buy,high_vol,rsi,1.0,15.0,22.5,0.51,tp,22.5,86.06,True,2023-08-14 16:30:00,5738.510000000006,5824.570000000006
buy,high_vol,rsi,1.0,15.3,22.950000000000003,0.51,tp,22.95,87.78,True,2023-08-14 16:45:00,5824.570000000006,5912.350000000006
buy,high_vol,rsi,1.0,15.7,23.549999999999997,0.5,tp,23.55,88.31,True,2023-08-14 17:00:00,5912.350000000006,6000.660000000006
buy,high_vol,rsi,1.0,16.7,25.049999999999997,0.48,tp,25.05,90.18,True,2023-08-14 17:15:00,6000.660000000006,6090.8400000000065
buy,high_vol,rsi,0.9981,10.0,15.0,0.81,timeout,2.5,15.19,True,2023-08-14 22:45:00,6090.8400000000065,6106.030000000006
sell,high_vol,rsi,0.7024,10.6,15.899999999999999,0.44,sl,-10.6,-34.98,False,2023-08-15 10:15:00,6106.030000000006,6071.050000000007
sell,high_vol,rsi,0.7164,11.5,17.25,0.42,sl,-11.5,-36.22,False,2023-08-15 10:30:00,6071.050000000007,6034.830000000006
sell,high_vol,rsi,0.7945,12.4,18.6,0.46,sl,-12.4,-42.78,False,2023-08-15 10:45:00,6034.830000000006,5992.050000000007
sell,high_vol,rsi,0.886,12.8,19.200000000000003,0.52,sl,-12.8,-49.92,False,2023-08-15 11:00:00,5992.050000000007,5942.1300000000065
sell,high_vol,rsi,0.9588,13.2,19.799999999999997,0.56,sl,-13.2,-55.44,False,2023-08-15 11:15:00,5942.1300000000065,5886.690000000007
sell,high_vol,rsi,0.9984,13.9,20.85,0.56,sl,-13.9,-58.38,False,2023-08-15 11:30:00,5886.690000000007,5828.310000000007
sell,high_vol,rsi,0.9999,14.3,21.450000000000003,0.54,sl,-14.3,-57.92,False,2023-08-15 11:45:00,5828.310000000007,5770.390000000007
sell,high_vol,rsi,1.0,14.5,21.75,0.53,sl,-14.5,-57.64,False,2023-08-15 12:00:00,5770.390000000007,5712.750000000006
sell,high_vol,rsi,1.0,14.2,21.299999999999997,0.54,sl,-14.2,-57.51,False,2023-08-15 12:15:00,5712.750000000006,5655.240000000006
sell,high_vol,rsi,1.0,14.6,21.9,0.52,sl,-14.6,-56.94,False,2023-08-15 12:30:00,5655.240000000006,5598.300000000007
sell,high_vol,rsi,1.0,15.0,22.5,0.5,tp,22.5,84.38,True,2023-08-15 12:45:00,5598.300000000007,5682.680000000007
sell,high_vol,rsi,1.0,15.0,22.5,0.51,tp,22.5,86.06,True,2023-08-15 13:00:00,5682.680000000007,5768.740000000007
sell,high_vol,rsi,0.9995,14.7,22.049999999999997,0.52,tp,22.05,86.0,True,2023-08-15 13:15:00,5768.740000000007,5854.740000000007
sell,high_vol,rsi,0.9675,14.3,21.450000000000003,0.52,tp,21.45,83.66,True,2023-08-15 13:30:00,5854.740000000007,5938.400000000007
buy,low_vol,ema_flipped,1.0,9.8,14.700000000000001,0.81,sl,-9.8,-59.53,False,2023-08-16 23:00:00,5938.400000000007,5878.870000000007
sell,high_vol,rsi,1.0,14.9,22.35,0.53,tp,22.35,88.84,True,2023-08-17 16:00:00,5878.870000000007,5967.710000000007
sell,high_vol,rsi,1.0,16.2,24.299999999999997,0.49,tp,24.3,89.3,True,2023-08-17 16:30:00,5967.710000000007,6057.0100000000075
sell,low_vol,ema_flipped,0.9926,9.7,14.549999999999999,0.82,tp,14.55,89.48,True,2023-08-17 23:30:00,6057.0100000000075,6146.490000000007
buy,low_vol,ema_flipped,0.9999,12.8,19.200000000000003,0.64,tp,19.2,92.16,True,2023-08-18 13:30:00,6146.490000000007,6238.650000000007
sell,low_vol,ema_flipped,0.9926,11.8,17.700000000000003,0.7,sl,-11.8,-61.95,False,2023-08-18 15:00:00,6238.650000000007,6176.700000000007
buy,low_vol,ema_flipped,0.9989,12.0,18.0,0.69,tp,18.0,93.15,True,2023-08-21 15:45:00,6176.700000000007,6269.850000000007
sell,high_vol,rsi,1.0,16.1,24.150000000000002,0.52,sl,-16.1,-62.79,False,2023-08-21 18:45:00,6269.850000000007,6207.060000000007
sell,high_vol,rsi,0.9999,16.4,24.599999999999998,0.5,tp,24.6,92.25,True,2023-08-21 19:00:00,6207.060000000007,6299.310000000007
sell,high_vol,rsi,0.9998,16.6,24.900000000000002,0.51,tp,24.9,95.24,True,2023-08-21 19:15:00,6299.310000000007,6394.550000000007
sell,high_vol,rsi,1.0,17.2,25.799999999999997,0.5,tp,25.8,96.75,True,2023-08-21 19:30:00,6394.550000000007,6491.300000000007
sell,high_vol,rsi,0.9999,16.7,25.049999999999997,0.52,tp,25.05,97.69,True,2023-08-21 19:45:00,6491.300000000007,6588.990000000006
buy,low_vol,ema_flipped,0.9734,11.8,17.700000000000003,0.72,sl,-11.8,-63.72,False,2023-08-22 13:30:00,6588.990000000006,6525.270000000006
buy,high_vol,rsi,0.8849,13.7,20.549999999999997,0.53,sl,-13.7,-54.46,False,2023-08-22 15:30:00,6525.270000000006,6470.810000000006
buy,high_vol,rsi,0.9773,13.9,20.85,0.6,sl,-13.9,-62.55,False,2023-08-22 15:45:00,6470.810000000006,6408.260000000006
buy,high_vol,rsi,0.9991,14.5,21.75,0.59,sl,-14.5,-64.16,False,2023-08-22 16:00:00,6408.260000000006,6344.100000000006
buy,high_vol,rsi,1.0,16.1,24.150000000000002,0.53,tp,24.15,96.0,True,2023-08-22 16:15:00,6344.100000000006,6440.100000000006
buy,high_vol,rsi,1.0,11.0,16.5,0.78,sl,-11.0,-64.35,False,2023-08-24 21:00:00,6440.100000000006,6375.7500000000055
buy,high_vol,rsi,1.0,10.2,15.299999999999999,0.83,tp,15.3,95.24,True,2023-08-24 21:15:00,6375.7500000000055,6470.990000000005
sell,high_vol,rsi,1.0,15.4,23.1,0.56,tp,23.1,97.02,True,2023-08-25 17:00:00,6470.990000000005,6568.010000000006
buy,high_vol,rsi,0.9994,8.9,13.350000000000001,0.98,sl,-8.9,-65.42,False,2023-08-31 10:00:00,6568.010000000006,6502.590000000006
buy,high_vol,rsi,0.8434,10.1,15.149999999999999,0.67,sl,-10.1,-50.75,False,2023-08-31 10:15:00,6502.590000000006,6451.840000000006
buy,high_vol,rsi,0.8319,11.9,17.85,0.55,sl,-11.9,-49.09,False,2023-08-31 10:45:00,6451.840000000006,6402.7500000000055
buy,high_vol,rsi,0.8448,12.7,19.049999999999997,0.52,sl,-12.7,-49.53,False,2023-08-31 11:00:00,6402.7500000000055,6353.220000000006
buy,high_vol,rsi,0.8952,13.3,19.950000000000003,0.54,sl,-13.3,-53.87,False,2023-08-31 11:15:00,6353.220000000006,6299.350000000006
buy,high_vol,rsi,0.9511,13.9,20.85,0.56,sl,-13.9,-58.38,False,2023-08-31 11:30:00,6299.350000000006,6240.970000000006
buy,high_vol,rsi,0.9981,15.0,22.5,0.55,sl,-15.0,-61.88,False,2023-08-31 11:45:00,6240.970000000006,6179.090000000006
buy,high_vol,rsi,1.0,16.7,25.049999999999997,0.49,sl,-16.7,-61.37,False,2023-08-31 12:00:00,6179.090000000006,6117.720000000006
buy,high_vol,rsi,1.0,17.1,25.650000000000002,0.48,sl,-17.1,-61.56,False,2023-08-31 12:15:00,6117.720000000006,6056.160000000005
buy,high_vol,rsi,1.0,18.1,27.150000000000002,0.45,timeout,-10.4,-35.1,False,2023-08-31 13:00:00,6056.160000000005,6021.060000000005
buy,high_vol,rsi,1.0,20.3,30.450000000000003,0.4,sl,-20.3,-60.9,False,2023-08-31 16:45:00,6021.060000000005,5960.160000000005
sell,high_vol,rsi,1.0,24.6,36.900000000000006,0.32,tp,36.9,88.56,True,2023-09-01 16:15:00,5960.160000000005,6048.720000000006
sell,low_vol,ema_flipped,0.9864,9.6,14.399999999999999,0.82,sl,-9.6,-59.04,False,2023-09-04 10:45:00,6048.720000000006,5989.680000000006
buy,high_vol,rsi,1.0,12.3,18.450000000000003,0.65,sl,-12.3,-59.96,False,2023-09-05 14:30:00,5989.680000000006,5929.720000000006
buy,high_vol,rsi,0.9998,12.5,18.75,0.63,sl,-12.5,-59.06,False,2023-09-05 15:30:00,5929.720000000006,5870.660000000005
buy,low_vol,ema_flipped,0.9998,10.0,15.0,0.78,sl,-10.0,-58.5,False,2023-09-06 22:15:00,5870.660000000005,5812.160000000005
sell,high_vol,rsi,1.0,19.5,29.25,0.4,tp,29.25,87.75,True,2023-09-07 19:15:00,5812.160000000005,5899.910000000005
sell,high_vol,rsi,1.0,18.3,27.450000000000003,0.43,tp,27.45,88.53,True,2023-09-07 19:30:00,5899.910000000005,5988.440000000005
sell,high_vol,rsi,1.0,17.9,26.849999999999998,0.45,tp,26.85,90.62,True,2023-09-07 19:45:00,5988.440000000005,6079.060000000005
sell,high_vol,rsi,1.0,17.8,26.700000000000003,0.46,tp,26.7,92.11,True,2023-09-07 20:00:00,6079.060000000005,6171.170000000005
buy,low_vol,ema_flipped,0.9997,11.8,17.700000000000003,0.7,sl,-11.8,-61.95,False,2023-09-08 12:45:00,6171.170000000005,6109.220000000005
buy,high_vol,rsi,1.0,12.0,18.0,0.68,sl,-12.0,-61.2,False,2023-09-08 15:15:00,6109.220000000005,6048.020000000005
buy,high_vol,rsi,1.0,15.1,22.65,0.53,tp,22.65,90.03,True,2023-09-08 15:30:00,6048.020000000005,6138.050000000005
buy,high_vol,rsi,0.8321,11.6,17.4,0.54,tp,17.4,70.47,True,2023-09-11 14:45:00,6138.050000000005,6208.520000000005
buy,high_vol,rsi,0.7591,11.0,16.5,0.49,tp,16.5,60.64,True,2023-09-11 15:00:00,6208.520000000005,6269.160000000005
buy,high_vol,rsi,0.6988,11.6,17.4,0.41,tp,17.4,53.51,True,2023-09-11 15:15:00,6269.160000000005,6322.6700000000055
sell,low_vol,ema_flipped,0.9419,11.6,17.4,0.67,tp,17.4,87.44,True,2023-09-13 01:30:00,6322.6700000000055,6410.110000000005
sell,high_vol,rsi,0.9543,10.6,15.899999999999999,0.75,tp,15.9,89.44,True,2023-09-13 22:00:00,6410.110000000005,6499.550000000005
buy,high_vol,rsi,1.0,17.0,25.5,0.51,sl,-17.0,-65.03,False,2023-09-14 15:15:00,6499.550000000005,6434.520000000005
buy,high_vol,rsi,1.0,21.4,32.099999999999994,0.4,sl,-21.4,-64.2,False,2023-09-14 15:30:00,6434.520000000005,6370.320000000005
buy,high_vol,rsi,1.0,23.8,35.7,0.36,sl,-23.8,-64.26,False,2023-09-14 15:45:00,6370.320000000005,6306.060000000005
buy,high_vol,rsi,1.0,29.7,44.55,0.28,sl,-29.7,-62.37,False,2023-09-14 16:15:00,6306.060000000005,6243.690000000005
buy,high_vol,rsi,1.0,31.9,47.849999999999994,0.26,sl,-31.9,-62.21,False,2023-09-14 16:45:00,6243.690000000005,6181.480000000005
buy,high_vol,rsi,1.0,34.0,51.0,0.24,sl,-34.0,-61.2,False,2023-09-14 17:45:00,6181.480000000005,6120.280000000005
buy,high_vol,rsi,1.0,21.7,32.55,0.38,timeout,3.4,9.69,True,2023-09-14 19:30:00,6120.280000000005,6129.970000000005
buy,high_vol,rsi,1.0,18.8,28.200000000000003,0.43,timeout,9.4,30.31,True,2023-09-14 19:45:00,6129.970000000005,6160.280000000005
buy,high_vol,rsi,1.0,18.4,27.599999999999998,0.45,timeout,5.4,18.22,True,2023-09-14 20:00:00,6160.280000000005,6178.5000000000055
buy,high_vol,rsi,1.0,17.6,26.400000000000002,0.47,tp,26.4,93.06,True,2023-09-14 20:30:00,6178.5000000000055,6271.560000000006
buy,low_vol,ema_flipped,1.0,6.4,9.600000000000001,1.31,sl,-6.4,-62.88,False,2023-09-18 07:00:00,6271.560000000006,6208.680000000006
buy,high_vol,rsi,0.9982,12.8,19.200000000000003,0.65,tp,19.2,93.6,True,2023-09-18 16:00:00,6208.680000000006,6302.280000000006
sell,low_vol,ema_flipped,0.9991,9.2,13.799999999999999,0.91,timeout,4.2,28.67,True,2023-09-18 22:30:00,6302.280000000006,6330.950000000006
buy,low_vol,ema_flipped,1.0,5.8,8.7,1.46,sl,-5.8,-63.51,False,2023-09-19 04:30:00,6330.950000000006,6267.440000000006
sell,high_vol,rsi,1.0,14.5,21.75,0.58,tp,21.75,94.61,True,2023-09-19 20:30:00,6267.440000000006,6362.050000000006
sell,low_vol,ema_flipped,1.0,5.6,8.399999999999999,1.51,sl,-5.6,-63.42,False,2023-09-20 07:00:00,6362.050000000006,6298.630000000006
buy,low_vol,ema_flipped,0.9998,7.6,11.399999999999999,1.1,sl,-7.6,-62.7,False,2023-09-22 02:45:00,6298.630000000006,6235.930000000006
buy,high_vol,rsi,1.0,13.2,19.799999999999997,0.63,sl,-13.2,-62.37,False,2023-09-22 14:15:00,6235.930000000006,6173.560000000006
buy,high_vol,rsi,1.0,12.6,18.9,0.65,sl,-12.6,-61.43,False,2023-09-22 14:30:00,6173.560000000006,6112.130000000006
buy,high_vol,rsi,1.0,13.5,20.25,0.6,tp,20.25,91.12,True,2023-09-22 14:45:00,6112.130000000006,6203.2500000000055
sell,high_vol,rsi,1.0,13.5,20.25,0.61,tp,20.25,92.64,True,2023-09-22 20:30:00,6203.2500000000055,6295.890000000006
buy,low_vol,ema_flipped,0.8531,11.6,17.4,0.57,sl,-11.6,-49.59,False,2023-09-25 11:00:00,6295.890000000006,6246.300000000006
buy,high_vol,rsi,0.9938,12.1,18.15,0.68,sl,-12.1,-61.71,False,2023-09-25 16:00:00,6246.300000000006,6184.590000000006
buy,high_vol,rsi,1.0,15.7,23.549999999999997,0.53,sl,-15.7,-62.41,False,2023-09-25 17:00:00,6184.590000000006,6122.180000000006
buy,high_vol,rsi,1.0,17.8,26.700000000000003,0.46,sl,-17.8,-61.41,False,2023-09-25 18:00:00,6122.180000000006,6060.770000000006
buy,low_vol,ema_flipped,0.9998,8.9,13.350000000000001,0.91,tp,13.35,91.11,True,2023-09-27 00:15:00,6060.770000000006,6151.880000000006
sell,low_vol,ema_flipped,0.9998,10.4,15.600000000000001,0.79,tp,15.6,92.43,True,2023-09-27 01:00:00,6151.880000000006,6244.310000000006
buy,low_vol,ema_flipped,1.0,8.2,12.299999999999999,1.02,sl,-8.2,-62.73,False,2023-09-27 03:45:00,6244.310000000006,6181.580000000006
buy,high_vol,rsi,1.0,17.0,25.5,0.48,sl,-17.0,-61.2,False,2023-09-27 16:15:00,6181.580000000006,6120.3800000000065
buy,high_vol,rsi,1.0,17.7,26.549999999999997,0.46,sl,-17.7,-61.07,False,2023-09-27 16:30:00,6120.3800000000065,6059.310000000007
buy,high_vol,rsi,1.0,19.6,29.400000000000002,0.41,sl,-19.6,-60.27,False,2023-09-27 16:45:00,6059.310000000007,5999.040000000006
buy,high_vol,rsi,1.0,20.0,30.0,0.4,sl,-20.0,-60.0,False,2023-09-27 17:00:00,5999.040000000006,5939.040000000006
buy,high_vol,rsi,1.0,20.9,31.349999999999998,0.38,sl,-20.9,-59.56,False,2023-09-27 17:15:00,5939.040000000006,5879.480000000006
buy,high_vol,rsi,1.0,21.4,32.099999999999994,0.37,sl,-21.4,-59.39,False,2023-09-27 17:30:00,5879.480000000006,5820.090000000006
buy,high_vol,rsi,1.0,21.7,32.55,0.36,sl,-21.7,-58.59,False,2023-09-27 18:15:00,5820.090000000006,5761.5000000000055
sell,high_vol,rsi,1.0,18.2,27.299999999999997,0.42,sl,-18.2,-57.33,False,2023-09-28 13:00:00,5761.5000000000055,5704.1700000000055
sell,high_vol,rsi,1.0,17.6,26.400000000000002,0.43,sl,-17.6,-56.76,False,2023-09-28 13:15:00,5704.1700000000055,5647.410000000005
sell,high_vol,rsi,1.0,22.3,33.45,0.34,sl,-22.3,-56.86,False,2023-09-29 19:45:00,5647.410000000005,5590.550000000006
sell,high_vol,rsi,1.0,21.0,31.5,0.35,sl,-21.0,-55.12,False,2023-09-29 20:00:00,5590.550000000006,5535.430000000006
sell,high_vol,rsi,1.0,20.5,30.75,0.36,sl,-20.5,-55.35,False,2023-09-29 20:15:00,5535.430000000006,5480.080000000005
sell,high_vol,rsi,1.0,19.3,28.950000000000003,0.38,sl,-19.3,-55.0,False,2023-09-29 20:30:00,5480.080000000005,5425.080000000005
sell,high_vol,rsi,1.0,18.0,27.0,0.4,sl,-18.0,-54.0,False,2023-09-29 20:45:00,5425.080000000005,5371.080000000005
sell,high_vol,rsi,1.0,17.1,25.650000000000002,0.42,sl,-17.1,-53.87,False,2023-09-29 21:00:00,5371.080000000005,5317.2100000000055
buy,low_vol,ema_flipped,0.9988,11.1,16.65,0.64,tp,16.65,79.92,True,2023-10-03 00:30:00,5317.2100000000055,5397.130000000006
sell,low_vol,ema_flipped,1.0,7.0,10.5,1.03,sl,-7.0,-54.07,False,2023-10-03 07:30:00,5397.130000000006,5343.060000000006
buy,low_vol,ema_flipped,1.0,9.0,13.5,0.79,tp,13.5,79.99,True,2023-10-04 01:30:00,5343.060000000006,5423.050000000006
sell,low_vol,ema_flipped,1.0,6.8,10.2,1.06,tp,10.2,81.09,True,2023-10-04 03:15:00,5423.050000000006,5504.140000000006
buy,low_vol,ema_flipped,1.0,7.0,10.5,1.05,tp,10.5,82.69,True,2023-10-04 05:30:00,5504.140000000006,5586.830000000005
sell,high_vol,rsi,1.0,15.7,23.549999999999997,0.47,sl,-15.7,-55.34,False,2023-10-04 12:45:00,5586.830000000005,5531.490000000005
sell,high_vol,rsi,1.0,17.0,25.5,0.43,sl,-17.0,-54.83,False,2023-10-04 13:00:00,5531.490000000005,5476.660000000005
sell,high_vol,rsi,1.0,17.8,26.700000000000003,0.41,sl,-17.8,-54.73,False,2023-10-04 13:15:00,5476.660000000005,5421.930000000006
sell,high_vol,rsi,1.0,22.6,33.900000000000006,0.32,tp,33.9,81.36,True,2023-10-04 18:15:00,5421.930000000006,5503.290000000005
sell,high_vol,rsi,1.0,22.9,34.349999999999994,0.32,tp,34.35,82.44,True,2023-10-04 18:30:00,5503.290000000005,5585.730000000005
sell,high_vol,rsi,1.0,15.4,23.1,0.48,tp,23.1,83.16,True,2023-10-05 12:00:00,5585.730000000005,5668.890000000005
sell,high_vol,rsi,1.0,15.8,23.700000000000003,0.48,tp,23.7,85.32,True,2023-10-05 12:15:00,5668.890000000005,5754.210000000005
sell,high_vol,rsi,1.0,16.0,24.0,0.48,tp,24.0,86.4,True,2023-10-05 12:30:00,5754.210000000005,5840.610000000004
buy,high_vol,rsi,1.0,12.6,18.9,0.62,sl,-12.6,-58.59,False,2023-10-09 00:15:00,5840.610000000004,5782.020000000004
sell,high_vol,rsi,1.0,20.0,30.0,0.39,tp,30.0,87.75,True,2023-10-10 12:15:00,5782.020000000004,5869.770000000004
sell,low_vol,ema_flipped,1.0,6.1,9.149999999999999,1.28,sl,-6.1,-58.56,False,2023-10-13 06:15:00,5869.770000000004,5811.210000000004
buy,high_vol,rsi,1.0,13.8,20.700000000000003,0.56,sl,-13.8,-57.96,False,2023-10-13 14:00:00,5811.210000000004,5753.250000000004
buy,high_vol,rsi,1.0,21.4,32.099999999999994,0.36,timeout,12.0,32.4,True,2023-10-13 18:15:00,5753.250000000004,5785.650000000003
buy,high_vol,rsi,1.0,22.0,33.0,0.35,timeout,17.2,45.15,True,2023-10-13 18:30:00,5785.650000000003,5830.800000000003
buy,high_vol,rsi,1.0,21.7,32.55,0.36,timeout,21.4,57.78,True,2023-10-13 18:45:00,5830.800000000003,5888.580000000003
buy,high_vol,rsi,0.8647,10.9,16.35,0.58,tp,16.35,71.12,True,2023-10-16 15:15:00,5888.580000000003,5959.700000000003
buy,high_vol,rsi,0.8482,11.1,16.65,0.56,sl,-11.1,-46.62,False,2023-10-16 15:30:00,5959.700000000003,5913.080000000003
buy,high_vol,rsi,0.8589,11.3,16.950000000000003,0.56,sl,-11.3,-47.46,False,2023-10-16 15:45:00,5913.080000000003,5865.620000000003
sell,low_vol,ema_flipped,0.9998,9.0,13.5,0.87,tp,13.5,88.09,True,2023-10-16 22:45:00,5865.620000000003,5953.710000000003
buy,low_vol,ema_flipped,0.9998,8.1,12.149999999999999,0.98,tp,12.15,89.3,True,2023-10-17 09:30:00,5953.710000000003,6043.010000000003
sell,high_vol,rsi,0.9994,12.8,19.200000000000003,0.63,sl,-12.8,-60.48,False,2023-10-17 13:00:00,6043.010000000003,5982.530000000003
sell,high_vol,rsi,0.9999,14.0,21.0,0.57,sl,-14.0,-59.85,False,2023-10-17 14:30:00,5982.530000000003,5922.680000000003
sell,high_vol,rsi,0.9998,14.1,21.15,0.56,sl,-14.1,-59.22,False,2023-10-17 14:45:00,5922.680000000003,5863.460000000003
sell,high_vol,rsi,1.0,14.7,22.049999999999997,0.53,tp,22.05,87.65,True,2023-10-19 15:45:00,5863.460000000003,5951.110000000002
sell,high_vol,rsi,0.8921,9.4,14.100000000000001,0.71,tp,14.1,75.08,True,2023-10-23 00:00:00,5951.110000000002,6026.190000000002
sell,high_vol,rsi,1.0,11.0,16.5,0.73,tp,16.5,90.34,True,2023-10-23 10:45:00,6026.190000000002,6116.5300000000025
sell,high_vol,rsi,0.9999,11.9,17.85,0.69,tp,17.85,92.37,True,2023-10-23 11:00:00,6116.5300000000025,6208.900000000002
sell,high_vol,rsi,1.0,17.2,25.799999999999997,0.48,timeout,-5.2,-18.72,False,2023-10-23 21:00:00,6208.900000000002,6190.180000000002
sell,high_vol,rsi,1.0,15.9,23.85,0.52,timeout,-2.0,-7.8,False,2023-10-23 21:15:00,6190.180000000002,6182.380000000002
sell,high_vol,rsi,1.0,15.2,22.799999999999997,0.54,timeout,-0.9,-3.64,False,2023-10-23 21:45:00,6182.380000000002,6178.740000000002
sell,high_vol,rsi,0.9734,13.2,19.799999999999997,0.6,timeout,0.7,3.15,True,2023-10-23 22:15:00,6178.740000000002,6181.890000000001
buy,high_vol,rsi,1.0,15.7,23.549999999999997,0.53,sl,-15.7,-62.41,False,2023-10-24 13:30:00,6181.890000000001,6119.480000000001
buy,high_vol,rsi,1.0,15.2,22.799999999999997,0.54,sl,-15.2,-61.56,False,2023-10-24 13:45:00,6119.480000000001,6057.920000000001
sell,low_vol,ema_flipped,1.0,6.7,10.05,1.21,tp,10.05,91.2,True,2023-10-25 07:00:00,6057.920000000001,6149.120000000001
buy,low_vol,ema_flipped,1.0,7.9,11.850000000000001,1.04,sl,-7.9,-61.62,False,2023-10-26 06:30:00,6149.120000000001,6087.500000000001
sell,high_vol,rsi,1.0,29.0,43.5,0.28,timeout,27.8,58.38,True,2023-10-27 18:00:00,6087.500000000001,6145.880000000001
sell,high_vol,rsi,1.0,29.8,44.7,0.27,tp,44.7,90.52,True,2023-10-27 18:15:00,6145.880000000001,6236.4000000000015
sell,high_vol,rsi,1.0,29.6,44.400000000000006,0.28,tp,44.4,93.24,True,2023-10-27 18:30:00,6236.4000000000015,6329.640000000001
sell,high_vol,rsi,1.0,28.1,42.150000000000006,0.3,tp,42.15,94.84,True,2023-10-27 18:45:00,6329.640000000001,6424.480000000001
sell,high_vol,rsi,1.0,27.0,40.5,0.32,tp,40.5,97.2,True,2023-10-27 19:00:00,6424.480000000001,6521.680000000001
sell,high_vol,rsi,1.0,23.6,35.400000000000006,0.37,tp,35.4,98.24,True,2023-10-27 19:15:00,6521.680000000001,6619.920000000001
sell,high_vol,rsi,1.0,17.7,26.549999999999997,0.5,tp,26.55,99.56,True,2023-10-31 12:45:00,6619.920000000001,6719.480000000001
sell,high_vol,rsi,1.0,21.1,31.650000000000002,0.42,tp,31.65,99.7,True,2023-10-31 13:45:00,6719.480000000001,6819.180000000001
buy,high_vol,rsi,0.9998,11.2,16.799999999999997,0.81,sl,-11.2,-68.04,False,2023-11-01 14:15:00,6819.180000000001,6751.140000000001
buy,high_vol,rsi,0.9998,11.0,16.5,0.82,sl,-11.0,-67.65,False,2023-11-01 14:30:00,6751.140000000001,6683.490000000002
buy,high_vol,rsi,0.9997,10.6,15.899999999999999,0.84,sl,-10.6,-66.78,False,2023-11-01 14:45:00,6683.490000000002,6616.710000000002
buy,high_vol,rsi,1.0,10.5,15.75,0.84,sl,-10.5,-66.15,False,2023-11-01 15:00:00,6616.710000000002,6550.560000000002
buy,high_vol,rsi,1.0,13.1,19.65,0.67,sl,-13.1,-65.83,False,2023-11-01 15:45:00,6550.560000000002,6484.730000000002
buy,high_vol,rsi,1.0,13.8,20.700000000000003,0.63,tp,20.7,97.81,True,2023-11-01 16:00:00,6484.730000000002,6582.540000000003
buy,high_vol,rsi,1.0,14.3,21.450000000000003,0.61,tp,21.45,98.13,True,2023-11-01 16:15:00,6582.540000000003,6680.670000000003
sell,low_vol,ema_flipped,1.0,7.9,11.850000000000001,1.13,sl,-7.9,-66.95,False,2023-11-02 04:15:00,6680.670000000003,6613.720000000003
buy,high_vol,rsi,1.0,22.2,33.3,0.4,sl,-22.2,-66.6,False,2023-11-02 19:00:00,6613.720000000003,6547.120000000003
buy,high_vol,rsi,1.0,21.8,32.7,0.4,sl,-21.8,-65.4,False,2023-11-02 19:30:00,6547.120000000003,6481.720000000003
buy,high_vol,rsi,1.0,20.5,30.75,0.42,sl,-20.5,-64.58,False,2023-11-02 19:45:00,6481.720000000003,6417.140000000003
buy,high_vol,rsi,1.0,17.3,25.950000000000003,0.49,sl,-17.3,-63.58,False,2023-11-02 21:15:00,6417.140000000003,6353.560000000003
buy,high_vol,rsi,1.0,16.8,25.200000000000003,0.5,sl,-16.8,-63.0,False,2023-11-02 21:30:00,6353.560000000003,6290.560000000003
buy,high_vol,rsi,1.0,16.2,24.299999999999997,0.52,sl,-16.2,-63.18,False,2023-11-02 21:45:00,6290.560000000003,6227.380000000003
buy,high_vol,rsi,1.0,14.6,21.9,0.57,tp,21.9,93.62,True,2023-11-02 22:30:00,6227.380000000003,6321.000000000003
sell,high_vol,rsi,1.0,14.4,21.6,0.59,tp,21.6,95.58,True,2023-11-03 15:30:00,6321.000000000003,6416.580000000003
buy,high_vol,rsi,1.0,10.1,15.149999999999999,0.85,sl,-10.1,-64.39,False,2023-11-03 23:45:00,6416.580000000003,6352.190000000002
buy,high_vol,rsi,0.9819,10.6,15.899999999999999,0.78,tp,15.9,93.01,True,2023-11-06 00:15:00,6352.190000000002,6445.200000000003
buy,high_vol,rsi,0.88,10.5,15.75,0.68,tp,15.75,80.33,True,2023-11-06 00:30:00,6445.200000000003,6525.5300000000025
buy,high_vol,rsi,0.7043,10.1,15.149999999999999,0.5,tp,15.15,56.81,True,2023-11-06 00:45:00,6525.5300000000025,6582.340000000003
sell,high_vol,rsi,1.0,16.9,25.349999999999998,0.52,sl,-16.9,-65.91,False,2023-11-07 18:30:00,6582.340000000003,6516.430000000003
sell,high_vol,rsi,1.0,17.0,25.5,0.51,sl,-17.0,-65.03,False,2023-11-07 18:45:00,6516.430000000003,6451.400000000003
sell,high_vol,rsi,1.0,16.3,24.450000000000003,0.53,sl,-16.3,-64.79,False,2023-11-07 19:30:00,6451.400000000003,6386.610000000003
sell,high_vol,rsi,1.0,15.9,23.85,0.54,sl,-15.9,-64.39,False,2023-11-07 19:45:00,6386.610000000003,6322.220000000003
sell,high_vol,rsi,1.0,15.7,23.549999999999997,0.54,sl,-15.7,-63.59,False,2023-11-07 20:00:00,6322.220000000003,6258.630000000003
buy,low_vol,ema_flipped,0.9995,9.9,14.850000000000001,0.84,tp,14.85,93.55,True,2023-11-08 12:30:00,6258.630000000003,6352.180000000003
sell,high_vol,rsi,1.0,19.6,29.400000000000002,0.43,tp,29.4,94.81,True,2023-11-08 17:45:00,6352.180000000003,6446.990000000003
sell,high_vol,rsi,1.0,20.6,30.900000000000002,0.42,tp,30.9,97.34,True,2023-11-08 18:00:00,6446.990000000003,6544.330000000004
sell,high_vol,rsi,1.0,20.5,30.75,0.43,tp,30.75,99.17,True,2023-11-08 18:15:00,6544.330000000004,6643.500000000004
sell,high_vol,rsi,1.0,20.2,30.299999999999997,0.44,tp,30.3,99.99,True,2023-11-08 18:30:00,6643.500000000004,6743.490000000003
sell,high_vol,rsi,1.0,20.8,31.200000000000003,0.43,tp,31.2,100.62,True,2023-11-08 18:45:00,6743.490000000003,6844.110000000003
sell,high_vol,rsi,1.0,20.1,30.150000000000002,0.45,tp,30.15,101.76,True,2023-11-08 19:00:00,6844.110000000003,6945.8700000000035
sell,high_vol,rsi,1.0,19.2,28.799999999999997,0.48,tp,28.8,103.68,True,2023-11-08 19:15:00,6945.8700000000035,7049.550000000004
sell,high_vol,rsi,1.0,19.4,29.099999999999998,0.48,tp,29.1,104.76,True,2023-11-08 19:30:00,7049.550000000004,7154.310000000004
sell,high_vol,rsi,1.0,18.4,27.599999999999998,0.52,tp,27.6,107.64,True,2023-11-08 19:45:00,7154.310000000004,7261.950000000004
sell,high_vol,rsi,1.0,17.4,26.099999999999998,0.56,tp,26.1,109.62,True,2023-11-08 20:00:00,7261.950000000004,7371.570000000004
sell,high_vol,rsi,1.0,16.2,24.299999999999997,0.61,tp,24.3,111.17,True,2023-11-08 20:15:00,7371.570000000004,7482.740000000004
sell,high_vol,rsi,1.0,16.1,24.150000000000002,0.62,tp,24.15,112.3,True,2023-11-08 20:30:00,7482.740000000004,7595.0400000000045
buy,high_vol,rsi,0.9995,11.7,17.549999999999997,0.86,tp,17.55,113.2,True,2023-11-09 13:30:00,7595.0400000000045,7708.240000000004
buy,high_vol,rsi,0.9976,11.1,16.65,0.92,tp,16.65,114.89,True,2023-11-09 13:45:00,7708.240000000004,7823.130000000005
buy,high_vol,rsi,1.0,12.0,18.0,0.87,sl,-12.0,-78.3,False,2023-11-10 21:00:00,7823.130000000005,7744.8300000000045
sell,high_vol,rsi,1.0,8.4,12.600000000000001,1.23,sl,-8.4,-77.49,False,2023-11-13 03:45:00,7744.8300000000045,7667.340000000005
sell,high_vol,rsi,1.0,7.2,10.8,1.42,sl,-7.2,-76.68,False,2023-11-13 04:00:00,7667.340000000005,7590.660000000004
sell,high_vol,rsi,0.7906,8.6,12.899999999999999,0.82,sl,-8.6,-52.89,False,2023-11-14 10:30:00,7590.660000000004,7537.770000000004
sell,high_vol,rsi,0.9986,10.6,15.899999999999999,0.95,sl,-10.6,-75.53,False,2023-11-14 11:15:00,7537.770000000004,7462.240000000004
sell,high_vol,rsi,1.0,11.6,17.4,0.86,sl,-11.6,-74.82,False,2023-11-14 11:30:00,7462.240000000004,7387.420000000005
sell,high_vol,rsi,1.0,11.9,17.85,0.83,sl,-11.9,-74.08,False,2023-11-14 11:45:00,7387.420000000005,7313.340000000005
sell,high_vol,rsi,1.0,13.7,20.549999999999997,0.71,sl,-13.7,-72.95,False,2023-11-14 12:00:00,7313.340000000005,7240.390000000005
sell,high_vol,rsi,1.0,14.4,21.6,0.67,sl,-14.4,-72.36,False,2023-11-14 12:15:00,7240.390000000005,7168.030000000005
sell,high_vol,rsi,1.0,14.7,22.049999999999997,0.65,sl,-14.7,-71.66,False,2023-11-14 12:30:00,7168.030000000005,7096.370000000005
sell,high_vol,rsi,1.0,15.3,22.950000000000003,0.62,sl,-15.3,-71.15,False,2023-11-14 13:00:00,7096.370000000005,7025.220000000006
sell,high_vol,rsi,1.0,14.5,21.75,0.65,sl,-14.5,-70.69,False,2023-11-14 14:00:00,7025.220000000006,6954.530000000006
sell,high_vol,rsi,1.0,28.7,43.05,0.32,tp,43.05,103.32,True,2023-11-14 18:30:00,6954.530000000006,7057.850000000006
sell,low_vol,ema_flipped,0.9887,8.6,12.899999999999999,1.08,sl,-8.6,-69.66,False,2023-11-16 10:30:00,7057.850000000006,6988.190000000006
sell,high_vol,rsi,0.9995,10.8,16.200000000000003,0.86,sl,-10.8,-69.66,False,2023-11-16 11:30:00,6988.190000000006,6918.530000000006
sell,high_vol,rsi,1.0,11.3,16.950000000000003,0.82,sl,-11.3,-69.5,False,2023-11-16 12:15:00,6918.530000000006,6849.030000000006
sell,high_vol,rsi,1.0,11.0,16.5,0.83,sl,-11.0,-68.48,False,2023-11-16 12:30:00,6849.030000000006,6780.550000000007
sell,high_vol,rsi,1.0,14.4,21.6,0.63,sl,-14.4,-68.04,False,2023-11-16 15:30:00,6780.550000000007,6712.510000000007
sell,high_vol,rsi,1.0,14.8,22.200000000000003,0.6,sl,-14.8,-66.6,False,2023-11-16 15:45:00,6712.510000000007,6645.910000000006
sell,high_vol,rsi,1.0,15.7,23.549999999999997,0.56,sl,-15.7,-65.94,False,2023-11-16 16:00:00,6645.910000000006,6579.970000000007
sell,high_vol,rsi,1.0,15.9,23.85,0.55,sl,-15.9,-65.59,False,2023-11-16 16:15:00,6579.970000000007,6514.3800000000065
sell,high_vol,rsi,1.0,16.5,24.75,0.53,sl,-16.5,-65.59,False,2023-11-16 16:30:00,6514.3800000000065,6448.790000000006
sell,high_vol,rsi,1.0,18.0,27.0,0.48,sl,-18.0,-64.8,False,2023-11-16 16:45:00,6448.790000000006,6383.990000000006
sell,high_vol,rsi,1.0,21.1,31.650000000000002,0.4,tp,31.65,94.95,True,2023-11-16 17:00:00,6383.990000000006,6478.940000000006
sell,high_vol,rsi,1.0,22.9,34.349999999999994,0.38,tp,34.35,97.9,True,2023-11-16 17:15:00,6478.940000000006,6576.840000000006
buy,high_vol,rsi,1.0,14.1,21.15,0.62,tp,21.15,98.35,True,2023-11-21 13:45:00,6576.840000000006,6675.190000000006
buy,high_vol,rsi,1.0,20.9,31.349999999999998,0.43,sl,-20.9,-67.4,False,2023-11-21 18:15:00,6675.190000000006,6607.790000000006
buy,high_vol,rsi,1.0,21.0,31.5,0.42,sl,-21.0,-66.15,False,2023-11-21 18:30:00,6607.790000000006,6541.640000000007
buy,high_vol,rsi,1.0,20.9,31.349999999999998,0.42,sl,-20.9,-65.83,False,2023-11-21 18:45:00,6541.640000000007,6475.810000000007
buy,high_vol,rsi,1.0,17.2,25.799999999999997,0.5,sl,-17.2,-64.5,False,2023-11-21 19:15:00,6475.810000000007,6411.310000000007
buy,high_vol,rsi,1.0,16.2,24.299999999999997,0.53,sl,-16.2,-64.39,False,2023-11-21 19:30:00,6411.310000000007,6346.920000000006
buy,high_vol,rsi,1.0,15.5,23.25,0.55,sl,-15.5,-63.94,False,2023-11-21 19:45:00,6346.920000000006,6282.980000000007
buy,high_vol,rsi,1.0,15.5,23.25,0.54,timeout,-3.3,-13.36,False,2023-11-21 20:00:00,6282.980000000007,6269.620000000007
buy,high_vol,rsi,1.0,15.4,23.1,0.54,timeout,-5.8,-23.49,False,2023-11-21 20:15:00,6269.620000000007,6246.130000000007
buy,high_vol,rsi,1.0,14.4,21.6,0.58,timeout,-0.5,-2.18,False,2023-11-21 20:30:00,6246.130000000007,6243.950000000007
buy,high_vol,rsi,1.0,13.9,20.85,0.6,timeout,-3.0,-13.5,False,2023-11-21 20:45:00,6243.950000000007,6230.450000000007
buy,high_vol,rsi,1.0,13.0,19.5,0.64,timeout,-5.4,-25.92,False,2023-11-21 21:00:00,6230.450000000007,6204.530000000007
sell,high_vol,rsi,1.0,16.9,25.349999999999998,0.49,tp,25.35,93.16,True,2023-11-23 12:30:00,6204.530000000007,6297.690000000007
buy,high_vol,rsi,1.0,18.1,27.150000000000002,0.46,tp,27.15,93.67,True,2023-11-24 17:30:00,6297.690000000007,6391.360000000007
buy,high_vol,rsi,1.0,18.3,27.450000000000003,0.47,tp,27.45,96.76,True,2023-11-24 17:45:00,6391.360000000007,6488.120000000007
buy,high_vol,rsi,1.0,17.9,26.849999999999998,0.48,tp,26.85,96.66,True,2023-11-24 18:00:00,6488.120000000007,6584.780000000007
buy,high_vol,rsi,1.0,18.1,27.150000000000002,0.49,tp,27.15,99.78,True,2023-11-24 18:15:00,6584.780000000007,6684.560000000007
buy,high_vol,rsi,1.0,18.6,27.900000000000002,0.48,tp,27.9,100.44,True,2023-11-24 18:30:00,6684.560000000007,6785.000000000006
sell,high_vol,rsi,1.0,15.1,22.65,0.6,sl,-15.1,-67.95,False,2023-11-24 22:00:00,6785.000000000006,6717.050000000007
sell,high_vol,rsi,1.0,14.5,21.75,0.62,sl,-14.5,-67.42,False,2023-11-24 22:15:00,6717.050000000007,6649.6300000000065
sell,high_vol,rsi,1.0,15.7,23.549999999999997,0.56,sl,-15.7,-65.94,False,2023-11-24 22:30:00,6649.6300000000065,6583.690000000007
sell,high_vol,rsi,1.0,16.4,24.599999999999998,0.54,sl,-16.4,-66.42,False,2023-11-24 22:45:00,6583.690000000007,6517.270000000007
sell,low_vol,ema_flipped,1.0,8.4,12.600000000000001,1.03,sl,-8.4,-64.89,False,2023-11-27 04:45:00,6517.270000000007,6452.3800000000065
buy,low_vol,ema_flipped,0.9999,8.7,13.049999999999999,0.99,tp,13.05,96.9,True,2023-11-29 06:00:00,6452.3800000000065,6549.280000000006
buy,low_vol,ema_flipped,0.9996,8.9,13.350000000000001,0.98,tp,13.35,98.12,True,2023-11-30 01:00:00,6549.280000000006,6647.400000000006
sell,low_vol,ema_flipped,0.9999,8.3,12.450000000000001,1.07,sl,-8.3,-66.61,False,2023-11-30 02:00:00,6647.400000000006,6580.790000000006
buy,low_vol,ema_flipped,1.0,7.5,11.25,1.17,sl,-7.5,-65.81,False,2023-11-30 04:45:00,6580.790000000006,6514.980000000006
buy,high_vol,rsi,1.0,14.0,21.0,0.62,sl,-14.0,-65.1,False,2023-11-30 22:00:00,6514.980000000006,6449.880000000006
buy,high_vol,rsi,1.0,13.4,20.1,0.64,sl,-13.4,-64.32,False,2023-11-30 22:15:00,6449.880000000006,6385.560000000006
buy,high_vol,rsi,0.9999,11.7,17.549999999999997,0.73,sl,-11.7,-64.06,False,2023-11-30 22:30:00,6385.560000000006,6321.5000000000055
buy,high_vol,rsi,0.9999,12.4,18.6,0.68,tp,18.6,94.86,True,2023-12-01 00:00:00,6321.5000000000055,6416.360000000005
buy,high_vol,rsi,1.0,13.8,20.700000000000003,0.62,tp,20.7,96.26,True,2023-12-01 11:00:00,6416.360000000005,6512.620000000005
buy,high_vol,rsi,1.0,22.7,34.05,0.38,tp,34.05,97.04,True,2023-12-01 16:45:00,6512.620000000005,6609.660000000005
buy,high_vol,rsi,1.0,24.1,36.150000000000006,0.37,tp,36.15,100.32,True,2023-12-01 17:00:00,6609.660000000005,6709.980000000005
buy,high_vol,rsi,1.0,24.0,36.0,0.37,tp,36.0,99.9,True,2023-12-01 17:15:00,6709.980000000005,6809.880000000005
buy,high_vol,rsi,1.0,24.9,37.349999999999994,0.36,tp,37.35,100.85,True,2023-12-01 17:30:00,6809.880000000005,6910.730000000005
buy,high_vol,rsi,1.0,24.5,36.75,0.38,tp,36.75,104.74,True,2023-12-01 17:45:00,6910.730000000005,7015.470000000005
sell,high_vol,rsi,0.9999,9.0,13.5,1.04,sl,-9.0,-70.2,False,2023-12-05 03:30:00,7015.470000000005,6945.270000000005
sell,low_vol,ema_flipped,0.9999,9.1,13.649999999999999,1.02,tp,13.65,104.42,True,2023-12-05 05:45:00,6945.270000000005,7049.690000000005
buy,high_vol,rsi,1.0,8.3,12.450000000000001,1.13,sl,-8.3,-70.34,False,2023-12-05 09:15:00,7049.690000000005,6979.350000000005
buy,high_vol,rsi,0.9941,8.8,13.200000000000001,1.05,sl,-8.8,-69.3,False,2023-12-05 09:30:00,6979.350000000005,6910.050000000005
buy,high_vol,rsi,0.995,9.3,13.950000000000001,0.98,sl,-9.3,-68.36,False,2023-12-05 09:45:00,6910.050000000005,6841.690000000005
buy,high_vol,rsi,1.0,10.5,15.75,0.87,tp,15.75,102.77,True,2023-12-05 10:00:00,6841.690000000005,6944.4600000000055
buy,high_vol,rsi,1.0,24.8,37.2,0.37,tp,37.2,103.23,True,2023-12-05 19:00:00,6944.4600000000055,7047.690000000005
buy,high_vol,rsi,1.0,13.1,19.65,0.72,tp,19.65,106.11,True,2023-12-06 14:45:00,7047.690000000005,7153.800000000005
buy,high_vol,rsi,1.0,12.9,19.35,0.74,tp,19.35,107.39,True,2023-12-06 15:00:00,7153.800000000005,7261.190000000005
buy,high_vol,rsi,0.9641,10.2,15.299999999999999,0.9,sl,-10.2,-68.85,False,2023-12-08 04:00:00,7261.190000000005,7192.340000000005
buy,low_vol,ema_flipped,0.9806,10.7,16.049999999999997,0.87,sl,-10.7,-69.82,False,2023-12-08 05:00:00,7192.340000000005,7122.520000000005
sell,low_vol,ema_flipped,1.0,7.2,10.8,1.32,tp,10.8,106.92,True,2023-12-11 05:00:00,7122.520000000005,7229.440000000005
buy,low_vol,ema_flipped,0.9983,7.7,11.55,1.25,sl,-7.7,-72.19,False,2023-12-11 09:45:00,7229.440000000005,7157.2500000000055
buy,high_vol,rsi,1.0,18.9,28.349999999999998,0.5,tp,28.35,106.31,True,2023-12-11 16:15:00,7157.2500000000055,7263.560000000006
sell,low_vol,ema_flipped,0.9249,11.7,17.549999999999997,0.74,sl,-11.7,-64.93,False,2023-12-12 10:45:00,7263.560000000006,7198.630000000006
sell,high_vol,rsi,0.9988,14.3,21.450000000000003,0.67,sl,-14.3,-71.86,False,2023-12-12 11:45:00,7198.630000000006,7126.770000000006
sell,high_vol,rsi,0.9998,14.5,21.75,0.66,sl,-14.5,-71.77,False,2023-12-12 12:00:00,7126.770000000006,7055.0000000000055
sell,high_vol,rsi,0.9999,14.7,22.049999999999997,0.64,sl,-14.7,-70.56,False,2023-12-12 12:15:00,7055.0000000000055,6984.440000000005
sell,high_vol,rsi,0.9999,14.8,22.200000000000003,0.63,sl,-14.8,-69.93,False,2023-12-12 12:30:00,6984.440000000005,6914.510000000005
sell,high_vol,rsi,1.0,15.3,22.950000000000003,0.6,sl,-15.3,-68.85,False,2023-12-12 12:45:00,6914.510000000005,6845.660000000004
sell,high_vol,rsi,1.0,14.8,22.200000000000003,0.62,sl,-14.8,-68.82,False,2023-12-12 13:00:00,6845.660000000004,6776.840000000005
sell,high_vol,rsi,0.9998,14.7,22.049999999999997,0.61,sl,-14.7,-67.25,False,2023-12-12 13:15:00,6776.840000000005,6709.590000000005
sell,high_vol,rsi,1.0,19.2,28.799999999999997,0.47,tp,28.8,101.52,True,2023-12-13 21:30:00,6709.590000000005,6811.110000000005
sell,high_vol,rsi,1.0,19.9,29.849999999999998,0.46,tp,29.85,102.98,True,2023-12-13 21:45:00,6811.110000000005,6914.090000000005
buy,high_vol,rsi,1.0,13.1,19.65,0.7,sl,-13.1,-68.77,False,2023-12-15 10:15:00,6914.090000000005,6845.320000000004
buy,high_vol,rsi,1.0,15.5,23.25,0.59,tp,23.25,102.88,True,2023-12-15 10:30:00,6845.320000000004,6948.200000000004
buy,high_vol,rsi,1.0,16.3,24.450000000000003,0.57,sl,-16.3,-69.68,False,2023-12-15 10:45:00,6948.200000000004,6878.520000000004
buy,high_vol,rsi,1.0,17.3,25.950000000000003,0.53,sl,-17.3,-68.77,False,2023-12-15 11:00:00,6878.520000000004,6809.750000000004
buy,high_vol,rsi,1.0,18.7,28.049999999999997,0.49,tp,28.05,103.08,True,2023-12-15 11:30:00,6809.750000000004,6912.830000000004
buy,high_vol,rsi,1.0,23.7,35.55,0.39,sl,-23.7,-69.32,False,2023-12-15 17:00:00,6912.830000000004,6843.510000000004
buy,high_vol,rsi,1.0,23.8,35.7,0.38,sl,-23.8,-67.83,False,2023-12-15 17:15:00,6843.510000000004,6775.680000000004
buy,high_vol,rsi,1.0,23.9,35.849999999999994,0.38,sl,-23.9,-68.11,False,2023-12-15 17:45:00,6775.680000000004,6707.570000000004
buy,high_vol,rsi,1.0,25.0,37.5,0.36,tp,37.5,101.25,True,2023-12-15 18:00:00,6707.570000000004,6808.820000000004
buy,high_vol,rsi,1.0,24.2,36.3,0.38,tp,36.3,103.46,True,2023-12-15 18:15:00,6808.820000000004,6912.280000000004
buy,high_vol,rsi,1.0,24.0,36.0,0.38,tp,36.0,102.6,True,2023-12-15 18:30:00,6912.280000000004,7014.880000000005
buy,low_vol,ema_flipped,1.0,5.6,8.399999999999999,1.67,tp,8.4,105.21,True,2023-12-20 08:15:00,7014.880000000005,7120.090000000005
sell,low_vol,ema_flipped,1.0,7.7,11.55,1.23,tp,11.55,106.55,True,2023-12-21 03:45:00,7120.090000000005,7226.640000000005
buy,low_vol,ema_flipped,0.9996,8.9,13.350000000000001,1.08,sl,-8.9,-72.09,False,2023-12-21 10:15:00,7226.640000000005,7154.550000000005
sell,high_vol,rsi,1.0,15.7,23.549999999999997,0.61,sl,-15.7,-71.83,False,2023-12-21 14:00:00,7154.550000000005,7082.720000000005
sell,high_vol,rsi,0.9999,15.4,23.1,0.61,sl,-15.4,-70.46,False,2023-12-21 14:15:00,7082.720000000005,7012.260000000005
sell,high_vol,rsi,0.9999,15.5,23.25,0.6,tp,23.25,104.62,True,2023-12-21 14:30:00,7012.260000000005,7116.880000000005
sell,high_vol,rsi,1.0,15.5,23.25,0.61,tp,23.25,106.37,True,2023-12-21 14:45:00,7116.880000000005,7223.250000000005
sell,high_vol,rsi,1.0,15.9,23.85,0.61,tp,23.85,109.11,True,2023-12-21 15:00:00,7223.250000000005,7332.360000000004
sell,high_vol,rsi,0.9999,15.6,23.4,0.63,sl,-15.6,-73.71,False,2023-12-21 15:15:00,7332.360000000004,7258.650000000004
sell,high_vol,rsi,1.0,17.5,26.25,0.55,tp,26.25,108.28,True,2023-12-21 15:30:00,7258.650000000004,7366.930000000004
buy,high_vol,rsi,1.0,22.0,33.0,0.45,tp,33.0,111.38,True,2023-12-21 18:00:00,7366.930000000004,7478.310000000004
sell,high_vol,rsi,1.0,14.9,22.35,0.67,tp,22.35,112.31,True,2023-12-22 13:15:00,7478.310000000004,7590.620000000004
sell,high_vol,rsi,1.0,15.0,22.5,0.67,tp,22.5,113.06,True,2023-12-22 13:30:00,7590.620000000004,7703.680000000005
sell,high_vol,rsi,1.0,25.7,38.55,0.4,timeout,10.5,31.5,True,2023-12-27 18:00:00,7703.680000000005,7735.180000000005
sell,high_vol,rsi,1.0,23.8,35.7,0.43,timeout,2.0,6.45,True,2023-12-27 19:30:00,7735.180000000005,7741.630000000005
sell,high_vol,rsi,1.0,15.6,23.4,0.66,tp,23.4,115.83,True,2023-12-28 11:30:00,7741.630000000005,7857.460000000005
buy,high_vol,rsi,1.0,20.0,30.0,0.52,tp,30.0,117.0,True,2023-12-28 15:45:00,7857.460000000005,7974.460000000005
sell,low_vol,ema_flipped,0.9573,11.5,17.25,0.87,tp,17.25,112.56,True,2023-12-29 10:15:00,7974.460000000005,8087.020000000005
sell,high_vol,rsi,0.9992,13.8,20.700000000000003,0.78,tp,20.7,121.1,True,2023-12-29 14:15:00,8087.020000000005,8208.120000000004
sell,high_vol,rsi,0.9996,14.3,21.450000000000003,0.76,tp,21.45,122.27,True,2023-12-29 14:30:00,8208.120000000004,8330.390000000005
buy,high_vol,rsi,1.0,24.2,36.3,0.46,sl,-24.2,-83.49,False,2023-12-29 17:30:00,8330.390000000005,8246.900000000005
buy,high_vol,rsi,1.0,29.0,43.5,0.38,tp,43.5,123.98,True,2023-12-29 17:45:00,8246.900000000005,8370.880000000005
buy,high_vol,rsi,1.0,30.7,46.05,0.36,tp,46.05,124.33,True,2023-12-29 18:00:00,8370.880000000005,8495.210000000005
sell,high_vol,rsi,1.0,17.3,25.950000000000003,0.65,timeout,22.4,109.2,True,2023-12-29 21:15:00,8495.210000000005,8604.410000000005
sell,high_vol,rsi,1.0,15.1,22.65,0.76,timeout,17.8,101.46,True,2023-12-29 21:30:00,8604.410000000005,8705.870000000004
buy,high_vol,rsi,1.0,17.6,26.400000000000002,0.66,tp,26.4,130.68,True,2024-01-02 14:30:00,8705.870000000004,8836.550000000005
buy,high_vol,rsi,1.0,17.8,26.700000000000003,0.66,tp,26.7,132.16,True,2024-01-02 14:45:00,8836.550000000005,8968.710000000005
sell,low_vol,ema_flipped,1.0,7.2,10.8,1.66,tp,10.8,134.46,True,2024-01-03 06:00:00,8968.710000000005,9103.170000000004
buy,low_vol,ema_flipped,1.0,7.3,10.95,1.66,sl,-7.3,-90.88,False,2024-01-05 09:45:00,9103.170000000004,9012.290000000005
buy,low_vol,ema_flipped,0.9999,10.3,15.450000000000001,1.17,tp,15.45,135.57,True,2024-01-08 23:30:00,9012.290000000005,9147.860000000004
buy,low_vol,ema_flipped,1.0,6.5,9.75,1.88,tp,9.75,137.47,True,2024-01-10 04:15:00,9147.860000000004,9285.330000000004
sell,low_vol,ema_flipped,0.9998,10.6,15.899999999999999,1.17,timeout,5.8,50.9,True,2024-01-10 10:15:00,9285.330000000004,9336.230000000003
sell,high_vol,rsi,1.0,18.0,27.0,0.69,tp,27.0,139.72,True,2024-01-11 19:45:00,9336.230000000003,9475.950000000003
buy,low_vol,ema_flipped,1.0,6.5,9.75,1.94,sl,-6.5,-94.58,False,2024-01-12 09:15:00,9475.950000000003,9381.370000000003
buy,high_vol,rsi,0.7806,10.2,15.299999999999999,0.84,sl,-10.2,-64.26,False,2024-01-12 11:15:00,9381.370000000003,9317.110000000002
buy,high_vol,rsi,0.9632,10.5,15.75,1.12,sl,-10.5,-88.2,False,2024-01-12 11:30:00,9317.110000000002,9228.910000000002
buy,high_vol,rsi,0.9973,11.1,16.65,1.1,timeout,3.9,32.18,True,2024-01-12 11:45:00,9228.910000000002,9261.090000000002
buy,high_vol,rsi,1.0,11.4,17.1,1.08,timeout,6.6,53.46,True,2024-01-12 12:00:00,9261.090000000002,9314.550000000001
buy,high_vol,rsi,1.0,11.3,16.950000000000003,1.1,timeout,7.2,59.4,True,2024-01-12 12:15:00,9314.550000000001,9373.95
buy,high_vol,rsi,0.9993,11.3,16.950000000000003,1.1,timeout,1.1,9.08,True,2024-01-12 12:30:00,9373.95,9383.03
buy,high_vol,rsi,0.9981,11.6,17.4,1.08,timeout,4.9,39.69,True,2024-01-12 12:45:00,9383.03,9422.720000000001
sell,high_vol,rsi,1.0,17.9,26.849999999999998,0.7,sl,-17.9,-93.97,False,2024-01-12 19:15:00,9422.720000000001,9328.750000000002
sell,high_vol,rsi,1.0,17.2,25.799999999999997,0.72,sl,-17.2,-92.88,False,2024-01-12 19:30:00,9328.750000000002,9235.870000000003
sell,high_vol,rsi,0.9999,9.0,13.5,1.37,sl,-9.0,-92.47,False,2024-01-17 09:30:00,9235.870000000003,9143.400000000003
sell,high_vol,rsi,0.9958,9.9,14.850000000000001,1.22,sl,-9.9,-90.59,False,2024-01-17 09:45:00,9143.400000000003,9052.810000000003
sell,high_vol,rsi,0.9999,11.6,17.4,1.04,tp,17.4,135.72,True,2024-01-17 10:00:00,9052.810000000003,9188.530000000002
buy,low_vol,ema_flipped,0.9985,12.6,18.9,0.97,sl,-12.6,-91.67,False,2024-01-18 13:15:00,9188.530000000002,9096.860000000002
sell,low_vol,ema_flipped,1.0,6.2,9.3,1.96,tp,9.3,136.71,True,2024-01-19 05:45:00,9096.860000000002,9233.570000000002
buy,low_vol,ema_flipped,1.0,7.6,11.399999999999999,1.62,sl,-7.6,-92.34,False,2024-01-19 10:00:00,9233.570000000002,9141.230000000001
buy,high_vol,rsi,0.8295,11.7,17.549999999999997,0.79,sl,-11.7,-69.32,False,2024-01-23 12:45:00,9141.230000000001,9071.910000000002
buy,high_vol,rsi,0.8729,11.4,17.1,0.87,sl,-11.4,-74.38,False,2024-01-23 13:00:00,9071.910000000002,8997.530000000002
buy,high_vol,rsi,0.94,11.8,17.700000000000003,0.93,sl,-11.8,-82.3,False,2024-01-23 13:15:00,8997.530000000002,8915.230000000003
buy,high_vol,rsi,0.9739,11.8,17.700000000000003,0.97,sl,-11.8,-85.84,False,2024-01-23 13:30:00,8915.230000000003,8829.390000000003
buy,high_vol,rsi,0.9941,12.2,18.299999999999997,0.96,sl,-12.2,-87.84,False,2024-01-23 13:45:00,8829.390000000003,8741.550000000003
buy,high_vol,rsi,1.0,12.5,18.75,0.93,sl,-12.5,-87.19,False,2024-01-23 14:15:00,8741.550000000003,8654.360000000002
buy,high_vol,rsi,0.9998,12.5,18.75,0.92,tp,18.75,129.38,True,2024-01-23 14:30:00,8654.360000000002,8783.740000000002
buy,high_vol,rsi,1.0,19.7,29.549999999999997,0.59,tp,29.55,130.76,True,2024-01-23 17:30:00,8783.740000000002,8914.500000000002
sell,high_vol,rsi,1.0,18.4,27.599999999999998,0.65,sl,-18.4,-89.7,False,2024-01-24 17:15:00,8914.500000000002,8824.800000000001
buy,high_vol,rsi,1.0,18.7,28.049999999999997,0.63,sl,-18.7,-88.36,False,2024-01-25 16:00:00,8824.800000000001,8736.44
buy,high_vol,rsi,1.0,27.5,41.25,0.42,sl,-27.5,-86.63,False,2024-01-25 17:45:00,8736.44,8649.810000000001
buy,high_vol,rsi,1.0,28.9,43.349999999999994,0.4,sl,-28.9,-86.7,False,2024-01-25 18:15:00,8649.810000000001,8563.11
buy,high_vol,rsi,1.0,29.3,43.95,0.39,sl,-29.3,-85.7,False,2024-01-25 18:30:00,8563.11,8477.41
buy,high_vol,rsi,0.6919,9.5,14.25,0.67,timeout,2.4,12.06,True,2024-01-26 22:45:00,8477.41,8489.47
buy,high_vol,rsi,0.9535,12.9,19.35,0.82,sl,-12.9,-79.34,False,2024-01-29 12:15:00,8489.47,8410.13
buy,high_vol,rsi,0.9576,12.9,19.35,0.82,sl,-12.9,-79.34,False,2024-01-29 12:30:00,8410.13,8330.789999999999
buy,high_vol,rsi,0.9596,12.8,19.200000000000003,0.82,sl,-12.8,-78.72,False,2024-01-29 12:45:00,8330.789999999999,8252.07
buy,high_vol,rsi,0.9472,12.6,18.9,0.81,tp,18.9,114.82,True,2024-01-29 13:00:00,8252.07,8366.89
sell,high_vol,rsi,1.0,13.5,20.25,0.83,tp,20.25,126.06,True,2024-01-30 14:30:00,8366.89,8492.949999999999
sell,high_vol,rsi,0.9997,13.7,20.549999999999997,0.83,tp,20.55,127.92,True,2024-01-30 14:45:00,8492.949999999999,8620.869999999999
sell,high_vol,rsi,0.9999,13.7,20.549999999999997,0.84,tp,20.55,129.46,True,2024-01-30 15:00:00,8620.869999999999,8750.329999999998
sell,high_vol,rsi,0.9999,14.1,21.15,0.83,tp,21.15,131.66,True,2024-01-30 15:15:00,8750.329999999998,8881.989999999998
sell,high_vol,rsi,0.9999,14.4,21.6,0.82,tp,21.6,132.84,True,2024-01-30 15:30:00,8881.989999999998,9014.829999999998
sell,high_vol,rsi,1.0,14.5,21.75,0.83,tp,21.75,135.39,True,2024-01-30 15:45:00,9014.829999999998,9150.219999999998
buy,low_vol,ema_flipped,0.9975,9.9,14.850000000000001,1.23,sl,-9.9,-91.33,False,2024-01-30 21:30:00,9150.219999999998,9058.889999999998
buy,low_vol,ema_flipped,1.0,5.5,8.25,2.2,tp,8.25,136.13,True,2024-02-06 08:45:00,9058.889999999998,9195.019999999997
sell,low_vol,ema_flipped,0.9996,6.4,9.600000000000001,1.91,sl,-6.4,-91.68,False,2024-02-06 09:00:00,9195.019999999997,9103.339999999997
buy,low_vol,ema_flipped,0.8764,9.4,14.100000000000001,1.06,sl,-9.4,-74.73,False,2024-02-08 14:15:00,9103.339999999997,9028.609999999997
sell,low_vol,ema_flipped,1.0,7.5,11.25,1.61,sl,-7.5,-90.56,False,2024-02-09 03:15:00,9028.609999999997,8938.049999999997
buy,low_vol,ema_flipped,0.9999,5.0,7.5,2.38,tp,7.5,133.88,True,2024-02-09 05:45:00,8938.049999999997,9071.929999999997
sell,high_vol,rsi,0.6962,15.1,22.65,0.45,timeout,13.4,45.22,True,2024-02-09 19:45:00,9071.929999999997,9117.149999999996
buy,low_vol,ema_flipped,0.9843,11.4,17.1,1.04,sl,-11.4,-88.92,False,2024-02-12 11:45:00,9117.149999999996,9028.229999999996
buy,high_vol,rsi,1.0,13.9,20.85,0.87,tp,20.85,136.05,True,2024-02-12 17:15:00,9028.229999999996,9164.279999999995
buy,high_vol,rsi,0.9996,13.8,20.700000000000003,0.88,tp,20.7,136.62,True,2024-02-12 17:30:00,9164.279999999995,9300.899999999996
buy,high_vol,rsi,1.0,14.7,22.049999999999997,0.84,tp,22.05,138.92,True,2024-02-12 17:45:00,9300.899999999996,9439.819999999996
buy,high_vol,rsi,1.0,14.6,21.9,0.86,tp,21.9,141.25,True,2024-02-12 18:45:00,9439.819999999996,9581.069999999996
sell,low_vol,ema_flipped,0.873,11.4,17.1,0.92,tp,17.1,117.99,True,2024-02-13 15:00:00,9581.069999999996,9699.059999999996
buy,low_vol,ema_flipped,0.9989,9.3,13.950000000000001,1.39,sl,-9.3,-96.95,False,2024-02-14 10:30:00,9699.059999999996,9602.109999999995
sell,high_vol,rsi,0.9998,14.0,21.0,0.91,sl,-14.0,-95.55,False,2024-02-14 16:30:00,9602.109999999995,9506.559999999996
sell,high_vol,rsi,1.0,14.7,22.049999999999997,0.86,sl,-14.7,-94.82,False,2024-02-14 16:45:00,9506.559999999996,9411.739999999996
sell,high_vol,rsi,1.0,15.3,22.950000000000003,0.82,sl,-15.3,-94.1,False,2024-02-14 17:00:00,9411.739999999996,9317.639999999996
sell,high_vol,rsi,1.0,15.8,23.700000000000003,0.79,sl,-15.8,-93.61,False,2024-02-14 17:15:00,9317.639999999996,9224.029999999995
sell,high_vol,rsi,1.0,16.0,24.0,0.77,sl,-16.0,-92.4,False,2024-02-14 17:30:00,9224.029999999995,9131.629999999996
sell,high_vol,rsi,1.0,16.1,24.150000000000002,0.76,sl,-16.1,-91.77,False,2024-02-14 17:45:00,9131.629999999996,9039.859999999995
sell,high_vol,rsi,1.0,16.6,24.900000000000002,0.73,sl,-16.6,-90.88,False,2024-02-14 18:00:00,9039.859999999995,8948.979999999996
sell,high_vol,rsi,1.0,16.1,24.150000000000002,0.74,tp,24.15,134.03,True,2024-02-14 18:15:00,8948.979999999996,9083.009999999997
buy,high_vol,rsi,0.9999,14.7,22.049999999999997,0.82,sl,-14.7,-90.41,False,2024-02-15 19:00:00,9083.009999999997,8992.599999999997
buy,high_vol,rsi,0.9982,13.9,20.85,0.86,sl,-13.9,-89.66,False,2024-02-15 19:15:00,8992.599999999997,8902.939999999997
buy,high_vol,rsi,0.9881,13.3,19.950000000000003,0.88,sl,-13.3,-87.78,False,2024-02-15 19:30:00,8902.939999999997,8815.159999999996
buy,high_vol,rsi,0.9167,13.1,19.65,0.79,sl,-13.1,-77.62,False,2024-02-15 19:45:00,8815.159999999996,8737.539999999995
sell,low_vol,ema_flipped,0.9997,9.5,14.25,1.23,timeout,12.3,113.47,True,2024-02-16 13:30:00,8737.539999999995,8851.009999999995
buy,low_vol,ema_flipped,0.9999,9.1,13.649999999999999,1.3,sl,-9.1,-88.72,False,2024-02-19 13:45:00,8851.009999999995,8762.289999999995
sell,low_vol,ema_flipped,1.0,8.2,12.299999999999999,1.42,sl,-8.2,-87.33,False,2024-02-19 19:00:00,8762.289999999995,8674.959999999995
sell,high_vol,rsi,1.0,21.4,32.099999999999994,0.54,tp,32.1,130.0,True,2024-02-20 17:00:00,8674.959999999995,8804.959999999995
sell,high_vol,rsi,1.0,21.3,31.950000000000003,0.55,tp,31.95,131.79,True,2024-02-20 17:15:00,8804.959999999995,8936.749999999996
buy,low_vol,ema_flipped,1.0,6.2,9.3,1.92,sl,-6.2,-89.28,False,2024-02-22 04:00:00,8936.749999999996,8847.469999999996
sell,low_vol,ema_flipped,0.9425,11.6,17.4,0.93,sl,-11.6,-80.91,False,2024-02-22 14:30:00,8847.469999999996,8766.559999999996
buy,high_vol,rsi,0.9901,7.9,11.850000000000001,1.46,tp,11.85,129.76,True,2024-02-23 00:00:00,8766.559999999996,8896.319999999996
sell,high_vol,rsi,0.9975,6.9,10.350000000000001,1.71,sl,-6.9,-88.49,False,2024-02-26 09:45:00,8896.319999999996,8807.829999999996
sell,high_vol,rsi,0.9448,7.4,11.100000000000001,1.46,sl,-7.4,-81.03,False,2024-02-26 10:00:00,8807.829999999996,8726.799999999996
sell,high_vol,rsi,1.0,14.1,21.15,0.83,tp,21.15,131.66,True,2024-02-27 19:00:00,8726.799999999996,8858.459999999995
sell,high_vol,rsi,1.0,13.7,20.549999999999997,0.86,tp,20.55,132.55,True,2024-02-27 19:15:00,8858.459999999995,8991.009999999995
sell,high_vol,rsi,0.9999,13.8,20.700000000000003,0.87,tp,20.7,135.07,True,2024-02-27 19:30:00,8991.009999999995,9126.079999999994
sell,high_vol,rsi,1.0,11.6,17.4,1.05,tp,17.4,137.03,True,2024-02-28 14:45:00,9126.079999999994,9263.109999999995
buy,high_vol,rsi,1.0,13.4,20.1,0.92,sl,-13.4,-92.46,False,2024-02-29 15:30:00,9263.109999999995,9170.649999999996
buy,high_vol,rsi,1.0,14.2,21.299999999999997,0.86,sl,-14.2,-91.59,False,2024-02-29 15:45:00,9170.649999999996,9079.059999999996
buy,high_vol,rsi,1.0,16.6,24.900000000000002,0.73,sl,-16.6,-90.88,False,2024-02-29 17:45:00,9079.059999999996,8988.179999999997
buy,high_vol,rsi,1.0,17.3,25.950000000000003,0.69,sl,-17.3,-89.53,False,2024-02-29 18:00:00,8988.179999999997,8898.649999999996
buy,high_vol,rsi,1.0,17.7,26.549999999999997,0.67,sl,-17.7,-88.94,False,2024-02-29 18:15:00,8898.649999999996,8809.709999999995
buy,high_vol,rsi,1.0,18.1,27.150000000000002,0.65,tp,27.15,132.36,True,2024-02-29 18:30:00,8809.709999999995,8942.069999999996
buy,high_vol,rsi,1.0,18.2,27.299999999999997,0.66,tp,27.3,135.13,True,2024-02-29 18:45:00,8942.069999999996,9077.199999999995
buy,high_vol,rsi,1.0,16.9,25.349999999999998,0.72,sl,-16.9,-91.26,False,2024-02-29 19:00:00,9077.199999999995,8985.939999999995
buy,high_vol,rsi,1.0,16.1,24.150000000000002,0.74,sl,-16.1,-89.36,False,2024-02-29 19:30:00,8985.939999999995,8896.579999999994
buy,high_vol,rsi,1.0,15.3,22.950000000000003,0.78,sl,-15.3,-89.51,False,2024-02-29 19:45:00,8896.579999999994,8807.069999999994
buy,high_vol,rsi,1.0,15.1,22.65,0.78,sl,-15.1,-88.33,False,2024-02-29 20:00:00,8807.069999999994,8718.739999999994
sell,high_vol,rsi,0.981,5.0,7.5,2.26,tp,7.5,127.13,True,2024-03-04 09:00:00,8718.739999999994,8845.869999999994
sell,high_vol,rsi,0.9999,7.3,10.95,1.62,tp,10.95,133.04,True,2024-03-05 10:15:00,8845.869999999994,8978.909999999994
sell,high_vol,rsi,0.9779,5.0,7.5,2.32,sl,-5.0,-87.0,False,2024-03-06 09:00:00,8978.909999999994,8891.909999999994
sell,high_vol,rsi,0.9698,5.0,7.5,2.27,sl,-5.0,-85.12,False,2024-03-06 09:15:00,8891.909999999994,8806.789999999994
sell,high_vol,rsi,0.9925,5.0,7.5,2.32,sl,-5.0,-87.0,False,2024-03-06 09:30:00,8806.789999999994,8719.789999999994
sell,high_vol,rsi,0.9908,5.0,7.5,2.29,sl,-5.0,-85.87,False,2024-03-06 09:45:00,8719.789999999994,8633.919999999993
sell,high_vol,rsi,1.0,5.7,8.55,2.02,sl,-5.7,-86.35,False,2024-03-06 10:00:00,8633.919999999993,8547.569999999992
sell,high_vol,rsi,0.9999,6.1,9.149999999999999,1.87,sl,-6.1,-85.55,False,2024-03-06 10:15:00,8547.569999999992,8462.019999999993
sell,high_vol,rsi,1.0,7.7,11.55,1.47,sl,-7.7,-84.89,False,2024-03-06 10:45:00,8462.019999999993,8377.129999999994
sell,high_vol,rsi,1.0,7.9,11.850000000000001,1.41,sl,-7.9,-83.54,False,2024-03-06 11:00:00,8377.129999999994,8293.589999999993
sell,high_vol,rsi,0.9964,8.1,12.149999999999999,1.36,sl,-8.1,-82.62,False,2024-03-06 11:15:00,8293.589999999993,8210.969999999992
sell,high_vol,rsi,0.9565,8.5,12.75,1.21,tp,12.75,115.71,True,2024-03-06 11:30:00,8210.969999999992,8326.679999999991
buy,high_vol,rsi,1.0,11.5,17.25,0.97,sl,-11.5,-83.66,False,2024-03-07 15:15:00,8326.679999999991,8243.019999999991
buy,high_vol,rsi,1.0,12.4,18.6,0.89,sl,-12.4,-82.77,False,2024-03-07 15:30:00,8243.019999999991,8160.249999999991
buy,high_vol,rsi,1.0,13.6,20.4,0.8,tp,20.4,122.4,True,2024-03-07 15:45:00,8160.249999999991,8282.64999999999
sell,high_vol,rsi,1.0,20.1,30.150000000000002,0.55,timeout,7.1,29.29,True,2024-03-07 19:15:00,8282.64999999999,8311.939999999991
sell,low_vol,ema_flipped,0.9965,10.7,16.049999999999997,1.03,timeout,2.2,17.0,True,2024-03-07 21:00:00,8311.939999999991,8328.939999999991
buy,low_vol,ema_flipped,1.0,5.6,8.399999999999999,1.98,sl,-5.6,-83.16,False,2024-03-08 06:15:00,8328.939999999991,8245.779999999992
buy,high_vol,rsi,1.0,7.0,10.5,1.57,sl,-7.0,-82.42,False,2024-03-08 09:30:00,8245.779999999992,8163.3599999999915
buy,high_vol,rsi,0.7842,7.2,10.8,1.05,sl,-7.2,-56.7,False,2024-03-08 09:45:00,8163.3599999999915,8106.659999999992
buy,high_vol,rsi,0.7621,10.0,15.0,0.71,tp,15.0,79.88,True,2024-03-08 11:15:00,8106.659999999992,8186.539999999992
buy,high_vol,rsi,0.9907,10.5,15.75,1.03,tp,15.75,121.67,True,2024-03-08 11:30:00,8186.539999999992,8308.209999999992
buy,high_vol,rsi,0.9991,12.0,18.0,0.92,tp,18.0,124.2,True,2024-03-08 12:15:00,8308.209999999992,8432.409999999993
sell,high_vol,rsi,1.0,14.8,22.200000000000003,0.76,sl,-14.8,-84.36,False,2024-03-08 15:45:00,8432.409999999993,8348.049999999992
buy,low_vol,ema_flipped,1.0,5.0,7.5,2.23,timeout,5.1,85.3,True,2024-03-14 05:30:00,8348.049999999992,8433.349999999991
buy,low_vol,ema_flipped,0.9999,5.0,7.5,2.25,sl,-5.0,-84.37,False,2024-03-14 09:30:00,8433.349999999991,8348.97999999999
sell,low_vol,ema_flipped,0.9997,7.4,11.100000000000001,1.5,tp,11.1,124.87,True,2024-03-15 11:30:00,8348.97999999999,8473.849999999991
buy,high_vol,rsi,0.9999,11.2,16.799999999999997,1.01,tp,16.8,127.26,True,2024-03-15 18:00:00,8473.849999999991,8601.109999999991
sell,high_vol,rsi,0.7859,10.1,15.149999999999999,0.79,tp,15.15,89.76,True,2024-03-18 14:00:00,8601.109999999991,8690.869999999992
sell,low_vol,ema_flipped,0.9999,6.5,9.75,1.78,tp,9.75,130.16,True,2024-03-19 09:15:00,8690.869999999992,8821.029999999992
sell,high_vol,rsi,1.0,14.2,21.299999999999997,0.83,tp,21.3,132.59,True,2024-03-19 16:15:00,8821.029999999992,8953.619999999992
buy,high_vol,rsi,1.0,11.9,17.85,1.0,tp,17.85,133.87,True,2024-03-19 19:45:00,8953.619999999992,9087.489999999993
buy,high_vol,rsi,1.0,10.7,16.049999999999997,1.13,tp,16.05,136.02,True,2024-03-19 20:15:00,9087.489999999993,9223.509999999993
sell,high_vol,rsi,0.994,6.4,9.600000000000001,1.91,sl,-6.4,-91.68,False,2024-03-20 03:30:00,9223.509999999993,9131.829999999993
sell,high_vol,rsi,0.9998,5.3,7.949999999999999,2.3,sl,-5.3,-91.42,False,2024-03-20 03:45:00,9131.829999999993,9040.409999999993
sell,high_vol,rsi,1.0,12.8,19.200000000000003,0.94,tp,19.2,135.36,True,2024-03-21 15:15:00,9040.409999999993,9175.769999999993
sell,high_vol,rsi,0.9998,9.1,13.649999999999999,1.34,sl,-9.1,-91.45,False,2024-03-25 15:00:00,9175.769999999993,9084.319999999992
sell,high_vol,rsi,1.0,9.5,14.25,1.27,sl,-9.5,-90.49,False,2024-03-25 15:15:00,9084.319999999992,8993.829999999993
sell,high_vol,rsi,0.9923,9.1,13.649999999999999,1.3,sl,-9.1,-88.72,False,2024-03-25 15:30:00,8993.829999999993,8905.109999999993
sell,high_vol,rsi,0.997,9.0,13.5,1.31,sl,-9.0,-88.42,False,2024-03-25 15:45:00,8905.109999999993,8816.689999999993
sell,high_vol,rsi,0.9999,9.2,13.799999999999999,1.28,tp,13.8,132.48,True,2024-03-25 16:00:00,8816.689999999993,8949.169999999993
sell,low_vol,ema_flipped,1.0,5.0,7.5,2.39,sl,-5.0,-89.62,False,2024-03-27 06:15:00,8949.169999999993,8859.549999999992
buy,high_vol,rsi,1.0,10.7,16.049999999999997,1.1,tp,16.05,132.41,True,2024-03-27 17:00:00,8859.549999999992,8991.959999999992
buy,high_vol,rsi,0.9998,11.0,16.5,1.09,tp,16.5,134.89,True,2024-03-27 17:15:00,8991.959999999992,9126.849999999991
buy,high_vol,rsi,1.0,16.9,25.349999999999998,0.72,sl,-16.9,-91.26,False,2024-03-28 19:15:00,9126.849999999991,9035.589999999991
buy,high_vol,rsi,1.0,17.1,25.650000000000002,0.7,sl,-17.1,-89.78,False,2024-03-28 19:30:00,9035.589999999991,8945.80999999999
buy,high_vol,rsi,1.0,16.7,25.049999999999997,0.71,sl,-16.7,-88.93,False,2024-03-28 19:45:00,8945.80999999999,8856.87999999999
buy,high_vol,rsi,0.9995,13.6,20.4,0.87,sl,-13.6,-88.74,False,2024-03-28 21:00:00,8856.87999999999,8768.13999999999
buy,high_vol,rsi,1.0,16.1,24.150000000000002,0.73,timeout,12.3,67.34,True,2024-04-01 18:45:00,8768.13999999999,8835.47999999999
buy,high_vol,rsi,1.0,15.9,23.85,0.74,timeout,15.3,84.92,True,2024-04-01 19:00:00,8835.47999999999,8920.39999999999
buy,high_vol,rsi,1.0,15.3,22.950000000000003,0.78,timeout,14.3,83.66,True,2024-04-01 19:15:00,8920.39999999999,9004.05999999999
buy,high_vol,rsi,1.0,14.8,22.200000000000003,0.81,timeout,16.1,97.81,True,2024-04-01 19:30:00,9004.05999999999,9101.86999999999
sell,high_vol,rsi,1.0,9.7,14.549999999999999,1.25,sl,-9.7,-90.94,False,2024-04-02 14:45:00,9101.86999999999,9010.92999999999
sell,high_vol,rsi,1.0,9.3,13.950000000000001,1.29,sl,-9.3,-89.98,False,2024-04-02 15:45:00,9010.92999999999,8920.94999999999
sell,high_vol,rsi,0.9998,9.5,14.25,1.25,sl,-9.5,-89.06,False,2024-04-02 16:00:00,8920.94999999999,8831.88999999999
sell,high_vol,rsi,0.999,9.7,14.549999999999999,1.21,sl,-9.7,-88.03,False,2024-04-02 16:15:00,8831.88999999999,8743.85999999999
sell,high_vol,rsi,1.0,11.6,17.4,1.01,sl,-11.6,-87.87,False,2024-04-02 16:30:00,8743.85999999999,8655.989999999989
sell,high_vol,rsi,0.9998,12.3,18.450000000000003,0.94,sl,-12.3,-86.72,False,2024-04-02 16:45:00,8655.989999999989,8569.26999999999
sell,high_vol,rsi,1.0,13.4,20.1,0.85,sl,-13.4,-85.42,False,2024-04-02 17:00:00,8569.26999999999,8483.84999999999
sell,high_vol,rsi,1.0,13.8,20.700000000000003,0.82,sl,-13.8,-84.87,False,2024-04-02 17:15:00,8483.84999999999,8398.979999999989
sell,high_vol,rsi,0.9999,13.3,19.950000000000003,0.84,timeout,-5.7,-35.91,False,2024-04-03 20:00:00,8398.979999999989,8363.069999999989
sell,high_vol,rsi,0.9998,12.9,19.35,0.86,timeout,-7.6,-49.02,False,2024-04-03 20:15:00,8363.069999999989,8314.049999999988
sell,high_vol,rsi,0.9997,11.7,17.549999999999997,0.95,sl,-11.7,-83.36,False,2024-04-03 20:30:00,8314.049999999988,8230.689999999988
sell,high_vol,rsi,0.9994,11.1,16.65,0.99,sl,-11.1,-82.42,False,2024-04-03 20:45:00,8230.689999999988,8148.269999999988
sell,high_vol,rsi,0.9748,10.7,16.049999999999997,0.98,timeout,-2.4,-17.64,False,2024-04-03 21:00:00,8148.269999999988,8130.629999999987
sell,high_vol,rsi,0.8843,9.7,14.549999999999999,0.93,timeout,-1.5,-10.46,False,2024-04-03 21:15:00,8130.629999999987,8120.169999999987
sell,high_vol,rsi,1.0,9.2,13.799999999999999,1.18,tp,13.8,122.13,True,2024-04-04 21:45:00,8120.169999999987,8242.299999999987
sell,high_vol,rsi,0.9987,9.2,13.799999999999999,1.19,tp,13.8,123.16,True,2024-04-04 22:00:00,8242.299999999987,8365.459999999986
sell,high_vol,rsi,0.9975,9.3,13.950000000000001,1.2,tp,13.95,125.55,True,2024-04-04 22:15:00,8365.459999999986,8491.009999999986
sell,high_vol,rsi,0.9988,9.6,14.399999999999999,1.18,tp,14.4,127.44,True,2024-04-04 22:30:00,8491.009999999986,8618.449999999986
buy,low_vol,ema_flipped,0.9063,7.6,11.399999999999999,1.31,tp,11.4,112.0,True,2024-04-08 16:00:00,8618.449999999986,8730.449999999986
sell,high_vol,rsi,0.9985,9.1,13.649999999999999,1.28,tp,13.65,131.04,True,2024-04-09 15:45:00,8730.449999999986,8861.489999999987
buy,low_vol,ema_flipped,1.0,6.0,9.0,1.97,timeout,5.1,75.35,True,2024-04-09 23:00:00,8861.489999999987,8936.839999999987
buy,high_vol,rsi,1.0,13.5,20.25,0.88,sl,-13.5,-89.1,False,2024-04-10 16:00:00,8936.839999999987,8847.739999999987
buy,high_vol,rsi,1.0,20.7,31.049999999999997,0.57,tp,31.05,132.74,True,2024-04-10 16:45:00,8847.739999999987,8980.479999999987
buy,high_vol,rsi,0.999,8.1,12.149999999999999,1.48,sl,-8.1,-89.91,False,2024-04-12 10:00:00,8980.479999999987,8890.569999999987
buy,high_vol,rsi,0.9988,8.6,12.899999999999999,1.38,sl,-8.6,-89.01,False,2024-04-12 10:15:00,8890.569999999987,8801.559999999987
sell,high_vol,rsi,1.0,11.7,17.549999999999997,1.0,tp,17.55,131.62,True,2024-04-12 21:15:00,8801.559999999987,8933.179999999988
sell,high_vol,rsi,0.9999,10.6,15.899999999999999,1.12,tp,15.9,133.56,True,2024-04-12 21:30:00,8933.179999999988,9066.739999999987
sell,low_vol,ema_flipped,1.0,5.9,8.850000000000001,2.05,tp,8.85,136.07,True,2024-04-16 01:30:00,9066.739999999987,9202.809999999987
buy,low_vol,ema_flipped,1.0,5.4,8.100000000000001,2.27,sl,-5.4,-91.93,False,2024-04-16 08:15:00,9202.809999999987,9110.879999999986
sell,high_vol,rsi,1.0,20.1,30.150000000000002,0.6,tp,30.15,135.67,True,2024-04-16 17:00:00,9110.879999999986,9246.549999999987
buy,low_vol,ema_flipped,1.0,6.2,9.3,1.99,timeout,3.4,50.75,True,2024-04-18 06:45:00,9246.549999999987,9297.299999999987
sell,low_vol,ema_flipped,1.0,5.0,7.5,2.48,sl,-5.0,-93.0,False,2024-04-18 09:30:00,9297.299999999987,9204.299999999987
buy,low_vol,ema_flipped,0.9981,8.9,13.350000000000001,1.38,sl,-8.9,-92.12,False,2024-04-18 12:45:00,9204.299999999987,9112.179999999986
sell,high_vol,rsi,0.9999,10.7,16.049999999999997,1.14,tp,16.05,137.23,True,2024-04-19 13:30:00,9112.179999999986,9249.409999999985
buy,high_vol,rsi,1.0,11.5,17.25,1.07,tp,17.25,138.43,True,2024-04-22 14:15:00,9249.409999999985,9387.839999999986
buy,high_vol,rsi,0.9996,10.7,16.049999999999997,1.17,sl,-10.7,-93.89,False,2024-04-22 14:30:00,9387.839999999986,9293.949999999986
buy,high_vol,rsi,1.0,11.1,16.65,1.12,tp,16.65,139.86,True,2024-04-22 14:45:00,9293.949999999986,9433.809999999987
sell,high_vol,rsi,1.0,13.5,20.25,0.93,sl,-13.5,-94.16,False,2024-04-24 16:15:00,9433.809999999987,9339.649999999987
buy,high_vol,rsi,1.0,9.7,14.549999999999999,1.28,sl,-9.7,-93.12,False,2024-04-25 20:45:00,9339.649999999987,9246.529999999986
buy,high_vol,rsi,0.9997,9.5,14.25,1.3,sl,-9.5,-92.63,False,2024-04-25 21:00:00,9246.529999999986,9153.899999999987
buy,high_vol,rsi,0.8091,9.4,14.100000000000001,0.94,sl,-9.4,-66.27,False,2024-04-25 21:30:00,9153.899999999987,9087.629999999986
buy,low_vol,ema_flipped,0.9922,8.6,12.899999999999999,1.39,sl,-8.6,-89.66,False,2024-04-25 23:30:00,9087.629999999986,8997.969999999987
buy,high_vol,rsi,1.0,12.7,19.049999999999997,0.94,timeout,6.3,44.41,True,2024-05-02 17:00:00,8997.969999999987,9042.379999999986
buy,high_vol,rsi,1.0,12.7,19.049999999999997,0.95,timeout,4.4,31.35,True,2024-05-02 17:15:00,9042.379999999986,9073.729999999987
buy,high_vol,rsi,1.0,13.7,20.549999999999997,0.88,timeout,14.7,97.02,True,2024-05-02 17:30:00,9073.729999999987,9170.749999999987
sell,low_vol,ema_flipped,0.9992,8.8,13.200000000000001,1.39,sl,-8.8,-91.74,False,2024-05-03 12:15:00,9170.749999999987,9079.009999999987
sell,high_vol,rsi,1.0,19.1,28.650000000000002,0.63,timeout,15.7,74.18,True,2024-05-03 18:00:00,9079.009999999987,9153.189999999988
sell,high_vol,rsi,1.0,19.4,29.099999999999998,0.63,timeout,16.7,78.91,True,2024-05-03 18:15:00,9153.189999999988,9232.099999999988
sell,high_vol,rsi,1.0,19.2,28.799999999999997,0.64,timeout,18.0,86.4,True,2024-05-03 18:30:00,9232.099999999988,9318.499999999987
buy,low_vol,ema_flipped,1.0,6.1,9.149999999999999,2.04,sl,-6.1,-93.33,False,2024-05-06 21:15:00,9318.499999999987,9225.169999999987
sell,low_vol,ema_flipped,0.9997,5.0,7.5,2.46,sl,-5.0,-92.25,False,2024-05-07 05:15:00,9225.169999999987,9132.919999999987
buy,high_vol,rsi,1.0,11.0,16.5,1.11,timeout,5.5,45.79,True,2024-05-08 17:45:00,9132.919999999987,9178.709999999988
sell,low_vol,ema_flipped,1.0,5.0,7.5,2.45,tp,7.5,137.81,True,2024-05-10 07:00:00,9178.709999999988,9316.519999999988
buy,low_vol,ema_flipped,1.0,5.0,7.5,2.48,tp,7.5,139.5,True,2024-05-10 08:15:00,9316.519999999988,9456.019999999988
sell,low_vol,ema_flipped,1.0,5.0,7.5,2.52,tp,7.5,141.75,True,2024-05-10 09:00:00,9456.019999999988,9597.769999999988
buy,low_vol,ema_flipped,0.9999,5.0,7.5,2.56,tp,7.5,144.0,True,2024-05-10 09:30:00,9597.769999999988,9741.769999999988
sell,low_vol,ema_flipped,0.9999,5.6,8.399999999999999,2.32,sl,-5.6,-97.44,False,2024-05-10 10:30:00,9741.769999999988,9644.329999999987
buy,high_vol,rsi,1.0,12.5,18.75,1.03,tp,18.75,144.84,True,2024-05-10 15:30:00,9644.329999999987,9789.169999999987
buy,high_vol,rsi,1.0,13.0,19.5,1.0,tp,19.5,146.25,True,2024-05-10 15:45:00,9789.169999999987,9935.419999999987
buy,high_vol,rsi,1.0,13.1,19.65,1.01,tp,19.65,148.85,True,2024-05-10 16:00:00,9935.419999999987,10084.269999999988
buy,high_vol,rsi,1.0,12.7,19.049999999999997,1.06,tp,19.05,151.45,True,2024-05-10 16:15:00,10084.269999999988,10235.719999999988
sell,low_vol,ema_flipped,1.0,5.0,7.5,2.73,sl,-5.0,-102.37,False,2024-05-13 05:30:00,10235.719999999988,10133.349999999988
buy,high_vol,rsi,0.9925,5.7,8.55,2.34,tp,8.55,150.05,True,2024-05-14 00:00:00,10133.349999999988,10283.399999999987
sell,high_vol,rsi,1.0,11.5,17.25,1.19,tp,17.25,153.96,True,2024-05-14 20:00:00,10283.399999999987,10437.359999999986
buy,high_vol,rsi,1.0,6.1,9.149999999999999,2.28,timeout,4.5,76.95,True,2024-05-15 00:00:00,10437.359999999986,10514.309999999987
buy,low_vol,ema_flipped,1.0,7.3,10.95,1.92,tp,10.95,157.68,True,2024-05-15 12:15:00,10514.309999999987,10671.989999999987
sell,high_vol,rsi,1.0,13.2,19.799999999999997,1.08,sl,-13.2,-106.92,False,2024-05-15 15:45:00,10671.989999999987,10565.069999999987
sell,high_vol,rsi,1.0,13.5,20.25,1.04,sl,-13.5,-105.3,False,2024-05-15 16:00:00,10565.069999999987,10459.769999999988
sell,high_vol,rsi,1.0,15.6,23.4,0.89,tp,23.4,156.2,True,2024-05-15 17:00:00,10459.769999999988,10615.969999999988
sell,high_vol,rsi,1.0,16.2,24.299999999999997,0.87,tp,24.3,158.56,True,2024-05-15 17:15:00,10615.969999999988,10774.529999999988
buy,low_vol,ema_flipped,1.0,5.2,7.800000000000001,2.76,sl,-5.2,-107.64,False,2024-05-16 22:00:00,10774.529999999988,10666.889999999989
buy,low_vol,ema_flipped,0.9999,7.3,10.95,1.95,sl,-7.3,-106.76,False,2024-05-20 15:15:00,10666.889999999989,10560.129999999988
sell,low_vol,ema_flipped,0.9999,7.4,11.100000000000001,1.9,tp,11.1,158.17,True,2024-05-20 15:30:00,10560.129999999988,10718.299999999988
sell,high_vol,rsi,0.7263,5.6,8.399999999999999,1.55,tp,8.4,97.65,True,2024-05-20 21:45:00,10718.299999999988,10815.949999999988
sell,low_vol,ema_flipped,1.0,5.0,7.5,2.88,sl,-5.0,-108.0,False,2024-05-21 03:45:00,10815.949999999988,10707.949999999988
sell,low_vol,ema_flipped,0.9722,5.0,7.5,2.74,sl,-5.0,-102.75,False,2024-05-22 09:15:00,10707.949999999988,10605.199999999988
buy,low_vol,ema_flipped,0.9797,7.8,11.7,1.76,tp,11.7,154.44,True,2024-05-22 14:00:00,10605.199999999988,10759.639999999989
buy,low_vol,ema_flipped,1.0,5.0,7.5,2.87,sl,-5.0,-107.62,False,2024-05-23 09:15:00,10759.639999999989,10652.019999999988
buy,high_vol,rsi,1.0,14.2,21.299999999999997,1.0,sl,-14.2,-106.5,False,2024-05-24 19:00:00,10652.019999999988,10545.519999999988
buy,high_vol,rsi,1.0,13.7,20.549999999999997,1.03,sl,-13.7,-105.83,False,2024-05-24 19:15:00,10545.519999999988,10439.689999999988
buy,high_vol,rsi,1.0,12.7,19.049999999999997,1.1,sl,-12.7,-104.78,False,2024-05-24 19:30:00,10439.689999999988,10334.909999999987
buy,high_vol,rsi,1.0,13.0,19.5,1.06,timeout,9.0,71.55,True,2024-05-24 19:45:00,10334.909999999987,10406.459999999986
buy,high_vol,rsi,1.0,11.8,17.700000000000003,1.18,timeout,8.3,73.46,True,2024-05-24 20:00:00,10406.459999999986,10479.919999999986
buy,high_vol,rsi,1.0,11.2,16.799999999999997,1.25,tp,16.8,157.5,True,2024-05-27 16:15:00,10479.919999999986,10637.419999999986
buy,high_vol,rsi,1.0,10.7,16.049999999999997,1.33,tp,16.05,160.1,True,2024-05-27 17:00:00,10637.419999999986,10797.519999999986
buy,high_vol,rsi,1.0,10.7,16.049999999999997,1.35,sl,-10.7,-108.34,False,2024-05-27 17:15:00,10797.519999999986,10689.179999999986
buy,high_vol,rsi,1.0,10.4,15.600000000000001,1.37,sl,-10.4,-106.86,False,2024-05-27 17:30:00,10689.179999999986,10582.319999999985
sell,low_vol,ema_flipped,1.0,5.0,7.5,2.82,tp,7.5,158.63,True,2024-05-28 09:00:00,10582.319999999985,10740.949999999984
buy,high_vol,rsi,0.9192,6.1,9.149999999999999,2.08,tp,9.15,142.74,True,2024-05-29 00:00:00,10740.949999999984,10883.689999999984
sell,low_vol,ema_flipped,1.0,5.0,7.5,2.9,sl,-5.0,-108.75,False,2024-05-29 07:45:00,10883.689999999984,10774.939999999984
sell,high_vol,rsi,1.0,10.8,16.200000000000003,1.33,tp,16.2,161.59,True,2024-05-29 15:00:00,10774.939999999984,10936.529999999984
buy,high_vol,rsi,1.0,8.8,13.200000000000001,1.66,tp,13.2,164.34,True,2024-05-31 22:00:00,10936.529999999984,11100.869999999984
sell,low_vol,ema_flipped,0.9942,7.2,10.8,2.04,tp,10.8,165.24,True,2024-06-03 09:45:00,11100.869999999984,11266.109999999984
buy,high_vol,rsi,0.9991,10.0,15.0,1.5,tp,15.0,168.75,True,2024-06-03 15:45:00,11266.109999999984,11434.859999999984
buy,high_vol,rsi,0.9988,10.3,15.450000000000001,1.48,tp,15.45,171.49,True,2024-06-03 16:00:00,11434.859999999984,11606.349999999984
sell,high_vol,rsi,1.0,16.2,24.299999999999997,0.96,sl,-16.2,-116.64,False,2024-06-03 18:30:00,11606.349999999984,11489.709999999985
sell,high_vol,rsi,1.0,16.1,24.150000000000002,0.95,sl,-16.1,-114.71,False,2024-06-03 18:45:00,11489.709999999985,11374.999999999985
sell,high_vol,rsi,1.0,16.2,24.299999999999997,0.94,sl,-16.2,-114.21,False,2024-06-03 19:00:00,11374.999999999985,11260.789999999986
sell,high_vol,rsi,1.0,15.7,23.549999999999997,0.96,sl,-15.7,-113.04,False,2024-06-03 19:15:00,11260.789999999986,11147.749999999985
sell,high_vol,rsi,1.0,15.7,23.549999999999997,0.95,sl,-15.7,-111.86,False,2024-06-03 19:30:00,11147.749999999985,11035.889999999985
sell,high_vol,rsi,1.0,15.1,22.65,0.97,sl,-15.1,-109.85,False,2024-06-03 19:45:00,11035.889999999985,10926.039999999985
sell,high_vol,rsi,1.0,14.9,22.35,0.98,sl,-14.9,-109.51,False,2024-06-03 20:00:00,10926.039999999985,10816.529999999984
sell,high_vol,rsi,1.0,14.0,21.0,1.03,sl,-14.0,-108.15,False,2024-06-03 20:15:00,10816.529999999984,10708.379999999985
sell,high_vol,rsi,1.0,12.7,19.049999999999997,1.12,sl,-12.7,-106.68,False,2024-06-03 20:30:00,10708.379999999985,10601.699999999984
sell,high_vol,rsi,1.0,11.9,17.85,1.19,tp,17.85,159.31,True,2024-06-03 20:45:00,10601.699999999984,10761.009999999984
sell,high_vol,rsi,0.9998,11.5,17.25,1.25,tp,17.25,161.72,True,2024-06-03 21:00:00,10761.009999999984,10922.729999999983
sell,high_vol,rsi,0.9979,10.6,15.899999999999999,1.37,tp,15.9,163.37,True,2024-06-03 21:15:00,10922.729999999983,11086.099999999984
sell,high_vol,rsi,0.9816,9.7,14.549999999999999,1.48,tp,14.55,161.5,True,2024-06-03 21:30:00,11086.099999999984,11247.599999999984
sell,high_vol,rsi,0.9131,9.1,13.649999999999999,1.44,tp,13.65,147.42,True,2024-06-03 21:45:00,11247.599999999984,11395.019999999984
sell,high_vol,rsi,0.7293,5.3,7.949999999999999,1.76,sl,-5.3,-69.96,False,2024-06-04 04:00:00,11395.019999999984,11325.059999999985
sell,high_vol,rsi,0.8355,5.7,8.55,2.03,sl,-5.7,-86.78,False,2024-06-04 04:15:00,11325.059999999985,11238.279999999984
sell,high_vol,rsi,0.8511,5.5,8.25,2.14,sl,-5.5,-88.28,False,2024-06-04 04:30:00,11238.279999999984,11149.999999999984
buy,high_vol,rsi,0.9998,9.4,14.100000000000001,1.58,tp,14.1,167.08,True,2024-06-04 15:45:00,11149.999999999984,11317.079999999984
buy,high_vol,rsi,0.9997,9.9,14.850000000000001,1.52,tp,14.85,169.29,True,2024-06-04 16:00:00,11317.079999999984,11486.369999999984
buy,high_vol,rsi,0.9958,9.8,14.700000000000001,1.55,tp,14.7,170.89,True,2024-06-04 16:15:00,11486.369999999984,11657.259999999984
sell,high_vol,rsi,1.0,17.5,26.25,0.89,tp,26.25,175.22,True,2024-06-05 17:00:00,11657.259999999984,11832.479999999983
buy,high_vol,rsi,1.0,12.2,18.299999999999997,1.29,tp,18.3,177.05,True,2024-06-05 20:30:00,11832.479999999983,12009.529999999982
buy,high_vol,rsi,1.0,10.9,16.35,1.47,tp,16.35,180.26,True,2024-06-05 20:45:00,12009.529999999982,12189.789999999983
buy,high_vol,rsi,1.0,9.7,14.549999999999999,1.68,tp,14.55,183.33,True,2024-06-05 21:00:00,12189.789999999983,12373.119999999983
buy,high_vol,rsi,1.0,9.2,13.799999999999999,1.79,tp,13.8,185.26,True,2024-06-05 21:15:00,12373.119999999983,12558.379999999983
buy,high_vol,rsi,1.0,8.8,13.200000000000001,1.9,tp,13.2,188.1,True,2024-06-05 21:30:00,12558.379999999983,12746.479999999983
buy,low_vol,ema_flipped,0.9901,6.9,10.350000000000001,2.43,sl,-6.9,-125.75,False,2024-06-06 22:45:00,12746.479999999983,12620.729999999983
sell,low_vol,ema_flipped,1.0,5.0,7.5,3.37,tp,7.5,189.56,True,2024-06-07 05:45:00,12620.729999999983,12810.289999999983
buy,low_vol,ema_flipped,1.0,5.0,7.5,3.42,tp,7.5,192.38,True,2024-06-07 09:00:00,12810.289999999983,13002.669999999982
sell,low_vol,ema_flipped,1.0,5.2,7.800000000000001,3.33,sl,-5.2,-129.87,False,2024-06-07 10:15:00,13002.669999999982,12872.799999999981
sell,high_vol,rsi,0.996,8.7,13.049999999999999,1.96,tp,13.05,191.83,True,2024-06-07 12:15:00,12872.799999999981,13064.629999999981
sell,high_vol,rsi,0.9966,8.7,13.049999999999999,1.99,tp,13.05,194.77,True,2024-06-07 12:30:00,13064.629999999981,13259.399999999981
buy,high_vol,rsi,1.0,12.6,18.9,1.4,sl,-12.6,-132.3,False,2024-06-07 15:45:00,13259.399999999981,13127.099999999982
buy,high_vol,rsi,1.0,14.5,21.75,1.21,sl,-14.5,-131.59,False,2024-06-07 16:00:00,13127.099999999982,12995.509999999982
buy,high_vol,rsi,1.0,15.2,22.799999999999997,1.14,sl,-15.2,-129.96,False,2024-06-07 16:15:00,12995.509999999982,12865.549999999983
buy,high_vol,rsi,1.0,15.6,23.4,1.1,sl,-15.6,-128.7,False,2024-06-07 16:30:00,12865.549999999983,12736.849999999982
buy,high_vol,rsi,1.0,15.8,23.700000000000003,1.07,sl,-15.8,-126.79,False,2024-06-07 16:45:00,12736.849999999982,12610.059999999981
buy,high_vol,rsi,1.0,16.4,24.599999999999998,1.03,sl,-16.4,-126.69,False,2024-06-07 17:00:00,12610.059999999981,12483.36999999998
buy,high_vol,rsi,1.0,17.0,25.5,0.98,sl,-17.0,-124.95,False,2024-06-07 17:15:00,12483.36999999998,12358.41999999998
buy,high_vol,rsi,1.0,17.7,26.549999999999997,0.93,sl,-17.7,-123.46,False,2024-06-07 17:30:00,12358.41999999998,12234.959999999981
buy,high_vol,rsi,1.0,18.1,27.150000000000002,0.9,sl,-18.1,-122.18,False,2024-06-07 17:45:00,12234.959999999981,12112.77999999998
buy,high_vol,rsi,0.905,6.4,9.600000000000001,2.18,sl,-6.4,-104.64,False,2024-06-10 07:00:00,12112.77999999998,12008.139999999981
buy,high_vol,rsi,0.756,6.7,10.05,1.56,sl,-6.7,-78.39,False,2024-06-10 07:15:00,12008.139999999981,11929.749999999982
buy,high_vol,rsi,0.6952,6.8,10.2,1.32,sl,-6.8,-67.32,False,2024-06-10 07:30:00,11929.749999999982,11862.429999999982
buy,high_vol,rsi,0.856,7.4,11.100000000000001,1.7,sl,-7.4,-94.35,False,2024-06-10 08:45:00,11862.429999999982,11768.079999999982
buy,high_vol,rsi,0.998,8.3,12.450000000000001,1.89,tp,12.45,176.48,True,2024-06-10 09:00:00,11768.079999999982,11944.559999999981
sell,low_vol,ema_flipped,1.0,5.0,7.5,3.19,tp,7.5,179.44,True,2024-06-11 05:30:00,11944.559999999981,12123.999999999982
buy,low_vol,ema_flipped,0.9707,7.2,10.8,2.15,sl,-7.2,-116.1,False,2024-06-11 11:30:00,12123.999999999982,12007.899999999981
buy,high_vol,rsi,1.0,13.2,19.799999999999997,1.21,tp,19.8,179.69,True,2024-06-11 16:15:00,12007.899999999981,12187.589999999982
sell,low_vol,ema_flipped,0.9987,8.6,12.899999999999999,1.89,sl,-8.6,-121.91,False,2024-06-12 14:15:00,12187.589999999982,12065.679999999982
sell,high_vol,rsi,1.0,12.1,18.15,1.33,sl,-12.1,-120.7,False,2024-06-12 15:30:00,12065.679999999982,11944.979999999981
sell,high_vol,rsi,1.0,12.6,18.9,1.26,sl,-12.6,-119.07,False,2024-06-12 15:45:00,11944.979999999981,11825.909999999982
sell,high_vol,rsi,1.0,13.4,20.1,1.18,sl,-13.4,-118.59,False,2024-06-12 16:00:00,11825.909999999982,11707.319999999982
sell,high_vol,rsi,1.0,13.9,20.85,1.12,sl,-13.9,-116.76,False,2024-06-12 16:15:00,11707.319999999982,11590.559999999981
sell,high_vol,rsi,1.0,14.3,21.450000000000003,1.08,sl,-14.3,-115.83,False,2024-06-12 16:30:00,11590.559999999981,11474.729999999981
sell,high_vol,rsi,1.0,15.3,22.950000000000003,1.0,sl,-15.3,-114.75,False,2024-06-12 16:45:00,11474.729999999981,11359.979999999981
sell,high_vol,rsi,1.0,18.1,27.150000000000002,0.84,sl,-18.1,-114.03,False,2024-06-12 17:15:00,11359.979999999981,11245.94999999998
sell,high_vol,rsi,1.0,18.3,27.450000000000003,0.82,timeout,8.6,52.89,True,2024-06-12 17:30:00,11245.94999999998,11298.83999999998
sell,high_vol,rsi,1.0,18.8,28.200000000000003,0.8,timeout,17.9,107.4,True,2024-06-12 17:45:00,11298.83999999998,11406.23999999998
sell,high_vol,rsi,1.0,18.9,28.349999999999998,0.8,timeout,20.3,121.8,True,2024-06-12 18:00:00,11406.23999999998,11528.039999999979
sell,high_vol,rsi,1.0,19.4,29.099999999999998,0.79,timeout,23.7,140.42,True,2024-06-12 18:15:00,11528.039999999979,11668.45999999998
sell,high_vol,rsi,1.0,19.9,29.849999999999998,0.78,timeout,20.4,119.34,True,2024-06-12 18:30:00,11668.45999999998,11787.79999999998
buy,high_vol,rsi,1.0,17.3,25.950000000000003,0.91,sl,-17.3,-118.07,False,2024-06-13 19:45:00,11787.79999999998,11669.72999999998
buy,high_vol,rsi,1.0,16.0,24.0,0.97,sl,-16.0,-116.4,False,2024-06-13 20:00:00,11669.72999999998,11553.32999999998
buy,high_vol,rsi,1.0,15.0,22.5,1.03,sl,-15.0,-115.88,False,2024-06-13 20:15:00,11553.32999999998,11437.44999999998
buy,high_vol,rsi,1.0,15.1,22.65,1.01,sl,-15.1,-114.38,False,2024-06-13 20:30:00,11437.44999999998,11323.069999999982
buy,high_vol,rsi,1.0,14.2,21.299999999999997,1.06,sl,-14.2,-112.89,False,2024-06-13 20:45:00,11323.069999999982,11210.179999999982
buy,high_vol,rsi,1.0,13.5,20.25,1.11,sl,-13.5,-112.39,False,2024-06-13 21:00:00,11210.179999999982,11097.789999999983
buy,high_vol,rsi,1.0,13.1,19.65,1.13,sl,-13.1,-111.02,False,2024-06-13 21:15:00,11097.789999999983,10986.769999999982
buy,high_vol,rsi,1.0,12.5,18.75,1.17,sl,-12.5,-109.69,False,2024-06-13 21:30:00,10986.769999999982,10877.079999999982
buy,high_vol,rsi,1.0,10.7,16.049999999999997,1.36,sl,-10.7,-109.14,False,2024-06-13 21:45:00,10877.079999999982,10767.939999999982
buy,high_vol,rsi,1.0,6.9,10.350000000000001,2.08,tp,10.35,161.46,True,2024-06-14 09:30:00,10767.939999999982,10929.399999999981
buy,high_vol,rsi,1.0,11.3,16.950000000000003,1.29,sl,-11.3,-109.33,False,2024-06-14 11:00:00,10929.399999999981,10820.069999999982
buy,high_vol,rsi,1.0,11.8,17.700000000000003,1.22,sl,-11.8,-107.97,False,2024-06-14 11:15:00,10820.069999999982,10712.099999999982
buy,high_vol,rsi,1.0,12.8,19.200000000000003,1.12,sl,-12.8,-107.52,False,2024-06-14 11:30:00,10712.099999999982,10604.579999999982
buy,high_vol,rsi,1.0,12.9,19.35,1.1,sl,-12.9,-106.43,False,2024-06-14 11:45:00,10604.579999999982,10498.149999999981
buy,high_vol,rsi,1.0,14.4,21.6,0.97,tp,21.6,157.14,True,2024-06-14 12:00:00,10498.149999999981,10655.28999999998
buy,high_vol,rsi,1.0,14.9,22.35,0.95,tp,22.35,159.24,True,2024-06-14 12:15:00,10655.28999999998,10814.52999999998
buy,high_vol,rsi,1.0,15.0,22.5,0.96,tp,22.5,162.0,True,2024-06-14 12:30:00,10814.52999999998,10976.52999999998
sell,low_vol,ema_flipped,0.9999,7.4,11.100000000000001,1.98,tp,11.1,164.83,True,2024-06-19 19:45:00,10976.52999999998,11141.35999999998
buy,low_vol,ema_flipped,0.9996,5.0,7.5,2.97,sl,-5.0,-111.37,False,2024-06-19 23:30:00,11141.35999999998,11029.98999999998
buy,high_vol,rsi,0.992,5.0,7.5,2.91,tp,7.5,163.69,True,2024-06-20 00:00:00,11029.98999999998,11193.67999999998
sell,low_vol,ema_flipped,1.0,5.0,7.5,2.98,tp,7.5,167.63,True,2024-06-20 03:45:00,11193.67999999998,11361.30999999998
buy,low_vol,ema_flipped,1.0,5.0,7.5,3.03,sl,-5.0,-113.62,False,2024-06-20 07:00:00,11361.30999999998,11247.689999999979
buy,high_vol,rsi,1.0,7.3,10.95,2.05,sl,-7.3,-112.24,False,2024-06-21 10:15:00,11247.689999999979,11135.449999999979
buy,high_vol,rsi,1.0,10.0,15.0,1.48,tp,15.0,166.5,True,2024-06-21 10:30:00,11135.449999999979,11301.949999999979
buy,high_vol,rsi,1.0,10.8,16.200000000000003,1.4,tp,16.2,170.1,True,2024-06-21 10:45:00,11301.949999999979,11472.04999999998
sell,low_vol,ema_flipped,0.9999,6.7,10.05,2.28,tp,10.05,171.85,True,2024-06-24 23:00:00,11472.04999999998,11643.89999999998
buy,low_vol,ema_flipped,1.0,5.0,7.5,3.11,sl,-5.0,-116.62,False,2024-06-25 04:30:00,11643.89999999998,11527.279999999979
buy,high_vol,rsi,1.0,16.2,24.299999999999997,0.95,tp,24.3,173.14,True,2024-06-25 16:30:00,11527.279999999979,11700.419999999978
sell,high_vol,rsi,1.0,5.9,8.850000000000001,2.64,sl,-5.9,-116.82,False,2024-06-27 03:30:00,11700.419999999978,11583.599999999979
buy,low_vol,ema_flipped,0.9968,8.8,13.200000000000001,1.75,tp,13.2,173.25,True,2024-06-27 12:00:00,11583.599999999979,11756.849999999979
sell,low_vol,ema_flipped,0.9913,10.0,15.0,1.55,sl,-10.0,-116.25,False,2024-06-27 13:45:00,11756.849999999979,11640.599999999979
sell,high_vol,rsi,1.0,13.8,20.700000000000003,1.12,tp,20.7,173.88,True,2024-06-27 16:30:00,11640.599999999979,11814.479999999978
sell,high_vol,rsi,1.0,10.0,15.0,1.58,sl,-10.0,-118.5,False,2024-07-01 00:00:00,11814.479999999978,11695.979999999978
sell,high_vol,rsi,1.0,12.7,19.049999999999997,1.23,sl,-12.7,-117.16,False,2024-07-01 03:15:00,11695.979999999978,11578.819999999978
buy,low_vol,ema_flipped,0.9905,9.8,14.700000000000001,1.55,sl,-9.8,-113.92,False,2024-07-02 12:00:00,11578.819999999978,11464.899999999978
sell,low_vol,ema_flipped,0.9913,9.6,14.399999999999999,1.57,timeout,6.8,80.07,True,2024-07-03 12:15:00,11464.899999999978,11544.969999999978
buy,low_vol,ema_flipped,1.0,5.0,7.5,3.08,sl,-5.0,-115.5,False,2024-07-04 05:45:00,11544.969999999978,11429.469999999978
sell,low_vol,ema_flipped,0.9936,7.5,11.25,2.01,tp,11.25,169.59,True,2024-07-04 12:30:00,11429.469999999978,11599.059999999978
buy,low_vol,ema_flipped,0.9997,7.5,11.25,2.06,sl,-7.5,-115.88,False,2024-07-04 13:15:00,11599.059999999978,11483.179999999978
sell,low_vol,ema_flipped,0.9993,8.0,12.0,1.91,tp,12.0,171.9,True,2024-07-04 13:30:00,11483.179999999978,11655.079999999978
buy,low_vol,ema_flipped,0.9993,7.8,11.7,1.99,sl,-7.8,-116.42,False,2024-07-04 14:30:00,11655.079999999978,11538.659999999978
sell,high_vol,rsi,1.0,15.6,23.4,0.99,sl,-15.6,-115.83,False,2024-07-05 16:30:00,11538.659999999978,11422.829999999978
sell,high_vol,rsi,1.0,16.2,24.299999999999997,0.94,sl,-16.2,-114.21,False,2024-07-05 16:45:00,11422.829999999978,11308.619999999979
sell,high_vol,rsi,1.0,17.7,26.549999999999997,0.85,sl,-17.7,-112.84,False,2024-07-05 17:15:00,11308.619999999979,11195.779999999979
buy,low_vol,ema_flipped,1.0,5.0,7.5,2.99,sl,-5.0,-112.12,False,2024-07-08 23:45:00,11195.779999999979,11083.659999999978
sell,low_vol,ema_flipped,1.0,5.0,7.5,2.96,tp,7.5,166.5,True,2024-07-09 05:45:00,11083.659999999978,11250.159999999978
buy,low_vol,ema_flipped,1.0,5.0,7.5,3.0,sl,-5.0,-112.5,False,2024-07-09 08:00:00,11250.159999999978,11137.659999999978
sell,low_vol,ema_flipped,1.0,5.5,8.25,2.7,tp,8.25,167.06,True,2024-07-10 10:30:00,11137.659999999978,11304.719999999978
buy,low_vol,ema_flipped,0.9984,9.8,14.700000000000001,1.53,sl,-9.8,-112.45,False,2024-07-10 17:00:00,11304.719999999978,11192.269999999977
sell,low_vol,ema_flipped,1.0,6.2,9.3,2.41,sl,-6.2,-112.07,False,2024-07-11 02:00:00,11192.269999999977,11080.199999999977
sell,high_vol,rsi,1.0,11.2,16.799999999999997,1.32,timeout,7.0,69.3,True,2024-07-15 18:00:00,11080.199999999977,11149.499999999976
sell,high_vol,rsi,1.0,11.5,17.25,1.29,timeout,3.5,33.86,True,2024-07-15 18:15:00,11149.499999999976,11183.359999999977
sell,high_vol,rsi,1.0,11.5,17.25,1.3,timeout,3.7,36.07,True,2024-07-15 18:30:00,11183.359999999977,11219.429999999977
sell,high_vol,rsi,1.0,11.6,17.4,1.29,timeout,0.3,2.9,True,2024-07-15 18:45:00,11219.429999999977,11222.329999999976
sell,low_vol,ema_flipped,0.998,5.7,8.55,2.62,tp,8.55,168.01,True,2024-07-16 22:00:00,11222.329999999976,11390.339999999976
sell,high_vol,rsi,1.0,12.3,18.450000000000003,1.23,sl,-12.3,-113.47,False,2024-07-17 13:15:00,11390.339999999976,11276.869999999977
buy,low_vol,ema_flipped,1.0,8.0,12.0,1.88,tp,12.0,169.2,True,2024-07-18 12:15:00,11276.869999999977,11446.069999999978
sell,low_vol,ema_flipped,1.0,6.7,10.05,2.28,tp,10.05,171.85,True,2024-07-18 14:00:00,11446.069999999978,11617.919999999978
buy,low_vol,ema_flipped,0.9864,6.6,9.899999999999999,2.3,tp,9.9,170.78,True,2024-07-18 15:00:00,11617.919999999978,11788.699999999979
buy,high_vol,rsi,0.7381,10.5,15.75,0.94,tp,15.75,111.04,True,2024-07-23 14:45:00,11788.699999999979,11899.73999999998
buy,high_vol,rsi,0.9014,10.9,16.35,1.25,sl,-10.9,-102.19,False,2024-07-23 15:00:00,11899.73999999998,11797.54999999998
sell,low_vol,ema_flipped,1.0,5.0,7.5,3.15,sl,-5.0,-118.12,False,2024-07-24 07:30:00,11797.54999999998,11679.429999999978
buy,high_vol,rsi,0.9934,10.0,15.0,1.54,tp,15.0,173.25,True,2024-07-24 11:15:00,11679.429999999978,11852.679999999978
sell,high_vol,rsi,0.9223,11.6,17.4,1.21,tp,17.4,157.91,True,2024-07-25 12:45:00,11852.679999999978,12010.589999999978
sell,high_vol,rsi,0.9208,12.0,18.0,1.18,tp,18.0,159.3,True,2024-07-25 13:00:00,12010.589999999978,12169.889999999978
sell,high_vol,rsi,0.9308,12.0,18.0,1.22,tp,18.0,164.7,True,2024-07-25 13:15:00,12169.889999999978,12334.589999999978
buy,low_vol,ema_flipped,0.9977,7.9,11.850000000000001,2.07,tp,11.85,183.97,True,2024-07-26 11:30:00,12334.589999999978,12518.559999999978
sell,low_vol,ema_flipped,0.9997,9.2,13.799999999999999,1.81,sl,-9.2,-124.89,False,2024-07-26 13:15:00,12518.559999999978,12393.669999999978
sell,high_vol,rsi,1.0,8.7,13.049999999999999,1.9,sl,-8.7,-123.97,False,2024-07-26 15:30:00,12393.669999999978,12269.699999999979
sell,high_vol,rsi,0.9931,9.0,13.5,1.8,sl,-9.0,-121.5,False,2024-07-26 15:45:00,12269.699999999979,12148.199999999979
buy,low_vol,ema_flipped,0.9999,8.0,12.0,2.02,sl,-8.0,-121.2,False,2024-07-29 11:15:00,12148.199999999979,12026.999999999978
sell,low_vol,ema_flipped,0.996,9.3,13.950000000000001,1.71,tp,13.95,178.91,True,2024-07-30 13:15:00,12026.999999999978,12205.909999999978
buy,high_vol,rsi,1.0,11.4,17.1,1.43,sl,-11.4,-122.26,False,2024-07-30 17:15:00,12205.909999999978,12083.649999999978
buy,high_vol,rsi,1.0,12.3,18.450000000000003,1.31,tp,18.45,181.27,True,2024-07-30 17:30:00,12083.649999999978,12264.919999999978
sell,low_vol,ema_flipped,1.0,6.8,10.2,2.4,tp,10.2,183.6,True,2024-07-31 05:30:00,12264.919999999978,12448.519999999979
buy,low_vol,ema_flipped,0.9858,7.1,10.649999999999999,2.29,sl,-7.1,-121.94,False,2024-07-31 09:30:00,12448.519999999979,12326.579999999978
buy,high_vol,rsi,1.0,16.0,24.0,1.03,sl,-16.0,-123.6,False,2024-07-31 18:45:00,12326.579999999978,12202.979999999978
buy,high_vol,rsi,1.0,15.6,23.4,1.04,tp,23.4,182.52,True,2024-07-31 19:00:00,12202.979999999978,12385.499999999978
buy,high_vol,rsi,1.0,15.8,23.700000000000003,1.05,tp,23.7,186.64,True,2024-07-31 19:15:00,12385.499999999978,12572.139999999978
buy,high_vol,rsi,1.0,15.4,23.1,1.09,tp,23.1,188.84,True,2024-07-31 19:30:00,12572.139999999978,12760.979999999978
buy,high_vol,rsi,1.0,15.0,22.5,1.13,tp,22.5,190.69,True,2024-07-31 19:45:00,12760.979999999978,12951.669999999978
buy,high_vol,rsi,1.0,14.5,21.75,1.19,tp,21.75,194.12,True,2024-07-31 20:00:00,12951.669999999978,13145.789999999979
sell,high_vol,rsi,1.0,11.6,17.4,1.51,sl,-11.6,-131.37,False,2024-07-31 23:00:00,13145.789999999979,13014.419999999978
buy,high_vol,rsi,1.0,11.3,16.950000000000003,1.54,sl,-11.3,-130.52,False,2024-08-01 11:00:00,13014.419999999978,12883.899999999978
buy,high_vol,rsi,1.0,13.0,19.5,1.32,tp,19.5,193.05,True,2024-08-01 12:00:00,12883.899999999978,13076.949999999977
buy,high_vol,rsi,1.0,13.3,19.950000000000003,1.31,tp,19.95,196.01,True,2024-08-01 12:15:00,13076.949999999977,13272.959999999977
buy,high_vol,rsi,1.0,12.7,19.049999999999997,1.39,tp,19.05,198.6,True,2024-08-01 12:30:00,13272.959999999977,13471.559999999978
sell,high_vol,rsi,1.0,14.3,21.450000000000003,1.26,sl,-14.3,-135.14,False,2024-08-01 19:30:00,13471.559999999978,13336.419999999978
sell,high_vol,rsi,1.0,14.0,21.0,1.27,sl,-14.0,-133.35,False,2024-08-01 19:45:00,13336.419999999978,13203.069999999978
sell,high_vol,rsi,1.0,14.5,21.75,1.21,sl,-14.5,-131.59,False,2024-08-01 20:00:00,13203.069999999978,13071.479999999978
sell,high_vol,rsi,1.0,13.8,20.700000000000003,1.26,sl,-13.8,-130.41,False,2024-08-01 20:15:00,13071.479999999978,12941.069999999978
sell,high_vol,rsi,1.0,10.8,16.200000000000003,1.6,sl,-10.8,-129.6,False,2024-08-01 20:45:00,12941.069999999978,12811.469999999978
sell,high_vol,rsi,1.0,11.2,16.799999999999997,1.53,tp,16.8,192.78,True,2024-08-01 21:00:00,12811.469999999978,13004.249999999978
sell,high_vol,rsi,1.0,10.9,16.35,1.59,tp,16.35,194.97,True,2024-08-01 21:15:00,13004.249999999978,13199.219999999978
sell,high_vol,rsi,1.0,10.7,16.049999999999997,1.64,tp,16.05,197.42,True,2024-08-01 21:30:00,13199.219999999978,13396.639999999978
sell,high_vol,rsi,1.0,10.7,16.049999999999997,1.67,tp,16.05,201.03,True,2024-08-01 21:45:00,13396.639999999978,13597.669999999978
sell,high_vol,rsi,0.8281,10.3,15.450000000000001,1.33,tp,15.45,154.11,True,2024-08-01 22:00:00,13597.669999999978,13751.779999999979
sell,high_vol,rsi,0.6599,9.7,14.549999999999999,0.97,tp,14.55,105.85,True,2024-08-01 23:00:00,13751.779999999979,13857.62999999998
sell,high_vol,rsi,0.6932,9.5,14.25,1.09,tp,14.25,116.49,True,2024-08-01 23:15:00,13857.62999999998,13974.119999999979
sell,high_vol,rsi,1.0,12.1,18.15,1.54,sl,-12.1,-139.75,False,2024-08-02 11:00:00,13974.119999999979,13834.369999999979
sell,high_vol,rsi,1.0,12.7,19.049999999999997,1.45,sl,-12.7,-138.11,False,2024-08-02 11:15:00,13834.369999999979,13696.259999999978
sell,high_vol,rsi,1.0,13.2,19.799999999999997,1.38,sl,-13.2,-136.62,False,2024-08-02 11:30:00,13696.259999999978,13559.639999999978
sell,high_vol,rsi,1.0,13.5,20.25,1.34,sl,-13.5,-135.67,False,2024-08-02 11:45:00,13559.639999999978,13423.969999999978
sell,high_vol,rsi,1.0,14.3,21.450000000000003,1.25,sl,-14.3,-134.06,False,2024-08-02 12:00:00,13423.969999999978,13289.909999999978
sell,high_vol,rsi,1.0,14.6,21.9,1.21,sl,-14.6,-132.5,False,2024-08-02 12:15:00,13289.909999999978,13157.409999999978
sell,high_vol,rsi,1.0,14.4,21.6,1.22,sl,-14.4,-131.76,False,2024-08-02 13:00:00,13157.409999999978,13025.649999999978
sell,high_vol,rsi,1.0,14.2,21.299999999999997,1.22,sl,-14.2,-129.93,False,2024-08-02 13:15:00,13025.649999999978,12895.719999999978
sell,high_vol,rsi,1.0,13.5,20.25,1.27,sl,-13.5,-128.59,False,2024-08-02 13:30:00,12895.719999999978,12767.129999999977
sell,high_vol,rsi,1.0,13.2,19.799999999999997,1.29,sl,-13.2,-127.71,False,2024-08-02 13:45:00,12767.129999999977,12639.419999999978
sell,high_vol,rsi,1.0,13.6,20.4,1.24,sl,-13.6,-126.48,False,2024-08-02 14:00:00,12639.419999999978,12512.939999999979
sell,high_vol,rsi,1.0,14.0,21.0,1.19,tp,21.0,187.42,True,2024-08-02 14:15:00,12512.939999999979,12700.359999999979
sell,high_vol,rsi,1.0,28.1,42.150000000000006,0.6,sl,-28.1,-126.45,False,2024-08-02 18:00:00,12700.359999999979,12573.909999999978
sell,high_vol,rsi,1.0,28.1,42.150000000000006,0.6,sl,-28.1,-126.45,False,2024-08-02 18:15:00,12573.909999999978,12447.459999999977
sell,high_vol,rsi,1.0,28.9,43.349999999999994,0.57,sl,-28.9,-123.55,False,2024-08-02 18:30:00,12447.459999999977,12323.909999999978
sell,high_vol,rsi,1.0,16.5,24.75,1.0,sl,-16.5,-123.75,False,2024-08-05 08:45:00,12323.909999999978,12200.159999999978
buy,high_vol,rsi,1.0,14.9,22.35,1.09,sl,-14.9,-121.81,False,2024-08-06 13:30:00,12200.159999999978,12078.349999999979
buy,high_vol,rsi,1.0,14.4,21.6,1.12,sl,-14.4,-120.96,False,2024-08-06 13:45:00,12078.349999999979,11957.38999999998
buy,high_vol,rsi,1.0,13.3,19.950000000000003,1.2,sl,-13.3,-119.7,False,2024-08-06 14:00:00,11957.38999999998,11837.689999999979
buy,high_vol,rsi,1.0,12.9,19.35,1.22,tp,19.35,177.05,True,2024-08-06 14:15:00,11837.689999999979,12014.739999999978
buy,high_vol,rsi,1.0,15.1,22.65,1.06,tp,22.65,180.07,True,2024-08-06 21:15:00,12014.739999999978,12194.809999999978
sell,low_vol,ema_flipped,1.0,8.5,12.75,1.91,sl,-8.5,-121.76,False,2024-08-12 15:30:00,12194.809999999978,12073.049999999977
sell,high_vol,rsi,1.0,5.7,8.55,2.82,sl,-5.7,-120.55,False,2024-08-13 03:30:00,12073.049999999977,11952.499999999978
buy,low_vol,ema_flipped,1.0,9.2,13.799999999999999,1.73,tp,13.8,179.05,True,2024-08-13 11:45:00,11952.499999999978,12131.549999999977
sell,high_vol,rsi,1.0,13.0,19.5,1.24,timeout,-0.7,-6.51,False,2024-08-13 16:15:00,12131.549999999977,12125.039999999977
sell,high_vol,rsi,0.9156,13.7,20.549999999999997,1.04,timeout,0.0,0.0,False,2024-08-13 16:30:00,12125.039999999977,12125.039999999977
sell,high_vol,rsi,0.7977,14.2,21.299999999999997,0.81,sl,-14.2,-86.26,False,2024-08-13 17:15:00,12125.039999999977,12038.779999999977
buy,low_vol,ema_flipped,0.9999,7.4,11.100000000000001,2.17,sl,-7.4,-120.43,False,2024-08-15 11:00:00,12038.779999999977,11918.349999999977
buy,high_vol,rsi,1.0,11.7,17.549999999999997,1.36,timeout,10.1,103.02,True,2024-08-15 15:30:00,11918.349999999977,12021.369999999977
buy,high_vol,rsi,1.0,12.7,19.049999999999997,1.26,timeout,12.1,114.34,True,2024-08-15 15:45:00,12021.369999999977,12135.709999999977
buy,high_vol,rsi,1.0,12.9,19.35,1.25,timeout,10.9,102.19,True,2024-08-15 16:00:00,12135.709999999977,12237.899999999978
buy,high_vol,rsi,1.0,13.7,20.549999999999997,1.19,sl,-13.7,-122.27,False,2024-08-15 16:15:00,12237.899999999978,12115.629999999977
buy,high_vol,rsi,1.0,15.0,22.5,1.08,tp,22.5,182.25,True,2024-08-15 16:30:00,12115.629999999977,12297.879999999977
sell,low_vol,ema_flipped,1.0,7.7,11.55,2.13,tp,11.55,184.51,True,2024-08-16 11:15:00,12297.879999999977,12482.389999999978
buy,low_vol,ema_flipped,1.0,9.1,13.649999999999999,1.83,tp,13.65,187.35,True,2024-08-16 12:00:00,12482.389999999978,12669.739999999978
sell,low_vol,ema_flipped,0.9999,9.1,13.649999999999999,1.86,sl,-9.1,-126.94,False,2024-08-16 13:00:00,12669.739999999978,12542.799999999977
buy,low_vol,ema_flipped,0.9999,6.6,9.899999999999999,2.53,tp,9.9,187.85,True,2024-08-19 05:15:00,12542.799999999977,12730.649999999978
sell,low_vol,ema_flipped,1.0,7.4,11.100000000000001,2.29,sl,-7.4,-127.09,False,2024-08-19 06:30:00,12730.649999999978,12603.559999999978
buy,low_vol,ema_flipped,1.0,7.9,11.850000000000001,2.13,tp,11.85,189.3,True,2024-08-20 10:15:00,12603.559999999978,12792.859999999977
sell,high_vol,rsi,1.0,13.8,20.700000000000003,1.24,sl,-13.8,-128.34,False,2024-08-20 16:30:00,12792.859999999977,12664.519999999977
sell,high_vol,rsi,1.0,14.1,21.15,1.2,sl,-14.1,-126.9,False,2024-08-20 16:45:00,12664.519999999977,12537.619999999977
sell,high_vol,rsi,1.0,16.7,25.049999999999997,1.0,sl,-16.7,-125.25,False,2024-08-20 17:30:00,12537.619999999977,12412.369999999977
sell,high_vol,rsi,1.0,16.9,25.349999999999998,0.98,sl,-16.9,-124.21,False,2024-08-20 17:45:00,12412.369999999977,12288.159999999978
sell,high_vol,rsi,1.0,16.9,25.349999999999998,0.97,sl,-16.9,-122.95,False,2024-08-20 18:30:00,12288.159999999978,12165.209999999977
buy,low_vol,ema_flipped,0.9912,9.7,14.549999999999999,1.65,sl,-9.7,-120.04,False,2024-08-21 14:00:00,12165.209999999977,12045.169999999976
sell,high_vol,rsi,1.0,18.3,27.450000000000003,0.88,sl,-18.3,-120.78,False,2024-08-21 20:15:00,12045.169999999976,11924.389999999976
sell,high_vol,rsi,1.0,16.2,24.299999999999997,0.98,sl,-16.2,-119.07,False,2024-08-21 20:30:00,11924.389999999976,11805.319999999976
sell,high_vol,rsi,1.0,15.2,22.799999999999997,1.04,sl,-15.2,-118.56,False,2024-08-21 20:45:00,11805.319999999976,11686.759999999977
sell,high_vol,rsi,0.9999,14.7,22.049999999999997,1.06,timeout,10.9,86.66,True,2024-08-21 21:00:00,11686.759999999977,11773.419999999976
sell,high_vol,rsi,0.995,13.6,20.4,1.15,timeout,9.3,80.21,True,2024-08-21 21:15:00,11773.419999999976,11853.629999999976
buy,low_vol,ema_flipped,1.0,5.3,7.949999999999999,2.98,sl,-5.3,-118.45,False,2024-08-22 08:30:00,11853.629999999976,11735.179999999975
sell,low_vol,ema_flipped,0.9622,9.3,13.950000000000001,1.59,tp,13.95,166.35,True,2024-08-23 23:45:00,11735.179999999975,11901.529999999975
sell,low_vol,ema_flipped,0.9978,11.6,17.4,1.36,tp,17.4,177.48,True,2024-08-26 01:45:00,11901.529999999975,12079.009999999975
buy,low_vol,ema_flipped,1.0,6.4,9.600000000000001,2.52,sl,-6.4,-120.96,False,2024-08-26 06:30:00,12079.009999999975,11958.049999999976
buy,high_vol,rsi,1.0,7.8,11.7,2.04,tp,11.7,179.01,True,2024-08-29 10:00:00,11958.049999999976,12137.059999999976
buy,high_vol,rsi,1.0,13.8,20.700000000000003,1.17,sl,-13.8,-121.09,False,2024-08-29 11:00:00,12137.059999999976,12015.969999999976
buy,high_vol,rsi,1.0,15.4,23.1,1.04,tp,23.1,180.18,True,2024-08-29 11:15:00,12015.969999999976,12196.149999999976
buy,high_vol,rsi,1.0,16.0,24.0,1.02,tp,24.0,183.6,True,2024-08-29 11:30:00,12196.149999999976,12379.749999999976
buy,high_vol,rsi,1.0,16.5,24.75,1.0,sl,-16.5,-123.75,False,2024-08-29 11:45:00,12379.749999999976,12255.999999999976
buy,high_vol,rsi,1.0,16.8,25.200000000000003,0.97,sl,-16.8,-122.22,False,2024-08-29 12:00:00,12255.999999999976,12133.779999999977
sell,low_vol,ema_flipped,1.0,7.5,11.25,2.16,sl,-7.5,-121.5,False,2024-09-02 10:30:00,12133.779999999977,12012.279999999977
buy,high_vol,rsi,0.9683,10.7,16.049999999999997,1.43,tp,16.05,172.14,True,2024-09-03 21:00:00,12012.279999999977,12184.419999999976
sell,high_vol,rsi,1.0,7.3,10.95,2.23,tp,10.95,183.14,True,2024-09-04 03:30:00,12184.419999999976,12367.559999999976
sell,high_vol,rsi,1.0,6.3,9.45,2.62,tp,9.45,185.69,True,2024-09-04 03:45:00,12367.559999999976,12553.249999999976
buy,low_vol,ema_flipped,1.0,6.2,9.3,2.7,sl,-6.2,-125.55,False,2024-09-05 03:00:00,12553.249999999976,12427.699999999977
sell,low_vol,ema_flipped,0.9999,5.3,7.949999999999999,3.13,sl,-5.3,-124.42,False,2024-09-05 10:00:00,12427.699999999977,12303.279999999977
sell,high_vol,rsi,1.0,10.8,16.200000000000003,1.52,tp,16.2,184.68,True,2024-09-05 21:00:00,12303.279999999977,12487.959999999977
buy,low_vol,ema_flipped,0.9827,10.0,15.0,1.62,sl,-10.0,-121.5,False,2024-09-06 14:30:00,12487.959999999977,12366.459999999977
buy,high_vol,rsi,1.0,10.8,16.200000000000003,1.53,sl,-10.8,-123.93,False,2024-09-06 15:15:00,12366.459999999977,12242.529999999977
buy,high_vol,rsi,1.0,6.8,10.2,2.4,sl,-6.8,-122.4,False,2024-09-09 04:30:00,12242.529999999977,12120.129999999977
buy,high_vol,rsi,0.9999,7.0,10.5,2.31,sl,-7.0,-121.27,False,2024-09-09 04:45:00,12120.129999999977,11998.859999999977
buy,low_vol,ema_flipped,0.9999,7.1,10.649999999999999,2.25,timeout,-3.5,-59.06,False,2024-09-09 10:00:00,11998.859999999977,11939.799999999977
buy,high_vol,rsi,0.9996,9.5,14.25,1.67,sl,-9.5,-118.99,False,2024-09-09 11:15:00,11939.799999999977,11820.809999999978
buy,high_vol,rsi,0.9988,9.8,14.700000000000001,1.61,sl,-9.8,-118.33,False,2024-09-09 11:30:00,11820.809999999978,11702.479999999978
buy,high_vol,rsi,0.9996,10.1,15.149999999999999,1.54,sl,-10.1,-116.65,False,2024-09-09 11:45:00,11702.479999999978,11585.829999999978
buy,high_vol,rsi,0.9999,10.3,15.450000000000001,1.5,sl,-10.3,-115.88,False,2024-09-09 12:00:00,11585.829999999978,11469.949999999979
buy,high_vol,rsi,1.0,10.6,15.899999999999999,1.44,sl,-10.6,-114.48,False,2024-09-09 12:15:00,11469.949999999979,11355.46999999998
buy,high_vol,rsi,0.9839,13.1,19.65,1.13,sl,-13.1,-111.02,False,2024-09-11 20:30:00,11355.46999999998,11244.449999999979
buy,high_vol,rsi,0.8541,12.6,18.9,0.94,sl,-12.6,-88.83,False,2024-09-11 20:45:00,11244.449999999979,11155.619999999979
sell,high_vol,rsi,1.0,13.2,19.799999999999997,1.13,sl,-13.2,-111.87,False,2024-09-12 16:00:00,11155.619999999979,11043.749999999978
sell,high_vol,rsi,1.0,13.8,20.700000000000003,1.07,sl,-13.8,-110.74,False,2024-09-12 16:15:00,11043.749999999978,10933.009999999978
sell,high_vol,rsi,1.0,14.5,21.75,1.01,sl,-14.5,-109.84,False,2024-09-12 16:30:00,10933.009999999978,10823.169999999978
sell,high_vol,rsi,1.0,15.1,22.65,0.96,sl,-15.1,-108.72,False,2024-09-12 16:45:00,10823.169999999978,10714.449999999979
sell,high_vol,rsi,1.0,16.1,24.150000000000002,0.89,sl,-16.1,-107.47,False,2024-09-12 17:00:00,10714.449999999979,10606.97999999998
sell,high_vol,rsi,1.0,16.7,25.049999999999997,0.85,sl,-16.7,-106.46,False,2024-09-12 17:15:00,10606.97999999998,10500.51999999998
sell,high_vol,rsi,1.0,17.2,25.799999999999997,0.81,sl,-17.2,-104.49,False,2024-09-12 17:30:00,10500.51999999998,10396.02999999998
sell,high_vol,rsi,1.0,18.2,27.299999999999997,0.76,sl,-18.2,-103.74,False,2024-09-12 17:45:00,10396.02999999998,10292.28999999998
buy,low_vol,ema_flipped,0.9996,8.0,12.0,1.71,sl,-8.0,-102.6,False,2024-09-17 22:30:00,10292.28999999998,10189.68999999998
sell,low_vol,ema_flipped,1.0,5.2,7.800000000000001,2.61,tp,7.8,152.69,True,2024-09-18 04:30:00,10189.68999999998,10342.379999999981
buy,low_vol,ema_flipped,1.0,5.0,7.5,2.76,sl,-5.0,-103.5,False,2024-09-18 08:30:00,10342.379999999981,10238.879999999981
sell,low_vol,ema_flipped,0.9999,7.8,11.7,1.75,tp,11.7,153.56,True,2024-09-18 11:00:00,10238.879999999981,10392.43999999998
sell,low_vol,ema_flipped,0.9056,8.1,12.149999999999999,1.48,tp,12.15,134.86,True,2024-09-19 08:45:00,10392.43999999998,10527.299999999981
buy,low_vol,ema_flipped,0.9957,9.1,13.649999999999999,1.53,tp,13.65,156.63,True,2024-09-19 10:45:00,10527.299999999981,10683.92999999998
buy,low_vol,ema_flipped,0.9967,5.0,7.5,2.84,tp,7.5,159.75,True,2024-09-23 04:30:00,10683.92999999998,10843.67999999998
buy,high_vol,rsi,1.0,9.2,13.799999999999999,1.57,sl,-9.2,-108.33,False,2024-09-23 10:15:00,10843.67999999998,10735.34999999998
buy,high_vol,rsi,1.0,11.1,16.65,1.29,sl,-11.1,-107.39,False,2024-09-23 10:30:00,10735.34999999998,10627.959999999981
buy,high_vol,rsi,1.0,12.5,18.75,1.13,sl,-12.5,-105.94,False,2024-09-23 10:45:00,10627.959999999981,10522.01999999998
buy,high_vol,rsi,1.0,15.1,22.65,0.93,sl,-15.1,-105.32,False,2024-09-23 11:00:00,10522.01999999998,10416.69999999998
buy,high_vol,rsi,1.0,15.9,23.85,0.87,sl,-15.9,-103.75,False,2024-09-23 11:15:00,10416.69999999998,10312.94999999998
buy,high_vol,rsi,1.0,16.6,24.900000000000002,0.83,sl,-16.6,-103.33,False,2024-09-23 11:30:00,10312.94999999998,10209.61999999998
buy,high_vol,rsi,1.0,17.3,25.950000000000003,0.79,sl,-17.3,-102.5,False,2024-09-23 11:45:00,10209.61999999998,10107.11999999998
buy,high_vol,rsi,1.0,17.7,26.549999999999997,0.76,sl,-17.7,-100.89,False,2024-09-23 12:00:00,10107.11999999998,10006.229999999981
buy,high_vol,rsi,1.0,18.4,27.599999999999998,0.73,sl,-18.4,-100.74,False,2024-09-23 13:15:00,10006.229999999981,9905.489999999982
buy,high_vol,rsi,1.0,14.9,22.35,0.89,sl,-14.9,-99.46,False,2024-09-23 17:45:00,9905.489999999982,9806.029999999982
sell,high_vol,rsi,1.0,10.0,15.0,1.31,tp,15.0,147.38,True,2024-09-23 23:45:00,9806.029999999982,9953.409999999982
buy,high_vol,rsi,1.0,8.1,12.149999999999999,1.64,sl,-8.1,-99.63,False,2024-09-24 03:15:00,9953.409999999982,9853.779999999982
buy,high_vol,rsi,1.0,5.9,8.850000000000001,2.23,tp,8.85,148.02,True,2024-09-24 04:15:00,9853.779999999982,10001.799999999983
buy,high_vol,rsi,0.6615,11.5,17.25,0.6,tp,17.25,77.62,True,2024-09-24 20:45:00,10001.799999999983,10079.419999999984
sell,low_vol,ema_flipped,1.0,6.2,9.3,2.17,tp,9.3,151.36,True,2024-09-25 07:15:00,10079.419999999984,10230.779999999984
buy,low_vol,ema_flipped,0.9981,9.7,14.549999999999999,1.4,tp,14.55,152.77,True,2024-09-25 11:45:00,10230.779999999984,10383.549999999985
sell,high_vol,rsi,0.9788,10.4,15.600000000000001,1.29,sl,-10.4,-100.62,False,2024-09-25 15:00:00,10383.549999999985,10282.929999999984
sell,high_vol,rsi,0.9766,10.6,15.899999999999999,1.25,sl,-10.6,-99.38,False,2024-09-25 15:15:00,10282.929999999984,10183.549999999985
sell,high_vol,rsi,0.9941,11.0,16.5,1.22,tp,16.5,150.97,True,2024-09-25 15:30:00,10183.549999999985,10334.519999999984
sell,high_vol,rsi,0.9954,11.1,16.65,1.23,tp,16.65,153.6,True,2024-09-25 15:45:00,10334.519999999984,10488.119999999984
sell,high_vol,rsi,0.9993,11.7,17.549999999999997,1.19,tp,17.55,156.63,True,2024-09-25 16:00:00,10488.119999999984,10644.749999999984
sell,high_vol,rsi,0.9995,12.0,18.0,1.18,tp,18.0,159.3,True,2024-09-25 16:15:00,10644.749999999984,10804.049999999983
buy,high_vol,rsi,1.0,16.0,24.0,0.9,timeout,-3.0,-20.25,False,2024-09-25 18:45:00,10804.049999999983,10783.799999999983
buy,high_vol,rsi,1.0,15.5,23.25,0.93,timeout,0.1,0.7,True,2024-09-25 19:00:00,10783.799999999983,10784.499999999984
buy,high_vol,rsi,1.0,15.6,23.4,0.92,timeout,0.1,0.69,True,2024-09-25 19:15:00,10784.499999999984,10785.189999999984
buy,high_vol,rsi,1.0,15.3,22.950000000000003,0.94,timeout,2.1,14.81,True,2024-09-25 19:30:00,10785.189999999984,10799.999999999984
buy,high_vol,rsi,0.9999,15.1,22.65,0.95,timeout,-0.4,-2.85,False,2024-09-25 19:45:00,10799.999999999984,10797.149999999983
buy,high_vol,rsi,1.0,15.3,22.950000000000003,0.94,timeout,5.8,40.89,True,2024-09-25 20:00:00,10797.149999999983,10838.039999999983
buy,high_vol,rsi,0.9999,14.3,21.450000000000003,1.01,timeout,2.8,21.21,True,2024-09-25 20:15:00,10838.039999999983,10859.249999999982
buy,high_vol,rsi,0.9997,13.8,20.700000000000003,1.05,timeout,-1.0,-7.88,False,2024-09-25 20:30:00,10859.249999999982,10851.369999999983
buy,high_vol,rsi,1.0,12.8,19.200000000000003,1.13,sl,-12.8,-108.48,False,2024-09-27 10:00:00,10851.369999999983,10742.889999999983
buy,high_vol,rsi,1.0,14.0,21.0,1.02,tp,21.0,160.65,True,2024-09-27 10:15:00,10742.889999999983,10903.539999999983
sell,high_vol,rsi,1.0,11.5,17.25,1.26,sl,-11.5,-108.67,False,2024-09-27 13:45:00,10903.539999999983,10794.869999999983
sell,high_vol,rsi,1.0,11.2,16.799999999999997,1.29,sl,-11.2,-108.36,False,2024-09-27 14:00:00,10794.869999999983,10686.509999999982
sell,high_vol,rsi,1.0,15.2,22.799999999999997,0.94,tp,22.8,160.74,True,2024-09-27 15:45:00,10686.509999999982,10847.249999999982
sell,high_vol,rsi,1.0,9.7,14.549999999999999,1.49,tp,14.55,162.6,True,2024-09-30 03:30:00,10847.249999999982,11009.849999999982
sell,high_vol,rsi,1.0,7.5,11.25,1.96,tp,11.25,165.38,True,2024-09-30 03:45:00,11009.849999999982,11175.229999999981
sell,high_vol,rsi,1.0,16.0,24.0,0.93,tp,24.0,167.4,True,2024-09-30 11:45:00,11175.229999999981,11342.629999999981
buy,high_vol,rsi,1.0,15.8,23.700000000000003,0.96,sl,-15.8,-113.76,False,2024-09-30 16:15:00,11342.629999999981,11228.86999999998
buy,high_vol,rsi,1.0,18.7,28.049999999999997,0.8,sl,-18.7,-112.2,False,2024-09-30 17:15:00,11228.86999999998,11116.66999999998
buy,high_vol,rsi,1.0,19.2,28.799999999999997,0.77,sl,-19.2,-110.88,False,2024-09-30 17:30:00,11116.66999999998,11005.78999999998
buy,high_vol,rsi,1.0,22.0,33.0,0.67,sl,-22.0,-110.55,False,2024-09-30 18:00:00,11005.78999999998,10895.239999999982
buy,high_vol,rsi,1.0,22.0,33.0,0.66,sl,-22.0,-108.9,False,2024-09-30 18:15:00,10895.239999999982,10786.339999999982
buy,high_vol,rsi,1.0,21.7,32.55,0.66,sl,-21.7,-107.42,False,2024-09-30 18:30:00,10786.339999999982,10678.919999999982
buy,high_vol,rsi,0.9999,14.6,21.9,0.98,sl,-14.6,-107.31,False,2024-10-01 14:45:00,10678.919999999982,10571.609999999982
buy,high_vol,rsi,1.0,15.0,22.5,0.94,sl,-15.0,-105.75,False,2024-10-01 15:00:00,10571.609999999982,10465.859999999982
buy,high_vol,rsi,0.9999,14.4,21.6,0.97,sl,-14.4,-104.76,False,2024-10-01 15:30:00,10465.859999999982,10361.099999999982
buy,high_vol,rsi,1.0,14.4,21.6,0.96,sl,-14.4,-103.68,False,2024-10-01 15:45:00,10361.099999999982,10257.419999999982
buy,high_vol,rsi,0.9999,14.0,21.0,0.98,sl,-14.0,-102.9,False,2024-10-01 16:00:00,10257.419999999982,10154.519999999982
buy,high_vol,rsi,1.0,14.7,22.049999999999997,0.92,sl,-14.7,-101.43,False,2024-10-01 16:15:00,10154.519999999982,10053.089999999982
buy,high_vol,rsi,1.0,16.3,24.450000000000003,0.82,sl,-16.3,-100.25,False,2024-10-01 16:30:00,10053.089999999982,9952.839999999982
buy,high_vol,rsi,1.0,16.9,25.349999999999998,0.79,sl,-16.9,-100.13,False,2024-10-01 16:45:00,9952.839999999982,9852.709999999983
sell,high_vol,rsi,0.9724,9.5,14.25,1.33,sl,-9.5,-94.76,False,2024-10-03 22:15:00,9852.709999999983,9757.949999999983
sell,high_vol,rsi,0.9597,9.5,14.25,1.29,timeout,1.3,12.58,True,2024-10-03 22:30:00,9757.949999999983,9770.529999999982
sell,high_vol,rsi,0.9586,9.5,14.25,1.29,timeout,3.4,32.9,True,2024-10-03 22:45:00,9770.529999999982,9803.429999999982
buy,high_vol,rsi,1.0,15.1,22.65,0.87,sl,-15.1,-98.53,False,2024-10-04 15:30:00,9803.429999999982,9704.899999999981
buy,high_vol,rsi,1.0,16.1,24.150000000000002,0.8,sl,-16.1,-96.6,False,2024-10-04 15:45:00,9704.899999999981,9608.299999999981
sell,high_vol,rsi,1.0,8.8,13.200000000000001,1.46,sl,-8.8,-96.36,False,2024-10-07 03:45:00,9608.299999999981,9511.93999999998
sell,low_vol,ema_flipped,0.8782,11.0,16.5,0.95,sl,-11.0,-78.38,False,2024-10-07 15:45:00,9511.93999999998,9433.559999999981
sell,high_vol,rsi,0.9932,11.2,16.799999999999997,1.11,sl,-11.2,-93.24,False,2024-10-07 16:30:00,9433.559999999981,9340.319999999982
sell,high_vol,rsi,0.9991,11.8,17.700000000000003,1.05,sl,-11.8,-92.92,False,2024-10-07 16:45:00,9340.319999999982,9247.399999999981
sell,high_vol,rsi,0.9999,12.2,18.299999999999997,1.01,sl,-12.2,-92.41,False,2024-10-07 17:00:00,9247.399999999981,9154.989999999982
sell,high_vol,rsi,1.0,12.9,19.35,0.95,sl,-12.9,-91.91,False,2024-10-07 17:15:00,9154.989999999982,9063.079999999982
sell,high_vol,rsi,1.0,12.7,19.049999999999997,0.95,sl,-12.7,-90.49,False,2024-10-07 17:30:00,9063.079999999982,8972.589999999982
sell,high_vol,rsi,1.0,12.9,19.35,0.93,sl,-12.9,-89.98,False,2024-10-07 17:45:00,8972.589999999982,8882.609999999982
sell,high_vol,rsi,1.0,13.1,19.65,0.9,sl,-13.1,-88.42,False,2024-10-07 18:00:00,8882.609999999982,8794.189999999982
sell,high_vol,rsi,1.0,13.2,19.799999999999997,0.89,sl,-13.2,-88.11,False,2024-10-07 18:15:00,8794.189999999982,8706.079999999982
sell,high_vol,rsi,1.0,9.0,13.5,1.29,tp,13.5,130.61,True,2024-10-08 10:30:00,8706.079999999982,8836.689999999982
sell,high_vol,rsi,0.9968,9.3,13.950000000000001,1.26,tp,13.95,131.83,True,2024-10-08 10:45:00,8836.689999999982,8968.519999999982
sell,high_vol,rsi,0.9955,10.0,15.0,1.19,tp,15.0,133.88,True,2024-10-08 11:00:00,8968.519999999982,9102.399999999981
sell,high_vol,rsi,0.9973,10.6,15.899999999999999,1.14,tp,15.9,135.94,True,2024-10-08 11:15:00,9102.399999999981,9238.339999999982
sell,high_vol,rsi,1.0,18.4,27.599999999999998,0.67,tp,27.6,138.69,True,2024-10-10 16:30:00,9238.339999999982,9377.029999999982
buy,high_vol,rsi,1.0,8.5,12.75,1.47,sl,-8.5,-93.71,False,2024-10-11 21:45:00,9377.029999999982,9283.319999999983
buy,low_vol,ema_flipped,0.7548,11.6,17.4,0.69,sl,-11.6,-60.03,False,2024-10-14 17:45:00,9283.319999999983,9223.289999999983
sell,low_vol,ema_flipped,0.9995,10.5,15.75,1.17,sl,-10.5,-92.14,False,2024-10-15 11:45:00,9223.289999999983,9131.149999999983
buy,high_vol,rsi,1.0,17.8,26.700000000000003,0.68,sl,-17.8,-90.78,False,2024-10-15 19:00:00,9131.149999999983,9040.369999999983
buy,high_vol,rsi,1.0,17.7,26.549999999999997,0.68,sl,-17.7,-90.27,False,2024-10-15 19:15:00,9040.369999999983,8950.099999999982
buy,high_vol,rsi,1.0,14.7,22.049999999999997,0.81,sl,-14.7,-89.3,False,2024-10-15 20:15:00,8950.099999999982,8860.799999999983
buy,high_vol,rsi,0.9143,12.5,18.75,0.83,sl,-12.5,-77.81,False,2024-10-16 18:45:00,8860.799999999983,8782.989999999983
buy,high_vol,rsi,0.8773,12.2,18.299999999999997,0.79,sl,-12.2,-72.28,False,2024-10-16 19:00:00,8782.989999999983,8710.709999999983
buy,high_vol,rsi,0.8119,11.8,17.700000000000003,0.72,sl,-11.8,-63.72,False,2024-10-16 19:15:00,8710.709999999983,8646.989999999983
buy,high_vol,rsi,0.766,12.1,18.15,0.63,sl,-12.1,-57.17,False,2024-10-16 19:30:00,8646.989999999983,8589.819999999983
buy,high_vol,rsi,0.6788,12.2,18.299999999999997,0.51,sl,-12.2,-46.66,False,2024-10-16 19:45:00,8589.819999999983,8543.159999999983
sell,low_vol,ema_flipped,0.6861,8.2,12.299999999999999,0.77,sl,-8.2,-47.36,False,2024-10-17 15:00:00,8543.159999999983,8495.799999999983
buy,high_vol,rsi,1.0,15.3,22.950000000000003,0.74,sl,-15.3,-84.92,False,2024-10-17 16:00:00,8495.799999999983,8410.879999999983
buy,high_vol,rsi,1.0,17.7,26.549999999999997,0.63,tp,26.55,125.45,True,2024-10-17 16:15:00,8410.879999999983,8536.329999999984
sell,low_vol,ema_flipped,1.0,5.9,8.850000000000001,1.93,sl,-5.9,-85.4,False,2024-10-18 07:00:00,8536.329999999984,8450.929999999984
sell,high_vol,rsi,0.9999,10.4,15.600000000000001,1.08,sl,-10.4,-84.24,False,2024-10-18 15:45:00,8450.929999999984,8366.689999999984
sell,high_vol,rsi,0.9999,10.2,15.299999999999999,1.09,sl,-10.2,-83.39,False,2024-10-18 16:00:00,8366.689999999984,8283.299999999985
buy,low_vol,ema_flipped,1.0,9.1,13.649999999999999,1.21,sl,-9.1,-82.58,False,2024-10-21 19:30:00,8283.299999999985,8200.719999999985
buy,high_vol,rsi,0.9912,11.6,17.4,0.93,timeout,9.5,66.26,True,2024-10-22 17:00:00,8200.719999999985,8266.979999999985
sell,high_vol,rsi,1.0,16.0,24.0,0.69,sl,-16.0,-82.8,False,2024-10-24 17:45:00,8266.979999999985,8184.179999999985
sell,high_vol,rsi,1.0,16.2,24.299999999999997,0.67,sl,-16.2,-81.4,False,2024-10-24 18:00:00,8184.179999999985,8102.779999999985
sell,high_vol,rsi,1.0,16.0,24.0,0.68,sl,-16.0,-81.6,False,2024-10-24 18:15:00,8102.779999999985,8021.179999999985
sell,high_vol,rsi,1.0,16.1,24.150000000000002,0.66,sl,-16.1,-79.69,False,2024-10-24 18:30:00,8021.179999999985,7941.489999999985
sell,high_vol,rsi,1.0,16.3,24.450000000000003,0.65,timeout,-6.2,-30.23,False,2024-10-24 18:45:00,7941.489999999985,7911.259999999986
sell,high_vol,rsi,1.0,16.0,24.0,0.66,timeout,0.5,2.48,True,2024-10-24 19:00:00,7911.259999999986,7913.739999999985
sell,high_vol,rsi,1.0,15.2,22.799999999999997,0.69,sl,-15.2,-78.66,False,2024-10-24 19:45:00,7913.739999999985,7835.079999999985
sell,high_vol,rsi,0.9998,14.4,21.6,0.73,sl,-14.4,-78.84,False,2024-10-24 20:00:00,7835.079999999985,7756.239999999985
sell,high_vol,rsi,0.9646,13.7,20.549999999999997,0.72,sl,-13.7,-73.98,False,2024-10-24 20:15:00,7756.239999999985,7682.259999999986
buy,high_vol,rsi,0.9994,5.0,7.5,2.05,sl,-5.0,-76.87,False,2024-10-25 04:15:00,7682.259999999986,7605.389999999986
buy,low_vol,ema_flipped,0.9997,8.8,13.200000000000001,1.15,sl,-8.8,-75.9,False,2024-10-29 11:30:00,7605.389999999986,7529.489999999986
sell,low_vol,ema_flipped,1.0,9.8,14.700000000000001,1.02,tp,14.7,112.46,True,2024-10-29 12:15:00,7529.489999999986,7641.949999999986
buy,low_vol,ema_flipped,0.9961,10.5,15.75,0.96,sl,-10.5,-75.6,False,2024-10-29 12:45:00,7641.949999999986,7566.349999999986
buy,high_vol,rsi,0.9905,11.6,17.4,0.86,tp,17.4,112.23,True,2024-10-29 15:30:00,7566.349999999986,7678.579999999985
buy,high_vol,rsi,0.9965,12.3,18.450000000000003,0.83,tp,18.45,114.85,True,2024-10-29 15:45:00,7678.579999999985,7793.429999999986
buy,high_vol,rsi,0.999,13.1,19.65,0.79,tp,19.65,116.43,True,2024-10-29 16:00:00,7793.429999999986,7909.859999999986
sell,high_vol,rsi,1.0,17.6,26.400000000000002,0.6,sl,-17.6,-79.2,False,2024-10-29 19:00:00,7909.859999999986,7830.659999999986
sell,high_vol,rsi,1.0,17.0,25.5,0.61,sl,-17.0,-77.78,False,2024-10-29 19:15:00,7830.659999999986,7752.8799999999865
sell,high_vol,rsi,1.0,16.5,24.75,0.63,sl,-16.5,-77.96,False,2024-10-29 19:30:00,7752.8799999999865,7674.919999999986
sell,high_vol,rsi,1.0,16.2,24.299999999999997,0.63,sl,-16.2,-76.54,False,2024-10-29 19:45:00,7674.919999999986,7598.3799999999865
sell,high_vol,rsi,1.0,15.8,23.700000000000003,0.64,sl,-15.8,-75.84,False,2024-10-29 20:15:00,7598.3799999999865,7522.539999999986
sell,high_vol,rsi,0.9968,14.5,21.75,0.69,sl,-14.5,-75.04,False,2024-10-29 20:30:00,7522.539999999986,7447.499999999986
sell,high_vol,rsi,1.0,7.2,10.8,1.38,tp,10.8,111.78,True,2024-10-30 11:00:00,7447.499999999986,7559.279999999986
sell,high_vol,rsi,0.9992,8.1,12.149999999999999,1.24,tp,12.15,112.99,True,2024-10-30 11:15:00,7559.279999999986,7672.269999999986
sell,high_vol,rsi,1.0,17.9,26.849999999999998,0.57,timeout,25.6,109.44,True,2024-10-30 18:45:00,7672.269999999986,7781.7099999999855
sell,high_vol,rsi,1.0,17.3,25.950000000000003,0.6,tp,25.95,116.77,True,2024-10-30 19:00:00,7781.7099999999855,7898.479999999986
sell,high_vol,rsi,1.0,16.5,24.75,0.64,tp,24.75,118.8,True,2024-10-30 19:15:00,7898.479999999986,8017.279999999986
sell,high_vol,rsi,1.0,16.1,24.150000000000002,0.66,tp,24.15,119.54,True,2024-10-30 19:30:00,8017.279999999986,8136.819999999986
sell,high_vol,rsi,1.0,15.9,23.85,0.68,tp,23.85,121.64,True,2024-10-30 19:45:00,8136.819999999986,8258.459999999986
sell,high_vol,rsi,1.0,15.5,23.25,0.71,tp,23.25,123.81,True,2024-10-30 20:00:00,8258.459999999986,8382.269999999986
sell,high_vol,rsi,1.0,14.6,21.9,0.77,tp,21.9,126.47,True,2024-10-30 20:15:00,8382.269999999986,8508.739999999985
sell,high_vol,rsi,0.9996,13.4,20.1,0.85,tp,20.1,128.14,True,2024-10-31 23:45:00,8508.739999999985,8636.879999999985
sell,high_vol,rsi,0.9998,11.9,17.85,0.97,tp,17.85,129.86,True,2024-11-01 00:45:00,8636.879999999985,8766.739999999985
buy,low_vol,ema_flipped,0.9991,8.8,13.200000000000001,1.33,sl,-8.8,-87.78,False,2024-11-05 23:00:00,8766.739999999985,8678.959999999985
buy,high_vol,rsi,1.0,28.6,42.900000000000006,0.4,sl,-28.6,-85.8,False,2024-11-06 04:00:00,8678.959999999985,8593.159999999985
buy,high_vol,rsi,1.0,32.4,48.599999999999994,0.35,sl,-32.4,-85.05,False,2024-11-06 04:15:00,8593.159999999985,8508.109999999986
buy,high_vol,rsi,1.0,35.0,52.5,0.32,sl,-35.0,-84.0,False,2024-11-06 04:30:00,8508.109999999986,8424.109999999986
buy,high_vol,rsi,1.0,36.5,54.75,0.31,sl,-36.5,-84.86,False,2024-11-06 04:45:00,8424.109999999986,8339.249999999985
buy,high_vol,rsi,1.0,38.5,57.75,0.29,sl,-38.5,-83.74,False,2024-11-06 05:00:00,8339.249999999985,8255.509999999986
buy,high_vol,rsi,1.0,38.3,57.449999999999996,0.29,sl,-38.3,-83.3,False,2024-11-06 05:15:00,8255.509999999986,8172.2099999999855
buy,high_vol,rsi,1.0,38.6,57.900000000000006,0.28,tp,57.9,121.59,True,2024-11-06 05:30:00,8172.2099999999855,8293.799999999985
buy,high_vol,rsi,1.0,22.0,33.0,0.5,sl,-22.0,-82.5,False,2024-11-06 13:30:00,8293.799999999985,8211.299999999985
buy,high_vol,rsi,1.0,21.2,31.799999999999997,0.52,sl,-21.2,-82.68,False,2024-11-06 13:45:00,8211.299999999985,8128.619999999984
buy,high_vol,rsi,1.0,21.4,32.099999999999994,0.51,sl,-21.4,-81.86,False,2024-11-06 14:00:00,8128.619999999984,8046.759999999985
buy,high_vol,rsi,1.0,21.4,32.099999999999994,0.5,sl,-21.4,-80.25,False,2024-11-06 14:15:00,8046.759999999985,7966.509999999985
buy,high_vol,rsi,1.0,22.6,33.900000000000006,0.47,tp,33.9,119.5,True,2024-11-06 14:30:00,7966.509999999985,8086.009999999985
buy,high_vol,rsi,1.0,22.7,34.05,0.47,tp,34.05,120.03,True,2024-11-06 14:45:00,8086.009999999985,8206.039999999985
sell,high_vol,rsi,1.0,29.7,44.55,0.37,sl,-29.7,-82.42,False,2024-11-06 18:00:00,8206.039999999985,8123.619999999984
buy,high_vol,rsi,1.0,12.4,18.6,0.87,tp,18.6,121.36,True,2024-11-07 00:00:00,8123.619999999984,8244.979999999985
buy,high_vol,rsi,1.0,12.2,18.299999999999997,0.9,tp,18.3,123.52,True,2024-11-07 05:15:00,8244.979999999985,8368.499999999985
buy,high_vol,rsi,1.0,11.9,17.85,0.94,tp,17.85,125.84,True,2024-11-07 05:30:00,8368.499999999985,8494.339999999986
buy,high_vol,rsi,0.9999,11.4,17.1,0.99,tp,17.1,126.97,True,2024-11-07 05:45:00,8494.339999999986,8621.309999999985
buy,high_vol,rsi,0.9997,11.5,17.25,1.0,tp,17.25,129.37,True,2024-11-07 06:00:00,8621.309999999985,8750.679999999986
buy,high_vol,rsi,1.0,10.7,16.049999999999997,1.09,tp,16.05,131.21,True,2024-11-07 06:30:00,8750.679999999986,8881.889999999985
sell,high_vol,rsi,1.0,14.9,22.35,0.79,sl,-14.9,-88.28,False,2024-11-07 15:15:00,8881.889999999985,8793.609999999984
sell,high_vol,rsi,1.0,15.1,22.65,0.78,sl,-15.1,-88.33,False,2024-11-07 15:30:00,8793.609999999984,8705.279999999984
sell,high_vol,rsi,1.0,14.5,21.75,0.8,sl,-14.5,-87.0,False,2024-11-07 15:45:00,8705.279999999984,8618.279999999984
sell,high_vol,rsi,1.0,15.1,22.65,0.76,sl,-15.1,-86.07,False,2024-11-07 16:15:00,8618.279999999984,8532.209999999985
sell,high_vol,rsi,1.0,17.2,25.799999999999997,0.66,tp,25.8,127.71,True,2024-11-07 16:30:00,8532.209999999985,8659.919999999984
buy,high_vol,rsi,1.0,19.5,29.25,0.59,tp,29.25,129.43,True,2024-11-08 19:15:00,8659.919999999984,8789.349999999984
buy,high_vol,rsi,1.0,19.5,29.25,0.6,tp,29.25,131.63,True,2024-11-08 19:30:00,8789.349999999984,8920.979999999983
buy,high_vol,rsi,1.0,20.0,30.0,0.59,sl,-20.0,-88.5,False,2024-11-08 19:45:00,8920.979999999983,8832.479999999983
buy,high_vol,rsi,1.0,27.5,41.25,0.43,timeout,-3.6,-11.61,False,2024-11-13 19:30:00,8832.479999999983,8820.869999999983
buy,high_vol,rsi,0.9995,12.4,18.6,0.95,sl,-12.4,-88.35,False,2024-11-14 11:00:00,8820.869999999983,8732.519999999982
buy,high_vol,rsi,1.0,13.0,19.5,0.9,sl,-13.0,-87.75,False,2024-11-14 11:15:00,8732.519999999982,8644.769999999982
buy,high_vol,rsi,1.0,13.4,20.1,0.86,sl,-13.4,-86.43,False,2024-11-14 11:30:00,8644.769999999982,8558.339999999982
buy,high_vol,rsi,1.0,13.7,20.549999999999997,0.83,sl,-13.7,-85.28,False,2024-11-14 11:45:00,8558.339999999982,8473.059999999981
buy,high_vol,rsi,1.0,14.1,21.15,0.8,sl,-14.1,-84.6,False,2024-11-14 12:00:00,8473.059999999981,8388.459999999981
buy,high_vol,rsi,0.9995,13.4,20.1,0.83,sl,-13.4,-83.41,False,2024-11-14 12:15:00,8388.459999999981,8305.049999999981
buy,high_vol,rsi,1.0,13.8,20.700000000000003,0.8,sl,-13.8,-82.8,False,2024-11-14 12:30:00,8305.049999999981,8222.249999999982
buy,high_vol,rsi,0.9999,13.9,20.85,0.79,sl,-13.9,-82.36,False,2024-11-14 12:45:00,8222.249999999982,8139.889999999982
buy,high_vol,rsi,1.0,14.6,21.9,0.74,tp,21.9,121.54,True,2024-11-14 13:00:00,8139.889999999982,8261.429999999982
buy,high_vol,rsi,1.0,15.1,22.65,0.73,tp,22.65,124.01,True,2024-11-14 13:15:00,8261.429999999982,8385.439999999982
sell,high_vol,rsi,1.0,20.3,30.450000000000003,0.55,sl,-20.3,-83.74,False,2024-11-14 16:30:00,8385.439999999982,8301.699999999983
sell,high_vol,rsi,1.0,20.1,30.150000000000002,0.55,sl,-20.1,-82.91,False,2024-11-14 16:45:00,8301.699999999983,8218.789999999983
sell,high_vol,rsi,1.0,21.1,31.650000000000002,0.52,tp,31.65,123.44,True,2024-11-14 17:00:00,8218.789999999983,8342.229999999983
sell,high_vol,rsi,1.0,21.9,32.849999999999994,0.51,tp,32.85,125.65,True,2024-11-14 17:15:00,8342.229999999983,8467.879999999983
sell,high_vol,rsi,1.0,22.7,34.05,0.5,tp,34.05,127.69,True,2024-11-14 17:30:00,8467.879999999983,8595.569999999983
buy,high_vol,rsi,1.0,12.6,18.9,0.91,tp,18.9,128.99,True,2024-11-14 22:00:00,8595.569999999983,8724.559999999983
buy,high_vol,rsi,1.0,12.6,18.9,0.92,tp,18.9,130.41,True,2024-11-14 22:15:00,8724.559999999983,8854.969999999983
sell,high_vol,rsi,0.9995,9.0,13.5,1.31,sl,-9.0,-88.42,False,2024-11-15 09:15:00,8854.969999999983,8766.549999999983
sell,high_vol,rsi,0.9958,10.1,15.149999999999999,1.15,sl,-10.1,-87.11,False,2024-11-15 09:45:00,8766.549999999983,8679.439999999982
sell,high_vol,rsi,1.0,11.0,16.5,1.05,sl,-11.0,-86.63,False,2024-11-15 10:00:00,8679.439999999982,8592.809999999983
sell,high_vol,rsi,0.9995,11.2,16.799999999999997,1.02,sl,-11.2,-85.68,False,2024-11-15 10:15:00,8592.809999999983,8507.129999999983
sell,high_vol,rsi,1.0,11.4,17.1,0.99,tp,17.1,126.97,True,2024-11-15 10:30:00,8507.129999999983,8634.099999999982
sell,high_vol,rsi,0.9999,11.8,17.700000000000003,0.98,sl,-11.8,-86.73,False,2024-11-15 10:45:00,8634.099999999982,8547.369999999983
sell,high_vol,rsi,1.0,12.5,18.75,0.91,sl,-12.5,-85.31,False,2024-11-15 11:00:00,8547.369999999983,8462.059999999983
buy,low_vol,ema_flipped,0.9441,11.5,17.25,0.9,sl,-11.5,-77.62,False,2024-11-18 20:45:00,8462.059999999983,8384.439999999982
buy,low_vol,ema_flipped,0.9999,9.4,14.100000000000001,1.19,tp,14.1,125.84,True,2024-11-18 22:30:00,8384.439999999982,8510.279999999982
sell,low_vol,ema_flipped,0.992,9.9,14.850000000000001,1.13,tp,14.85,125.85,True,2024-11-18 23:30:00,8510.279999999982,8636.129999999983
buy,low_vol,ema_flipped,1.0,5.9,8.850000000000001,1.95,sl,-5.9,-86.29,False,2024-11-19 06:15:00,8636.129999999983,8549.839999999982
buy,high_vol,rsi,1.0,19.7,29.549999999999997,0.58,tp,29.55,128.54,True,2024-11-19 11:15:00,8549.839999999982,8678.379999999983
buy,high_vol,rsi,0.9195,6.3,9.45,1.63,sl,-6.3,-77.02,False,2024-11-20 08:45:00,8678.379999999983,8601.359999999982
buy,high_vol,rsi,0.9997,7.0,10.5,1.64,sl,-7.0,-86.1,False,2024-11-20 09:00:00,8601.359999999982,8515.259999999982
buy,high_vol,rsi,1.0,7.9,11.850000000000001,1.44,sl,-7.9,-85.32,False,2024-11-20 09:15:00,8515.259999999982,8429.939999999982
buy,high_vol,rsi,1.0,10.9,16.35,1.03,timeout,0.6,4.63,True,2024-11-20 10:00:00,8429.939999999982,8434.569999999982
buy,high_vol,rsi,1.0,12.6,18.9,0.89,timeout,7.2,48.06,True,2024-11-20 10:30:00,8434.569999999982,8482.629999999981
buy,high_vol,rsi,0.9977,6.9,10.350000000000001,1.63,sl,-6.9,-84.35,False,2024-11-21 09:15:00,8482.629999999981,8398.27999999998
buy,high_vol,rsi,0.9994,7.3,10.95,1.53,sl,-7.3,-83.77,False,2024-11-21 09:30:00,8398.27999999998,8314.50999999998
buy,high_vol,rsi,0.9878,7.4,11.100000000000001,1.47,sl,-7.4,-81.58,False,2024-11-21 09:45:00,8314.50999999998,8232.92999999998
buy,high_vol,rsi,0.991,8.0,12.0,1.35,sl,-8.0,-81.0,False,2024-11-21 10:00:00,8232.92999999998,8151.92999999998
buy,high_vol,rsi,1.0,9.1,13.649999999999999,1.19,tp,13.65,121.83,True,2024-11-21 10:15:00,8151.92999999998,8273.75999999998
buy,high_vol,rsi,1.0,23.9,35.849999999999994,0.46,sl,-23.9,-82.45,False,2024-11-21 18:30:00,8273.75999999998,8191.30999999998
buy,high_vol,rsi,1.0,24.3,36.45,0.45,sl,-24.3,-82.01,False,2024-11-21 18:45:00,8191.30999999998,8109.29999999998
buy,high_vol,rsi,1.0,23.8,35.7,0.45,tp,35.7,120.49,True,2024-11-21 19:00:00,8109.29999999998,8229.78999999998
buy,high_vol,rsi,1.0,24.0,36.0,0.46,sl,-24.0,-82.8,False,2024-11-21 19:15:00,8229.78999999998,8146.989999999981
buy,high_vol,rsi,1.0,23.6,35.400000000000006,0.46,sl,-23.6,-81.42,False,2024-11-21 19:30:00,8146.989999999981,8065.569999999981
buy,high_vol,rsi,1.0,23.0,34.5,0.47,sl,-23.0,-81.07,False,2024-11-21 20:00:00,8065.569999999981,7984.499999999981
buy,high_vol,rsi,1.0,22.0,33.0,0.48,sl,-22.0,-79.2,False,2024-11-21 20:15:00,7984.499999999981,7905.299999999981
buy,high_vol,rsi,1.0,30.6,45.900000000000006,0.34,tp,45.9,117.05,True,2024-11-22 11:00:00,7905.299999999981,8022.349999999981
sell,high_vol,rsi,1.0,19.4,29.099999999999998,0.55,sl,-19.4,-80.03,False,2024-11-25 01:00:00,8022.349999999981,7942.3199999999815
sell,high_vol,rsi,1.0,20.9,31.349999999999998,0.51,tp,31.35,119.91,True,2024-11-25 01:15:00,7942.3199999999815,8062.229999999981
sell,high_vol,rsi,0.9196,18.0,27.0,0.53,sl,-18.0,-71.55,False,2024-11-25 13:15:00,8062.229999999981,7990.679999999981
sell,high_vol,rsi,1.0,16.1,24.150000000000002,0.66,sl,-16.1,-79.69,False,2024-11-25 15:15:00,7990.679999999981,7910.989999999982
sell,high_vol,rsi,0.9959,16.5,24.75,0.64,sl,-16.5,-79.2,False,2024-11-25 15:30:00,7910.989999999982,7831.789999999982
sell,high_vol,rsi,0.9997,17.8,26.700000000000003,0.59,tp,26.7,118.15,True,2024-11-25 15:45:00,7831.789999999982,7949.939999999981
sell,high_vol,rsi,0.9982,18.1,27.150000000000002,0.58,tp,27.15,118.1,True,2024-11-25 16:00:00,7949.939999999981,8068.039999999982
sell,high_vol,rsi,0.9968,18.5,27.75,0.58,tp,27.75,120.71,True,2024-11-25 16:15:00,8068.039999999982,8188.749999999982
sell,high_vol,rsi,1.0,25.1,37.650000000000006,0.43,tp,37.65,121.42,True,2024-11-26 02:00:00,8188.749999999982,8310.169999999982
sell,high_vol,rsi,1.0,28.4,42.599999999999994,0.39,sl,-28.4,-83.07,False,2024-11-26 02:15:00,8310.169999999982,8227.099999999982
sell,high_vol,rsi,1.0,29.3,43.95,0.37,sl,-29.3,-81.31,False,2024-11-26 02:30:00,8227.099999999982,8145.789999999982
sell,high_vol,rsi,1.0,31.2,46.8,0.35,sl,-31.2,-81.9,False,2024-11-26 02:45:00,8145.789999999982,8063.889999999982
sell,high_vol,rsi,1.0,32.9,49.349999999999994,0.33,sl,-32.9,-81.43,False,2024-11-26 03:00:00,8063.889999999982,7982.459999999982
sell,high_vol,rsi,1.0,33.8,50.699999999999996,0.31,sl,-33.8,-78.58,False,2024-11-26 03:15:00,7982.459999999982,7903.879999999982
sell,high_vol,rsi,1.0,34.1,51.150000000000006,0.31,sl,-34.1,-79.28,False,2024-11-26 03:30:00,7903.879999999982,7824.599999999982
sell,high_vol,rsi,1.0,34.5,51.75,0.3,sl,-34.5,-77.62,False,2024-11-26 03:45:00,7824.599999999982,7746.979999999982
sell,high_vol,rsi,1.0,35.2,52.800000000000004,0.29,sl,-35.2,-76.56,False,2024-11-26 04:00:00,7746.979999999982,7670.419999999982
sell,high_vol,rsi,1.0,36.7,55.050000000000004,0.28,sl,-36.7,-77.07,False,2024-11-26 04:15:00,7670.419999999982,7593.349999999982
sell,high_vol,rsi,1.0,37.1,55.650000000000006,0.27,sl,-37.1,-75.13,False,2024-11-26 04:30:00,7593.349999999982,7518.219999999982
buy,high_vol,rsi,1.0,26.7,40.05,0.38,tp,40.05,114.14,True,2024-11-26 17:45:00,7518.219999999982,7632.359999999982
buy,high_vol,rsi,1.0,27.1,40.650000000000006,0.38,tp,40.65,115.85,True,2024-11-26 18:00:00,7632.359999999982,7748.209999999983
buy,high_vol,rsi,1.0,26.6,39.900000000000006,0.39,tp,39.9,116.71,True,2024-11-26 18:15:00,7748.209999999983,7864.919999999983
buy,high_vol,rsi,1.0,27.0,40.5,0.39,tp,40.5,118.46,True,2024-11-26 18:30:00,7864.919999999983,7983.379999999983
buy,high_vol,rsi,1.0,26.5,39.75,0.4,tp,39.75,119.25,True,2024-11-26 18:45:00,7983.379999999983,8102.629999999983
buy,high_vol,rsi,1.0,27.2,40.8,0.4,tp,40.8,122.4,True,2024-11-26 19:00:00,8102.629999999983,8225.029999999982
buy,high_vol,rsi,1.0,27.3,40.95,0.4,tp,40.95,122.85,True,2024-11-26 19:15:00,8225.029999999982,8347.879999999983
buy,high_vol,rsi,1.0,27.1,40.650000000000006,0.41,tp,40.65,125.0,True,2024-11-26 19:30:00,8347.879999999983,8472.879999999983
sell,low_vol,ema_flipped,0.9996,9.2,13.799999999999999,1.23,sl,-9.2,-84.87,False,2024-11-27 09:30:00,8472.879999999983,8388.009999999982
sell,high_vol,rsi,1.0,14.4,21.6,0.78,tp,21.6,126.36,True,2024-11-27 10:15:00,8388.009999999982,8514.369999999983
sell,high_vol,rsi,0.9934,15.4,23.1,0.73,sl,-15.4,-84.32,False,2024-11-27 10:30:00,8514.369999999983,8430.049999999983
sell,high_vol,rsi,1.0,20.9,31.349999999999998,0.54,tp,31.35,126.97,True,2024-11-27 15:45:00,8430.049999999983,8557.019999999982
buy,low_vol,ema_flipped,1.0,6.8,10.2,1.68,sl,-6.8,-85.68,False,2024-11-28 08:45:00,8557.019999999982,8471.339999999982
sell,low_vol,ema_flipped,1.0,5.0,7.5,2.26,tp,7.5,127.13,True,2024-11-28 22:45:00,8471.339999999982,8598.469999999981
sell,low_vol,ema_flipped,0.997,16.0,24.0,0.71,sl,-16.0,-85.2,False,2024-12-03 12:30:00,8598.469999999981,8513.26999999998
buy,low_vol,ema_flipped,0.9998,15.2,22.799999999999997,0.75,sl,-15.2,-85.5,False,2024-12-04 13:15:00,8513.26999999998,8427.76999999998
sell,low_vol,ema_flipped,0.9999,14.4,21.6,0.78,tp,21.6,126.36,True,2024-12-04 13:30:00,8427.76999999998,8554.129999999981
buy,low_vol,ema_flipped,0.9997,14.3,21.450000000000003,0.8,sl,-14.3,-85.8,False,2024-12-04 13:45:00,8554.129999999981,8468.329999999982
sell,high_vol,rsi,1.0,24.0,36.0,0.47,tp,36.0,126.9,True,2024-12-04 18:15:00,8468.329999999982,8595.229999999981
sell,high_vol,rsi,1.0,24.5,36.75,0.47,tp,36.75,129.54,True,2024-12-04 19:00:00,8595.229999999981,8724.769999999982
sell,high_vol,rsi,1.0,24.5,36.75,0.47,tp,36.75,129.54,True,2024-12-04 19:15:00,8724.769999999982,8854.309999999983
sell,high_vol,rsi,1.0,24.7,37.05,0.48,tp,37.05,133.38,True,2024-12-04 19:30:00,8854.309999999983,8987.689999999982
sell,high_vol,rsi,0.9874,18.5,27.75,0.64,sl,-18.5,-88.8,False,2024-12-05 16:15:00,8987.689999999982,8898.889999999983
sell,high_vol,rsi,0.6684,13.8,20.700000000000003,0.45,sl,-13.8,-46.57,False,2024-12-06 15:15:00,8898.889999999983,8852.319999999983
sell,high_vol,rsi,1.0,19.4,29.099999999999998,0.61,tp,29.1,133.13,True,2024-12-06 15:30:00,8852.319999999983,8985.449999999983
sell,high_vol,rsi,1.0,21.1,31.650000000000002,0.57,tp,31.65,135.3,True,2024-12-06 15:45:00,8985.449999999983,9120.749999999982
buy,low_vol,ema_flipped,0.9997,13.6,20.4,0.89,sl,-13.6,-90.78,False,2024-12-10 12:15:00,9120.749999999982,9029.969999999981
sell,high_vol,rsi,0.8494,9.4,14.100000000000001,1.01,timeout,1.5,11.36,True,2024-12-11 00:00:00,9029.969999999981,9041.329999999982
sell,high_vol,rsi,0.8736,10.6,15.899999999999999,0.93,timeout,5.2,36.27,True,2024-12-11 00:15:00,9041.329999999982,9077.599999999982
sell,high_vol,rsi,0.9965,17.3,25.950000000000003,0.7,sl,-17.3,-90.83,False,2024-12-13 14:30:00,9077.599999999982,8986.769999999982
sell,high_vol,rsi,0.9666,19.2,28.799999999999997,0.59,tp,28.8,127.44,True,2024-12-13 15:00:00,8986.769999999982,9114.209999999983
sell,high_vol,rsi,0.9987,12.9,19.35,0.94,tp,19.35,136.42,True,2024-12-16 03:30:00,9114.209999999983,9250.629999999983
buy,low_vol,ema_flipped,0.9934,17.2,25.799999999999997,0.71,tp,25.8,137.39,True,2024-12-18 17:45:00,9250.629999999983,9388.019999999982
buy,high_vol,rsi,0.9999,16.8,25.200000000000003,0.74,sl,-16.8,-93.24,False,2024-12-19 14:30:00,9388.019999999982,9294.779999999982
buy,high_vol,rsi,1.0,17.7,26.549999999999997,0.7,sl,-17.7,-92.93,False,2024-12-19 14:45:00,9294.779999999982,9201.849999999982
buy,high_vol,rsi,1.0,18.7,28.049999999999997,0.66,sl,-18.7,-92.57,False,2024-12-19 15:00:00,9201.849999999982,9109.279999999982
sell,low_vol,ema_flipped,0.9999,14.7,22.049999999999997,0.83,sl,-14.7,-91.51,False,2024-12-20 14:00:00,9109.279999999982,9017.769999999982
sell,high_vol,rsi,1.0,20.0,30.0,0.6,timeout,26.6,119.7,True,2024-12-20 20:30:00,9017.769999999982,9137.469999999983
sell,high_vol,rsi,0.9992,19.7,29.549999999999997,0.62,timeout,25.7,119.5,True,2024-12-20 20:45:00,9137.469999999983,9256.969999999983
sell,high_vol,rsi,0.7848,18.9,28.349999999999998,0.45,timeout,23.2,78.3,True,2024-12-20 21:00:00,9256.969999999983,9335.269999999982
sell,high_vol,rsi,0.6515,17.3,25.950000000000003,0.36,sl,-17.3,-46.71,False,2024-12-20 21:15:00,9335.269999999982,9288.559999999983
buy,low_vol,ema_flipped,0.9628,13.1,19.65,0.9,tp,19.65,132.64,True,2024-12-23 15:00:00,9288.559999999983,9421.199999999983
sell,low_vol,ema_flipped,1.0,11.8,17.700000000000003,1.06,sl,-11.8,-93.81,False,2024-12-24 13:15:00,9421.199999999983,9327.389999999983
sell,low_vol,ema_flipped,1.0,6.6,9.899999999999999,1.88,sl,-6.6,-93.06,False,2024-12-26 10:00:00,9327.389999999983,9234.329999999984
buy,high_vol,rsi,1.0,6.3,9.45,1.95,sl,-6.3,-92.14,False,2024-12-27 04:30:00,9234.329999999984,9142.189999999984
buy,high_vol,rsi,0.9993,6.3,9.45,1.93,sl,-6.3,-91.19,False,2024-12-27 04:45:00,9142.189999999984,9050.999999999984
buy,low_vol,ema_flipped,1.0,7.9,11.850000000000001,1.53,sl,-7.9,-90.65,False,2024-12-30 05:45:00,9050.999999999984,8960.349999999984
buy,high_vol,rsi,1.0,19.7,29.549999999999997,0.61,tp,29.55,135.19,True,2024-12-30 20:00:00,8960.349999999984,9095.539999999985
buy,high_vol,rsi,1.0,19.2,28.799999999999997,0.63,sl,-19.2,-90.72,False,2024-12-30 20:15:00,9095.539999999985,9004.819999999985
buy,high_vol,rsi,1.0,18.2,27.299999999999997,0.66,sl,-18.2,-90.09,False,2024-12-30 20:30:00,9004.819999999985,8914.729999999985
buy,high_vol,rsi,1.0,17.7,26.549999999999997,0.67,sl,-17.7,-88.94,False,2024-12-30 20:45:00,8914.729999999985,8825.789999999985
sell,high_vol,rsi,1.0,8.2,12.299999999999999,1.44,sl,-8.2,-88.56,False,2024-12-31 03:30:00,8825.789999999985,8737.229999999985
sell,low_vol,ema_flipped,0.9988,14.3,21.450000000000003,0.81,tp,21.45,130.31,True,2024-12-31 12:45:00,8737.229999999985,8867.539999999985
sell,low_vol,ema_flipped,0.9962,13.8,20.700000000000003,0.85,tp,20.7,131.96,True,2025-01-02 11:30:00,8867.539999999985,8999.499999999984
buy,high_vol,rsi,1.0,20.9,31.349999999999998,0.57,sl,-20.9,-89.35,False,2025-01-02 17:15:00,8999.499999999984,8910.149999999983
buy,high_vol,rsi,1.0,21.5,32.25,0.55,sl,-21.5,-88.69,False,2025-01-02 17:30:00,8910.149999999983,8821.459999999983
buy,high_vol,rsi,1.0,24.0,36.0,0.49,sl,-24.0,-88.2,False,2025-01-02 17:45:00,8821.459999999983,8733.259999999982
buy,high_vol,rsi,1.0,29.9,44.849999999999994,0.39,tp,44.85,131.19,True,2025-01-02 18:30:00,8733.259999999982,8864.449999999983
buy,high_vol,rsi,1.0,30.7,46.05,0.38,sl,-30.7,-87.49,False,2025-01-02 18:45:00,8864.449999999983,8776.959999999983
buy,high_vol,rsi,1.0,32.0,48.0,0.37,tp,48.0,133.2,True,2025-01-02 19:00:00,8776.959999999983,8910.159999999983
buy,high_vol,rsi,1.0,31.5,47.25,0.38,tp,47.25,134.66,True,2025-01-02 19:15:00,8910.159999999983,9044.819999999983
buy,high_vol,rsi,1.0,31.9,47.849999999999994,0.38,tp,47.85,136.37,True,2025-01-02 19:45:00,9044.819999999983,9181.189999999984
sell,low_vol,ema_flipped,0.9906,12.7,19.049999999999997,0.95,sl,-12.7,-90.49,False,2025-01-03 15:00:00,9181.189999999984,9090.699999999984
buy,low_vol,ema_flipped,0.9992,8.7,13.049999999999999,1.39,tp,13.05,136.05,True,2025-01-06 08:45:00,9090.699999999984,9226.749999999984
sell,low_vol,ema_flipped,0.8344,11.0,16.5,0.85,sl,-11.0,-70.13,False,2025-01-06 09:45:00,9226.749999999984,9156.619999999984
buy,high_vol,rsi,0.9626,14.3,21.450000000000003,0.81,sl,-14.3,-86.87,False,2025-01-06 21:30:00,9156.619999999984,9069.749999999984
buy,high_vol,rsi,0.9238,14.8,22.200000000000003,0.73,sl,-14.8,-81.03,False,2025-01-06 21:45:00,9069.749999999984,8988.719999999983
buy,low_vol,ema_flipped,1.0,6.7,10.05,1.79,tp,10.05,134.92,True,2025-01-07 06:45:00,8988.719999999983,9123.639999999983
sell,low_vol,ema_flipped,1.0,5.7,8.55,2.13,sl,-5.7,-91.06,False,2025-01-07 07:30:00,9123.639999999983,9032.579999999984
buy,low_vol,ema_flipped,1.0,6.1,9.149999999999999,1.97,tp,9.15,135.19,True,2025-01-07 07:45:00,9032.579999999984,9167.769999999984
sell,low_vol,ema_flipped,1.0,6.6,9.899999999999999,1.85,sl,-6.6,-91.58,False,2025-01-07 08:00:00,9167.769999999984,9076.189999999984
sell,low_vol,ema_flipped,0.9998,12.6,18.9,0.96,tp,18.9,136.08,True,2025-01-09 16:15:00,9076.189999999984,9212.269999999984
buy,low_vol,ema_flipped,0.9999,13.4,20.1,0.92,tp,20.1,138.69,True,2025-01-09 19:00:00,9212.269999999984,9350.959999999985
sell,low_vol,ema_flipped,1.0,7.3,10.95,1.71,sl,-7.3,-93.62,False,2025-01-10 03:45:00,9350.959999999985,9257.339999999984
buy,high_vol,rsi,1.0,23.6,35.400000000000006,0.52,sl,-23.6,-92.04,False,2025-01-10 15:45:00,9257.339999999984,9165.299999999983
buy,high_vol,rsi,1.0,24.7,37.05,0.49,sl,-24.7,-90.77,False,2025-01-10 16:00:00,9165.299999999983,9074.529999999982
buy,high_vol,rsi,1.0,26.4,39.599999999999994,0.46,tp,39.6,136.62,True,2025-01-10 16:15:00,9074.529999999982,9211.149999999983
sell,low_vol,ema_flipped,0.9999,8.3,12.450000000000001,1.48,tp,12.45,138.19,True,2025-01-14 09:00:00,9211.149999999983,9349.339999999984
buy,high_vol,rsi,1.0,20.8,31.200000000000003,0.6,tp,31.2,140.4,True,2025-01-15 19:15:00,9349.339999999984,9489.739999999983
buy,high_vol,rsi,1.0,20.4,30.599999999999998,0.62,tp,30.6,142.29,True,2025-01-15 19:30:00,9489.739999999983,9632.029999999984
buy,high_vol,rsi,1.0,20.1,30.150000000000002,0.64,tp,30.15,144.72,True,2025-01-15 19:45:00,9632.029999999984,9776.749999999984
buy,high_vol,rsi,1.0,19.8,29.700000000000003,0.66,tp,29.7,147.01,True,2025-01-15 20:00:00,9776.749999999984,9923.759999999984
buy,high_vol,rsi,0.999,18.5,27.75,0.71,tp,27.75,147.77,True,2025-01-15 20:45:00,9923.759999999984,10071.529999999984
buy,high_vol,rsi,0.9351,17.4,26.099999999999998,0.7,tp,26.1,137.03,True,2025-01-15 21:00:00,10071.529999999984,10208.559999999985
sell,low_vol,ema_flipped,1.0,5.7,8.55,2.39,sl,-5.7,-102.17,False,2025-01-16 08:15:00,10208.559999999985,10106.389999999985
sell,high_vol,rsi,1.0,39.8,59.699999999999996,0.34,timeout,-7.5,-19.13,False,2025-01-21 03:30:00,10106.389999999985,10087.259999999986
sell,high_vol,rsi,1.0,39.9,59.849999999999994,0.34,timeout,-5.3,-13.52,False,2025-01-21 03:45:00,10087.259999999986,10073.739999999985
buy,low_vol,ema_flipped,0.819,13.4,20.1,0.74,sl,-13.4,-74.37,False,2025-01-21 23:15:00,10073.739999999985,9999.369999999984
sell,low_vol,ema_flipped,0.982,16.1,24.150000000000002,0.81,sl,-16.1,-97.81,False,2025-01-22 11:45:00,9999.369999999984,9901.559999999985
sell,low_vol,ema_flipped,0.9999,10.8,16.200000000000003,1.22,tp,16.2,148.23,True,2025-01-23 23:30:00,9901.559999999985,10049.789999999985
sell,high_vol,rsi,0.987,16.6,24.900000000000002,0.79,sl,-16.6,-98.35,False,2025-01-24 10:45:00,10049.789999999985,9951.439999999984
sell,high_vol,rsi,0.9882,17.5,26.25,0.75,tp,26.25,147.66,True,2025-01-24 11:00:00,9951.439999999984,10099.099999999984
sell,high_vol,rsi,0.9939,17.9,26.849999999999998,0.75,tp,26.85,151.03,True,2025-01-24 11:15:00,10099.099999999984,10250.129999999985
sell,high_vol,rsi,0.9968,18.5,27.75,0.74,tp,27.75,154.01,True,2025-01-24 11:30:00,10250.129999999985,10404.139999999985
sell,high_vol,rsi,1.0,22.5,33.75,0.62,timeout,-9.1,-42.32,False,2025-01-24 18:45:00,10404.139999999985,10361.819999999985
sell,high_vol,rsi,1.0,22.2,33.3,0.62,tp,33.3,154.85,True,2025-01-24 19:00:00,10361.819999999985,10516.669999999986
sell,high_vol,rsi,1.0,21.9,32.849999999999994,0.64,timeout,-9.9,-47.52,False,2025-01-24 19:15:00,10516.669999999986,10469.149999999985
sell,high_vol,rsi,1.0,20.2,30.299999999999997,0.69,tp,30.3,156.8,True,2025-01-24 19:30:00,10469.149999999985,10625.949999999984
sell,high_vol,rsi,1.0,19.5,29.25,0.73,tp,29.25,160.14,True,2025-01-24 19:45:00,10625.949999999984,10786.089999999984
sell,high_vol,rsi,1.0,18.7,28.049999999999997,0.77,timeout,-12.4,-71.61,False,2025-01-24 20:00:00,10786.089999999984,10714.479999999983
buy,high_vol,rsi,1.0,13.9,20.85,1.03,sl,-13.9,-107.38,False,2025-01-28 01:15:00,10714.479999999983,10607.099999999984
buy,high_vol,rsi,0.9999,15.5,23.25,0.91,sl,-15.5,-105.79,False,2025-01-28 01:30:00,10607.099999999984,10501.309999999983
buy,high_vol,rsi,0.9997,16.7,25.049999999999997,0.84,sl,-16.7,-105.21,False,2025-01-28 01:45:00,10501.309999999983,10396.099999999984
buy,high_vol,rsi,0.9983,17.3,25.950000000000003,0.8,sl,-17.3,-103.8,False,2025-01-28 02:00:00,10396.099999999984,10292.299999999985
buy,high_vol,rsi,0.9994,17.8,26.700000000000003,0.77,sl,-17.8,-102.79,False,2025-01-28 02:15:00,10292.299999999985,10189.509999999984
buy,high_vol,rsi,0.9999,17.7,26.549999999999997,0.77,sl,-17.7,-102.22,False,2025-01-28 02:30:00,10189.509999999984,10087.289999999985
buy,high_vol,rsi,1.0,18.1,27.150000000000002,0.74,sl,-18.1,-100.46,False,2025-01-28 02:45:00,10087.289999999985,9986.829999999985
buy,high_vol,rsi,1.0,18.5,27.75,0.72,sl,-18.5,-99.9,False,2025-01-28 03:00:00,9986.829999999985,9886.929999999986
buy,high_vol,rsi,1.0,18.0,27.0,0.73,sl,-18.0,-98.55,False,2025-01-28 03:15:00,9886.929999999986,9788.379999999986
buy,high_vol,rsi,0.9998,18.0,27.0,0.72,sl,-18.0,-97.2,False,2025-01-28 03:30:00,9788.379999999986,9691.179999999986
buy,high_vol,rsi,1.0,19.2,28.799999999999997,0.67,sl,-19.2,-96.48,False,2025-01-28 03:45:00,9691.179999999986,9594.699999999986
buy,high_vol,rsi,1.0,20.4,30.599999999999998,0.63,sl,-20.4,-96.39,False,2025-01-28 04:00:00,9594.699999999986,9498.309999999987
buy,high_vol,rsi,1.0,20.4,30.599999999999998,0.62,sl,-20.4,-94.86,False,2025-01-28 04:15:00,9498.309999999987,9403.449999999986
buy,high_vol,rsi,0.9849,18.3,27.450000000000003,0.67,sl,-18.3,-91.96,False,2025-01-28 04:30:00,9403.449999999986,9311.489999999987
sell,low_vol,ema_flipped,1.0,5.2,7.800000000000001,2.39,tp,7.8,139.82,True,2025-01-29 07:45:00,9311.489999999987,9451.309999999987
buy,low_vol,ema_flipped,1.0,7.3,10.95,1.73,tp,10.95,142.08,True,2025-01-29 09:30:00,9451.309999999987,9593.389999999987
sell,low_vol,ema_flipped,0.9771,6.1,9.149999999999999,2.03,tp,9.15,139.31,True,2025-01-30 05:45:00,9593.389999999987,9732.699999999986
buy,low_vol,ema_flipped,0.9998,10.0,15.0,1.3,sl,-10.0,-97.5,False,2025-01-30 10:45:00,9732.699999999986,9635.199999999986
buy,high_vol,rsi,1.0,24.6,36.900000000000006,0.52,tp,36.9,143.91,True,2025-01-30 19:15:00,9635.199999999986,9779.109999999986
buy,low_vol,ema_flipped,0.719,15.3,22.950000000000003,0.51,tp,22.95,87.78,True,2025-01-30 20:45:00,9779.109999999986,9866.889999999987
sell,low_vol,ema_flipped,0.9997,13.7,20.549999999999997,0.96,sl,-13.7,-98.64,False,2025-01-30 21:15:00,9866.889999999987,9768.249999999987
sell,high_vol,rsi,1.0,26.1,39.150000000000006,0.5,tp,39.15,146.81,True,2025-01-30 22:30:00,9768.249999999987,9915.059999999987
sell,high_vol,rsi,1.0,29.9,44.849999999999994,0.44,tp,44.85,148.01,True,2025-01-30 23:00:00,9915.059999999987,10063.069999999987
sell,high_vol,rsi,1.0,31.1,46.650000000000006,0.43,tp,46.65,150.45,True,2025-01-30 23:15:00,10063.069999999987,10213.519999999988
sell,high_vol,rsi,1.0,31.8,47.7,0.43,tp,47.7,153.83,True,2025-01-30 23:30:00,10213.519999999988,10367.349999999988
buy,low_vol,ema_flipped,0.9999,12.0,18.0,1.15,sl,-12.0,-103.5,False,2025-01-31 10:15:00,10367.349999999988,10263.849999999988
sell,high_vol,rsi,1.0,33.0,49.5,0.41,sl,-33.0,-101.48,False,2025-01-31 22:45:00,10263.849999999988,10162.369999999988
buy,high_vol,rsi,1.0,34.2,51.300000000000004,0.4,sl,-34.2,-102.6,False,2025-02-03 21:30:00,10162.369999999988,10059.769999999988
sell,high_vol,rsi,1.0,14.2,21.299999999999997,0.94,tp,21.3,150.16,True,2025-02-04 04:30:00,10059.769999999988,10209.929999999988
sell,high_vol,rsi,1.0,13.7,20.549999999999997,0.99,tp,20.55,152.58,True,2025-02-04 04:45:00,10209.929999999988,10362.509999999987
sell,low_vol,ema_flipped,1.0,15.2,22.799999999999997,0.91,sl,-15.2,-103.74,False,2025-02-05 20:15:00,10362.509999999987,10258.769999999988
buy,low_vol,ema_flipped,1.0,12.9,19.35,1.06,sl,-12.9,-102.56,False,2025-02-06 11:30:00,10258.769999999988,10156.209999999988
sell,low_vol,ema_flipped,1.0,10.2,15.299999999999999,1.33,tp,15.3,152.62,True,2025-02-07 10:45:00,10156.209999999988,10308.829999999989
buy,high_vol,rsi,1.0,28.1,42.150000000000006,0.49,sl,-28.1,-103.27,False,2025-02-07 18:30:00,10308.829999999989,10205.559999999989
buy,high_vol,rsi,1.0,27.2,40.8,0.5,tp,40.8,153.0,True,2025-02-07 20:00:00,10205.559999999989,10358.559999999989
buy,high_vol,rsi,1.0,26.9,40.349999999999994,0.51,tp,40.35,154.34,True,2025-02-07 20:15:00,10358.559999999989,10512.899999999989
sell,low_vol,ema_flipped,1.0,10.6,15.899999999999999,1.32,sl,-10.6,-104.94,False,2025-02-11 11:15:00,10512.899999999989,10407.959999999988
buy,high_vol,rsi,1.0,13.9,20.85,1.0,tp,20.85,156.37,True,2025-02-12 15:30:00,10407.959999999988,10564.329999999989
sell,low_vol,ema_flipped,0.999,12.3,18.450000000000003,1.14,sl,-12.3,-105.17,False,2025-02-14 15:00:00,10564.329999999989,10459.159999999989
buy,low_vol,ema_flipped,1.0,11.8,17.700000000000003,1.18,tp,17.7,156.65,True,2025-02-17 15:30:00,10459.159999999989,10615.809999999989
sell,low_vol,ema_flipped,1.0,9.6,14.399999999999999,1.47,tp,14.4,158.76,True,2025-02-17 19:30:00,10615.809999999989,10774.569999999989
buy,low_vol,ema_flipped,1.0,9.0,13.5,1.6,sl,-9.0,-108.0,False,2025-02-17 20:15:00,10774.569999999989,10666.569999999989
sell,low_vol,ema_flipped,1.0,7.5,11.25,1.9,tp,11.25,160.31,True,2025-02-17 21:00:00,10666.569999999989,10826.879999999988
buy,low_vol,ema_flipped,0.9998,7.1,10.649999999999999,2.03,tp,10.65,162.15,True,2025-02-18 00:15:00,10826.879999999988,10989.029999999988
sell,low_vol,ema_flipped,0.9998,7.8,11.7,1.88,sl,-7.8,-109.98,False,2025-02-18 00:30:00,10989.029999999988,10879.049999999988
buy,low_vol,ema_flipped,0.9999,8.3,12.450000000000001,1.75,sl,-8.3,-108.94,False,2025-02-18 04:15:00,10879.049999999988,10770.109999999988
sell,low_vol,ema_flipped,0.9996,13.4,20.1,1.07,sl,-13.4,-107.53,False,2025-02-19 21:15:00,10770.109999999988,10662.579999999987
sell,low_vol,ema_flipped,0.9996,15.1,22.65,0.94,sl,-15.1,-106.45,False,2025-02-21 20:45:00,10662.579999999987,10556.129999999986
buy,low_vol,ema_flipped,0.9999,12.3,18.450000000000003,1.14,tp,18.45,157.75,True,2025-02-24 13:45:00,10556.129999999986,10713.879999999986
sell,low_vol,ema_flipped,0.9943,17.7,26.549999999999997,0.8,sl,-17.7,-106.2,False,2025-02-24 18:15:00,10713.879999999986,10607.679999999986
sell,high_vol,rsi,1.0,17.7,26.549999999999997,0.8,sl,-17.7,-106.2,False,2025-02-25 17:00:00,10607.679999999986,10501.479999999985
sell,high_vol,rsi,0.9972,19.0,28.5,0.73,sl,-19.0,-104.03,False,2025-02-25 17:15:00,10501.479999999985,10397.449999999984
buy,low_vol,ema_flipped,1.0,6.9,10.350000000000001,2.01,sl,-6.9,-104.02,False,2025-02-27 04:45:00,10397.449999999984,10293.429999999984
sell,low_vol,ema_flipped,0.9932,12.2,18.299999999999997,1.11,tp,18.3,152.35,True,2025-02-27 15:15:00,10293.429999999984,10445.779999999984
sell,high_vol,rsi,1.0,15.1,22.65,0.92,tp,22.65,156.28,True,2025-03-03 01:00:00,10445.779999999984,10602.059999999985
sell,high_vol,rsi,0.7141,15.9,23.85,0.53,tp,23.85,94.8,True,2025-03-03 01:15:00,10602.059999999985,10696.859999999984
sell,high_vol,rsi,0.9999,18.9,28.349999999999998,0.75,sl,-18.9,-106.31,False,2025-03-03 13:45:00,10696.859999999984,10590.549999999985
sell,high_vol,rsi,1.0,19.1,28.650000000000002,0.74,sl,-19.1,-106.01,False,2025-03-03 14:00:00,10590.549999999985,10484.539999999985
sell,high_vol,rsi,1.0,19.6,29.400000000000002,0.71,tp,29.4,156.55,True,2025-03-03 14:15:00,10484.539999999985,10641.089999999984
sell,high_vol,rsi,0.9998,17.8,26.700000000000003,0.8,tp,26.7,160.2,True,2025-03-03 14:30:00,10641.089999999984,10801.289999999985
sell,high_vol,rsi,1.0,18.4,27.599999999999998,0.78,tp,27.6,161.46,True,2025-03-03 14:45:00,10801.289999999985,10962.749999999984
sell,high_vol,rsi,1.0,25.3,37.95,0.58,tp,37.95,165.08,True,2025-03-03 22:00:00,10962.749999999984,11127.829999999984
sell,high_vol,rsi,1.0,25.8,38.7,0.58,tp,38.7,168.35,True,2025-03-03 22:15:00,11127.829999999984,11296.179999999984
sell,high_vol,rsi,1.0,26.7,40.05,0.56,tp,40.05,168.21,True,2025-03-03 22:30:00,11296.179999999984,11464.389999999983
sell,high_vol,rsi,1.0,19.6,29.400000000000002,0.78,sl,-19.6,-114.66,False,2025-03-04 15:15:00,11464.389999999983,11349.729999999983
sell,high_vol,rsi,1.0,20.1,30.150000000000002,0.75,sl,-20.1,-113.06,False,2025-03-04 15:30:00,11349.729999999983,11236.669999999984
sell,high_vol,rsi,1.0,21.8,32.7,0.69,sl,-21.8,-112.82,False,2025-03-04 16:00:00,11236.669999999984,11123.849999999984
sell,high_vol,rsi,1.0,24.9,37.349999999999994,0.6,sl,-24.9,-112.05,False,2025-03-04 16:30:00,11123.849999999984,11011.799999999985
sell,high_vol,rsi,1.0,30.3,45.45,0.48,sl,-30.3,-109.08,False,2025-03-04 19:45:00,11011.799999999985,10902.719999999985
sell,high_vol,rsi,1.0,32.2,48.300000000000004,0.45,tp,48.3,163.01,True,2025-03-04 20:00:00,10902.719999999985,11065.729999999985
sell,high_vol,rsi,1.0,34.4,51.599999999999994,0.43,tp,51.6,166.41,True,2025-03-04 20:15:00,11065.729999999985,11232.139999999985
sell,high_vol,rsi,1.0,34.6,51.900000000000006,0.43,tp,51.9,167.38,True,2025-03-04 20:30:00,11232.139999999985,11399.519999999984
sell,high_vol,rsi,1.0,34.1,51.150000000000006,0.45,tp,51.15,172.63,True,2025-03-04 20:45:00,11399.519999999984,11572.149999999983
sell,high_vol,rsi,1.0,33.5,50.25,0.46,tp,50.25,173.36,True,2025-03-04 21:00:00,11572.149999999983,11745.509999999984
sell,high_vol,rsi,1.0,30.7,46.05,0.51,tp,46.05,176.14,True,2025-03-04 21:15:00,11745.509999999984,11921.649999999983
sell,high_vol,rsi,1.0,30.8,46.2,0.52,tp,46.2,180.18,True,2025-03-04 21:30:00,11921.649999999983,12101.829999999984
buy,high_vol,rsi,1.0,31.7,47.55,0.51,tp,47.55,181.88,True,2025-03-05 00:45:00,12101.829999999984,12283.709999999983
sell,high_vol,rsi,1.0,16.4,24.599999999999998,1.0,sl,-16.4,-123.0,False,2025-03-05 09:30:00,12283.709999999983,12160.709999999983
sell,high_vol,rsi,1.0,18.6,27.900000000000002,0.87,sl,-18.6,-121.36,False,2025-03-05 09:45:00,12160.709999999983,12039.349999999982
sell,high_vol,rsi,0.9997,19.3,28.950000000000003,0.83,sl,-19.3,-120.14,False,2025-03-05 10:00:00,12039.349999999982,11919.209999999983
sell,high_vol,rsi,1.0,20.6,30.900000000000002,0.77,sl,-20.6,-118.96,False,2025-03-05 10:15:00,11919.209999999983,11800.249999999984
sell,high_vol,rsi,1.0,21.5,32.25,0.73,sl,-21.5,-117.71,False,2025-03-05 10:30:00,11800.249999999984,11682.539999999985
sell,high_vol,rsi,1.0,22.9,34.349999999999994,0.68,sl,-22.9,-116.79,False,2025-03-05 10:45:00,11682.539999999985,11565.749999999984
sell,high_vol,rsi,1.0,24.1,36.150000000000006,0.64,sl,-24.1,-115.68,False,2025-03-05 11:00:00,11565.749999999984,11450.069999999983
sell,high_vol,rsi,1.0,26.2,39.3,0.58,tp,39.3,170.95,True,2025-03-05 11:15:00,11450.069999999983,11621.019999999984
sell,high_vol,rsi,1.0,27.2,40.8,0.57,tp,40.8,174.42,True,2025-03-05 11:30:00,11621.019999999984,11795.439999999984
sell,high_vol,rsi,1.0,27.9,41.849999999999994,0.56,timeout,40.4,169.68,True,2025-03-05 11:45:00,11795.439999999984,11965.119999999984
sell,high_vol,rsi,1.0,28.1,42.150000000000006,0.57,timeout,34.8,148.77,True,2025-03-05 12:00:00,11965.119999999984,12113.889999999985
buy,high_vol,rsi,1.0,36.0,54.0,0.45,tp,54.0,182.25,True,2025-03-06 20:15:00,12113.889999999985,12296.139999999985
sell,low_vol,ema_flipped,1.0,9.8,14.700000000000001,1.67,sl,-9.8,-122.74,False,2025-03-07 07:15:00,12296.139999999985,12173.399999999985
sell,high_vol,rsi,1.0,19.9,29.849999999999998,0.82,sl,-19.9,-122.38,False,2025-03-07 12:15:00,12173.399999999985,12051.019999999986
sell,high_vol,rsi,1.0,19.5,29.25,0.82,sl,-19.5,-119.92,False,2025-03-07 12:30:00,12051.019999999986,11931.099999999986
sell,high_vol,rsi,1.0,27.5,41.25,0.58,tp,41.25,179.44,True,2025-03-07 16:30:00,11931.099999999986,12110.539999999986
buy,high_vol,rsi,1.0,12.6,18.9,1.28,sl,-12.6,-120.96,False,2025-03-10 05:30:00,12110.539999999986,11989.579999999987
buy,high_vol,rsi,0.9974,12.2,18.299999999999997,1.31,sl,-12.2,-119.86,False,2025-03-10 05:45:00,11989.579999999987,11869.719999999987
sell,high_vol,rsi,1.0,32.6,48.900000000000006,0.49,sl,-32.6,-119.81,False,2025-03-10 15:15:00,11869.719999999987,11749.909999999987
sell,high_vol,rsi,1.0,28.8,43.2,0.54,sl,-28.8,-116.64,False,2025-03-11 17:00:00,11749.909999999987,11633.269999999988
sell,high_vol,rsi,1.0,29.4,44.099999999999994,0.53,sl,-29.4,-116.86,False,2025-03-11 17:15:00,11633.269999999988,11516.409999999987
buy,high_vol,rsi,0.9997,19.0,28.5,0.81,sl,-19.0,-115.43,False,2025-03-12 14:30:00,11516.409999999987,11400.979999999987
buy,high_vol,rsi,1.0,19.9,29.849999999999998,0.76,sl,-19.9,-113.43,False,2025-03-12 14:45:00,11400.979999999987,11287.549999999987
buy,high_vol,rsi,1.0,20.2,30.299999999999997,0.75,sl,-20.2,-113.62,False,2025-03-12 15:00:00,11287.549999999987,11173.929999999986
buy,high_vol,rsi,1.0,22.9,34.349999999999994,0.65,tp,34.35,167.46,True,2025-03-12 15:15:00,11173.929999999986,11341.389999999985
buy,high_vol,rsi,1.0,26.5,39.75,0.57,tp,39.75,169.93,True,2025-03-12 15:30:00,11341.389999999985,11511.319999999985
buy,high_vol,rsi,1.0,29.5,44.25,0.52,tp,44.25,172.57,True,2025-03-12 15:45:00,11511.319999999985,11683.889999999985
buy,high_vol,rsi,1.0,10.6,15.899999999999999,1.47,tp,15.9,175.3,True,2025-03-13 02:00:00,11683.889999999985,11859.189999999984
buy,high_vol,rsi,1.0,20.7,31.049999999999997,0.76,sl,-20.7,-117.99,False,2025-03-13 14:45:00,11859.189999999984,11741.199999999984
buy,low_vol,ema_flipped,1.0,8.7,13.049999999999999,1.8,tp,13.05,176.17,True,2025-03-14 05:15:00,11741.199999999984,11917.369999999984
sell,high_vol,rsi,1.0,23.5,35.25,0.68,sl,-23.5,-119.85,False,2025-03-14 14:00:00,11917.369999999984,11797.519999999984
sell,high_vol,rsi,1.0,24.0,36.0,0.66,tp,36.0,178.2,True,2025-03-14 14:15:00,11797.519999999984,11975.719999999985
sell,high_vol,rsi,1.0,23.3,34.95,0.69,tp,34.95,180.87,True,2025-03-14 14:30:00,11975.719999999985,12156.589999999986
sell,high_vol,rsi,1.0,26.2,39.3,0.62,tp,39.3,182.74,True,2025-03-14 15:00:00,12156.589999999986,12339.329999999985
sell,high_vol,rsi,1.0,26.3,39.45,0.63,tp,39.45,186.4,True,2025-03-14 15:15:00,12339.329999999985,12525.729999999985
buy,high_vol,rsi,1.0,28.1,42.150000000000006,0.59,sl,-28.1,-124.34,False,2025-03-14 18:30:00,12525.729999999985,12401.389999999985
buy,high_vol,rsi,1.0,28.9,43.349999999999994,0.57,sl,-28.9,-123.55,False,2025-03-14 18:45:00,12401.389999999985,12277.839999999986
sell,low_vol,ema_flipped,1.0,13.0,19.5,1.26,tp,19.5,184.27,True,2025-03-18 11:30:00,12277.839999999986,12462.109999999986
buy,high_vol,rsi,0.9981,9.5,14.25,1.74,sl,-9.5,-123.98,False,2025-03-19 10:00:00,12462.109999999986,12338.129999999986
buy,high_vol,rsi,0.9664,10.1,15.149999999999999,1.55,sl,-10.1,-117.41,False,2025-03-19 10:15:00,12338.129999999986,12220.719999999987
buy,high_vol,rsi,1.0,13.4,20.1,1.22,tp,20.1,183.92,True,2025-03-19 10:30:00,12220.719999999987,12404.639999999987
sell,low_vol,ema_flipped,1.0,8.5,12.75,1.95,sl,-8.5,-124.31,False,2025-03-20 03:15:00,12404.639999999987,12280.329999999987
sell,low_vol,ema_flipped,1.0,8.0,12.0,2.05,tp,12.0,184.5,True,2025-03-24 09:45:00,12280.329999999987,12464.829999999987
buy,low_vol,ema_flipped,0.9999,14.6,21.9,1.14,sl,-14.6,-124.83,False,2025-03-24 14:45:00,12464.829999999987,12339.999999999987
buy,high_vol,rsi,1.0,18.2,27.299999999999997,0.9,sl,-18.2,-122.85,False,2025-03-24 16:45:00,12339.999999999987,12217.149999999987
buy,high_vol,rsi,0.9997,18.8,28.200000000000003,0.87,sl,-18.8,-122.67,False,2025-03-24 17:00:00,12217.149999999987,12094.479999999987
buy,high_vol,rsi,0.9997,19.2,28.799999999999997,0.84,sl,-19.2,-120.96,False,2025-03-24 17:15:00,12094.479999999987,11973.519999999988
buy,high_vol,rsi,0.9998,19.5,29.25,0.82,sl,-19.5,-119.92,False,2025-03-24 17:30:00,11973.519999999988,11853.599999999988
buy,high_vol,rsi,0.9999,20.5,30.75,0.77,sl,-20.5,-118.39,False,2025-03-24 17:45:00,11853.599999999988,11735.209999999988
buy,high_vol,rsi,1.0,22.7,34.05,0.69,sl,-22.7,-117.47,False,2025-03-24 18:15:00,11735.209999999988,11617.739999999989
buy,high_vol,rsi,1.0,22.6,33.900000000000006,0.69,tp,33.9,175.43,True,2025-03-24 18:30:00,11617.739999999989,11793.16999999999
buy,high_vol,rsi,1.0,23.9,35.849999999999994,0.66,tp,35.85,177.46,True,2025-03-24 18:45:00,11793.16999999999,11970.629999999988
buy,high_vol,rsi,1.0,27.8,41.7,0.57,sl,-27.8,-118.85,False,2025-04-01 20:30:00,11970.629999999988,11851.779999999988
buy,high_vol,rsi,1.0,24.8,37.2,0.64,sl,-24.8,-119.04,False,2025-04-01 20:45:00,11851.779999999988,11732.739999999987
sell,high_vol,rsi,1.0,18.1,27.150000000000002,0.86,sl,-18.1,-116.75,False,2025-04-02 16:45:00,11732.739999999987,11615.989999999987
buy,high_vol,rsi,1.0,52.1,78.15,0.3,tp,78.15,175.84,True,2025-04-03 00:15:00,11615.989999999987,11791.829999999987
sell,high_vol,rsi,1.0,29.2,43.8,0.54,sl,-29.2,-118.26,False,2025-04-03 05:15:00,11791.829999999987,11673.569999999987
sell,high_vol,rsi,1.0,28.1,42.150000000000006,0.55,sl,-28.1,-115.91,False,2025-04-03 05:30:00,11673.569999999987,11557.659999999987
sell,high_vol,rsi,0.8973,19.8,29.700000000000003,0.66,tp,29.7,147.01,True,2025-04-04 06:30:00,11557.659999999987,11704.669999999987
sell,high_vol,rsi,0.8928,20.2,30.299999999999997,0.65,sl,-20.2,-98.47,False,2025-04-04 06:45:00,11704.669999999987,11606.199999999988
sell,high_vol,rsi,0.8287,19.8,29.700000000000003,0.59,sl,-19.8,-87.62,False,2025-04-04 07:00:00,11606.199999999988,11518.579999999987
sell,high_vol,rsi,0.7468,20.1,30.150000000000002,0.49,sl,-20.1,-73.87,False,2025-04-04 07:15:00,11518.579999999987,11444.709999999986
sell,high_vol,rsi,0.695,20.2,30.299999999999997,0.43,sl,-20.2,-65.14,False,2025-04-04 07:30:00,11444.709999999986,11379.569999999987
sell,high_vol,rsi,0.6762,20.1,30.150000000000002,0.41,tp,30.15,92.71,True,2025-04-04 07:45:00,11379.569999999987,11472.279999999986
sell,high_vol,rsi,0.6789,20.6,30.900000000000002,0.4,tp,30.9,92.7,True,2025-04-04 08:00:00,11472.279999999986,11564.979999999987
sell,high_vol,rsi,0.7437,20.1,30.150000000000002,0.49,tp,30.15,110.8,True,2025-04-04 08:15:00,11564.979999999987,11675.779999999986
buy,high_vol,rsi,1.0,27.6,41.400000000000006,0.56,tp,41.4,173.88,True,2025-04-04 11:30:00,11675.779999999986,11849.659999999985
buy,high_vol,rsi,1.0,28.2,42.3,0.56,tp,42.3,177.66,True,2025-04-04 11:45:00,11849.659999999985,12027.319999999985
buy,high_vol,rsi,1.0,27.6,41.400000000000006,0.58,tp,41.4,180.09,True,2025-04-04 12:00:00,12027.319999999985,12207.409999999985
sell,high_vol,rsi,1.0,41.2,61.800000000000004,0.4,sl,-41.2,-123.6,False,2025-04-04 14:15:00,12207.409999999985,12083.809999999985
sell,high_vol,rsi,1.0,41.6,62.400000000000006,0.39,tp,62.4,182.52,True,2025-04-04 14:30:00,12083.809999999985,12266.329999999985
sell,high_vol,rsi,1.0,44.2,66.30000000000001,0.37,sl,-44.2,-122.66,False,2025-04-04 14:45:00,12266.329999999985,12143.669999999986
sell,high_vol,rsi,1.0,50.3,75.44999999999999,0.32,tp,75.45,181.08,True,2025-04-04 15:15:00,12143.669999999986,12324.749999999985
buy,high_vol,rsi,1.0,30.5,45.75,0.54,tp,45.75,185.29,True,2025-04-07 05:30:00,12324.749999999985,12510.039999999986
sell,high_vol,rsi,1.0,25.8,38.7,0.65,sl,-25.8,-125.78,False,2025-04-07 08:45:00,12510.039999999986,12384.259999999986
sell,high_vol,rsi,1.0,25.4,38.099999999999994,0.65,sl,-25.4,-123.82,False,2025-04-07 09:00:00,12384.259999999986,12260.439999999986
sell,high_vol,rsi,1.0,25.5,38.25,0.64,sl,-25.5,-122.4,False,2025-04-07 09:15:00,12260.439999999986,12138.039999999986
sell,high_vol,rsi,1.0,27.8,41.7,0.58,sl,-27.8,-120.93,False,2025-04-07 09:30:00,12138.039999999986,12017.109999999986
sell,high_vol,rsi,1.0,30.8,46.2,0.52,sl,-30.8,-120.12,False,2025-04-07 09:45:00,12017.109999999986,11896.989999999985
sell,high_vol,rsi,1.0,35.1,52.650000000000006,0.45,tp,52.65,177.69,True,2025-04-07 10:00:00,11896.989999999985,12074.679999999986
sell,high_vol,rsi,1.0,36.5,54.75,0.44,tp,54.75,180.67,True,2025-04-07 10:15:00,12074.679999999986,12255.349999999986
buy,high_vol,rsi,0.9993,27.6,41.400000000000006,0.59,sl,-27.6,-122.13,False,2025-04-08 12:45:00,12255.349999999986,12133.219999999987
sell,high_vol,rsi,1.0,40.5,60.75,0.4,sl,-40.5,-121.5,False,2025-04-08 22:00:00,12133.219999999987,12011.719999999987
sell,high_vol,rsi,1.0,41.6,62.400000000000006,0.38,sl,-41.6,-118.56,False,2025-04-08 22:30:00,12011.719999999987,11893.159999999987
sell,high_vol,rsi,0.9286,23.9,35.849999999999994,0.6,tp,35.85,161.32,True,2025-04-09 04:15:00,11893.159999999987,12054.479999999987
buy,high_vol,rsi,1.0,75.0,112.5,0.21,tp,112.5,177.19,True,2025-04-09 21:15:00,12054.479999999987,12231.669999999987
sell,high_vol,rsi,1.0,39.5,59.25,0.41,sl,-39.5,-121.46,False,2025-04-10 12:30:00,12231.669999999987,12110.209999999988
sell,high_vol,rsi,1.0,41.2,61.800000000000004,0.39,sl,-41.2,-120.51,False,2025-04-10 12:45:00,12110.209999999988,11989.699999999988
sell,high_vol,rsi,1.0,41.5,62.25,0.39,sl,-41.5,-121.39,False,2025-04-10 13:00:00,11989.699999999988,11868.309999999989
sell,high_vol,rsi,1.0,40.4,60.599999999999994,0.39,sl,-40.4,-118.17,False,2025-04-10 13:30:00,11868.309999999989,11750.139999999989
sell,high_vol,rsi,1.0,40.4,60.599999999999994,0.39,sl,-40.4,-118.17,False,2025-04-10 13:45:00,11750.139999999989,11631.969999999988
sell,high_vol,rsi,1.0,33.4,50.099999999999994,0.46,sl,-33.4,-115.23,False,2025-04-10 15:00:00,11631.969999999988,11516.739999999989
sell,high_vol,rsi,1.0,35.3,52.949999999999996,0.44,sl,-35.3,-116.49,False,2025-04-10 15:30:00,11516.739999999989,11400.249999999989
sell,high_vol,rsi,1.0,45.8,68.69999999999999,0.33,sl,-45.8,-113.36,False,2025-04-11 03:45:00,11400.249999999989,11286.889999999989
sell,high_vol,rsi,1.0,52.1,78.15,0.29,sl,-52.1,-113.32,False,2025-04-11 04:15:00,11286.889999999989,11173.569999999989
buy,high_vol,rsi,1.0,62.0,93.0,0.24,tp,93.0,167.4,True,2025-04-11 15:00:00,11173.569999999989,11340.969999999988
buy,high_vol,rsi,1.0,61.4,92.1,0.25,tp,92.1,172.69,True,2025-04-11 15:15:00,11340.969999999988,11513.659999999989
sell,high_vol,rsi,1.0,25.5,38.25,0.6,sl,-25.5,-114.75,False,2025-04-14 03:45:00,11513.659999999989,11398.909999999989
sell,high_vol,rsi,1.0,27.3,40.95,0.56,sl,-27.3,-114.66,False,2025-04-14 04:00:00,11398.909999999989,11284.249999999989
sell,high_vol,rsi,1.0,29.6,44.400000000000006,0.51,tp,44.4,169.83,True,2025-04-14 04:15:00,11284.249999999989,11454.079999999989
sell,high_vol,rsi,1.0,28.7,43.05,0.53,tp,43.05,171.12,True,2025-04-14 04:30:00,11454.079999999989,11625.19999999999
sell,low_vol,ema_flipped,1.0,21.3,31.950000000000003,0.73,tp,31.95,174.93,True,2025-04-15 01:15:00,11625.19999999999,11800.12999999999
buy,low_vol,ema_flipped,1.0,19.9,29.849999999999998,0.79,tp,29.85,176.86,True,2025-04-15 03:30:00,11800.12999999999,11976.98999999999
sell,high_vol,rsi,0.9992,14.9,22.35,1.07,tp,22.35,179.36,True,2025-04-16 08:45:00,11976.98999999999,12156.349999999991
buy,low_vol,ema_flipped,0.9999,14.7,22.049999999999997,1.1,tp,22.05,181.91,True,2025-04-17 03:30:00,12156.349999999991,12338.259999999991
sell,low_vol,ema_flipped,1.0,20.6,30.900000000000002,0.8,tp,30.9,185.4,True,2025-04-17 13:00:00,12338.259999999991,12523.65999999999
sell,low_vol,ema_flipped,0.9966,12.6,18.9,1.32,tp,18.9,187.11,True,2025-04-18 09:00:00,12523.65999999999,12710.769999999991
sell,low_vol,ema_flipped,0.9998,19.9,29.849999999999998,0.85,sl,-19.9,-126.86,False,2025-04-18 11:30:00,12710.769999999991,12583.90999999999
buy,low_vol,ema_flipped,1.0,18.0,27.0,0.93,tp,27.0,188.32,True,2025-04-18 12:45:00,12583.90999999999,12772.22999999999
sell,low_vol,ema_flipped,1.0,14.2,21.299999999999997,1.2,sl,-14.2,-127.8,False,2025-04-18 14:00:00,12772.22999999999,12644.429999999991
sell,high_vol,rsi,0.9917,23.6,35.400000000000006,0.71,sl,-23.6,-125.67,False,2025-04-21 03:00:00,12644.429999999991,12518.759999999991
sell,high_vol,rsi,0.9912,25.4,38.099999999999994,0.65,sl,-25.4,-123.82,False,2025-04-21 03:15:00,12518.759999999991,12394.939999999991
sell,high_vol,rsi,0.9982,29.6,44.400000000000006,0.56,sl,-29.6,-124.32,False,2025-04-21 04:00:00,12394.939999999991,12270.619999999992
sell,high_vol,rsi,0.9946,29.8,44.7,0.54,sl,-29.8,-120.69,False,2025-04-21 04:15:00,12270.619999999992,12149.929999999991
sell,high_vol,rsi,1.0,28.9,43.349999999999994,0.56,sl,-28.9,-121.38,False,2025-04-21 05:15:00,12149.929999999991,12028.549999999992
buy,high_vol,rsi,0.9989,28.4,42.599999999999994,0.56,tp,42.6,178.92,True,2025-04-21 18:00:00,12028.549999999992,12207.469999999992
sell,low_vol,ema_flipped,0.9909,27.1,40.650000000000006,0.59,tp,40.65,179.88,True,2025-04-22 13:00:00,12207.469999999992,12387.349999999991
buy,low_vol,ema_flipped,0.9942,21.8,32.7,0.75,sl,-21.8,-122.63,False,2025-04-22 14:15:00,12387.349999999991,12264.719999999992
sell,low_vol,ema_flipped,0.9866,22.4,33.599999999999994,0.72,tp,33.6,181.44,True,2025-04-22 14:30:00,12264.719999999992,12446.159999999993
buy,low_vol,ema_flipped,0.998,23.3,34.95,0.71,sl,-23.3,-124.07,False,2025-04-22 15:15:00,12446.159999999993,12322.089999999993
buy,high_vol,rsi,0.9999,25.8,38.7,0.64,sl,-25.8,-123.84,False,2025-04-22 18:45:00,12322.089999999993,12198.249999999993
buy,high_vol,rsi,0.9999,29.8,44.7,0.55,sl,-29.8,-122.92,False,2025-04-22 19:15:00,12198.249999999993,12075.329999999993
buy,high_vol,rsi,0.9999,29.5,44.25,0.55,sl,-29.5,-121.69,False,2025-04-22 19:30:00,12075.329999999993,11953.639999999992
buy,high_vol,rsi,0.9999,30.7,46.05,0.52,sl,-30.7,-119.73,False,2025-04-22 19:45:00,11953.639999999992,11833.909999999993
buy,high_vol,rsi,0.9999,30.2,45.3,0.52,sl,-30.2,-117.78,False,2025-04-22 20:00:00,11833.909999999993,11716.129999999992
buy,high_vol,rsi,0.9952,19.9,29.849999999999998,0.78,sl,-19.9,-116.41,False,2025-04-23 00:30:00,11716.129999999992,11599.719999999992
buy,high_vol,rsi,1.0,22.6,33.900000000000006,0.68,tp,33.9,172.89,True,2025-04-23 00:45:00,11599.719999999992,11772.609999999991
sell,high_vol,rsi,1.0,26.9,40.349999999999994,0.58,tp,40.35,175.52,True,2025-04-23 04:45:00,11772.609999999991,11948.129999999992
sell,high_vol,rsi,1.0,24.9,37.349999999999994,0.64,tp,37.35,179.28,True,2025-04-23 05:00:00,11948.129999999992,12127.409999999993
sell,high_vol,rsi,1.0,24.5,36.75,0.66,tp,36.75,181.91,True,2025-04-23 05:15:00,12127.409999999993,12309.319999999992
sell,high_vol,rsi,0.9986,22.6,33.900000000000006,0.72,tp,33.9,183.06,True,2025-04-23 05:45:00,12309.319999999992,12492.379999999992
buy,high_vol,rsi,0.9999,22.0,33.0,0.76,sl,-22.0,-125.4,False,2025-04-23 22:30:00,12492.379999999992,12366.979999999992
sell,low_vol,ema_flipped,1.0,18.1,27.150000000000002,0.91,sl,-18.1,-123.53,False,2025-04-24 12:30:00,12366.979999999992,12243.449999999992
buy,low_vol,ema_flipped,1.0,13.8,20.700000000000003,1.18,sl,-13.8,-122.13,False,2025-04-25 03:30:00,12243.449999999992,12121.319999999992
sell,low_vol,ema_flipped,1.0,21.7,32.55,0.74,tp,32.55,180.65,True,2025-04-25 12:00:00,12121.319999999992,12301.969999999992
buy,low_vol,ema_flipped,0.9999,22.5,33.75,0.73,tp,33.75,184.78,True,2025-04-25 16:15:00,12301.969999999992,12486.749999999993
sell,low_vol,ema_flipped,0.9999,25.0,37.5,0.67,tp,37.5,188.44,True,2025-04-25 19:00:00,12486.749999999993,12675.189999999993
buy,low_vol,ema_flipped,1.0,16.0,24.0,1.06,tp,24.0,190.8,True,2025-04-25 23:45:00,12675.189999999993,12865.989999999993
sell,low_vol,ema_flipped,1.0,14.9,22.35,1.15,sl,-14.9,-128.51,False,2025-04-28 05:45:00,12865.989999999993,12737.479999999992
buy,low_vol,ema_flipped,1.0,20.2,30.299999999999997,0.84,tp,30.3,190.89,True,2025-04-28 12:00:00,12737.479999999992,12928.369999999992
sell,low_vol,ema_flipped,0.958,29.6,44.400000000000006,0.55,tp,44.4,183.15,True,2025-04-28 19:00:00,12928.369999999992,13111.519999999991
buy,low_vol,ema_flipped,1.0,18.3,27.450000000000003,0.96,tp,27.45,197.64,True,2025-04-29 11:15:00,13111.519999999991,13309.15999999999
buy,low_vol,ema_flipped,1.0,17.3,25.950000000000003,1.03,sl,-17.3,-133.64,False,2025-04-29 22:00:00,13309.15999999999,13175.519999999991
sell,low_vol,ema_flipped,1.0,11.2,16.799999999999997,1.57,tp,16.8,197.82,True,2025-05-02 02:30:00,13175.519999999991,13373.339999999991
buy,low_vol,ema_flipped,1.0,11.1,16.65,1.61,tp,16.65,201.05,True,2025-05-02 03:30:00,13373.339999999991,13574.38999999999
sell,low_vol,ema_flipped,1.0,14.4,21.6,1.26,sl,-14.4,-136.08,False,2025-05-02 10:15:00,13574.38999999999,13438.30999999999
buy,low_vol,ema_flipped,0.9737,27.0,40.5,0.64,tp,40.5,194.4,True,2025-05-02 19:45:00,13438.30999999999,13632.70999999999
sell,low_vol,ema_flipped,1.0,12.6,18.9,1.44,tp,18.9,204.12,True,2025-05-05 04:45:00,13632.70999999999,13836.82999999999
buy,low_vol,ema_flipped,1.0,23.5,35.25,0.79,tp,35.25,208.86,True,2025-05-05 19:45:00,13836.82999999999,14045.689999999991
sell,low_vol,ema_flipped,1.0,10.7,16.049999999999997,1.75,sl,-10.7,-140.44,False,2025-05-06 08:00:00,14045.689999999991,13905.24999999999
buy,low_vol,ema_flipped,0.9999,21.1,31.650000000000002,0.88,sl,-21.1,-139.26,False,2025-05-06 18:30:00,13905.24999999999,13765.98999999999
sell,low_vol,ema_flipped,1.0,22.1,33.150000000000006,0.83,tp,33.15,206.36,True,2025-05-06 21:00:00,13765.98999999999,13972.349999999991
buy,high_vol,rsi,0.9045,21.1,31.650000000000002,0.76,tp,31.65,180.41,True,2025-05-07 01:15:00,13972.349999999991,14152.759999999991
sell,low_vol,ema_flipped,1.0,11.8,17.700000000000003,1.6,sl,-11.8,-141.6,False,2025-05-07 07:45:00,14152.759999999991,14011.15999999999
buy,low_vol,ema_flipped,1.0,21.1,31.650000000000002,0.89,tp,31.65,211.26,True,2025-05-07 19:45:00,14011.15999999999,14222.419999999991
sell,low_vol,ema_flipped,1.0,16.2,24.299999999999997,1.17,tp,24.3,213.23,True,2025-05-08 06:45:00,14222.419999999991,14435.64999999999
buy,low_vol,ema_flipped,1.0,13.7,20.549999999999997,1.4,tp,20.55,215.77,True,2025-05-08 09:00:00,14435.64999999999,14651.419999999991
sell,low_vol,ema_flipped,1.0,16.1,24.150000000000002,1.21,sl,-16.1,-146.11,False,2025-05-08 10:30:00,14651.419999999991,14505.30999999999
sell,low_vol,ema_flipped,1.0,13.9,20.85,1.39,sl,-13.9,-144.91,False,2025-05-09 10:45:00,14505.30999999999,14360.39999999999
buy,high_vol,rsi,1.0,19.8,29.700000000000003,0.97,tp,29.7,216.07,True,2025-05-12 00:15:00,14360.39999999999,14576.46999999999
buy,high_vol,rsi,1.0,19.6,29.400000000000002,0.99,tp,29.4,218.29,True,2025-05-12 00:30:00,14576.46999999999,14794.759999999991
sell,high_vol,rsi,1.0,19.7,29.549999999999997,1.0,tp,29.55,221.63,True,2025-05-12 04:00:00,14794.759999999991,15016.38999999999
buy,high_vol,rsi,1.0,17.3,25.950000000000003,1.16,sl,-17.3,-150.51,False,2025-05-12 10:00:00,15016.38999999999,14865.87999999999
buy,high_vol,rsi,1.0,22.0,33.0,0.9,sl,-22.0,-148.5,False,2025-05-12 10:15:00,14865.87999999999,14717.37999999999
buy,high_vol,rsi,1.0,24.6,36.900000000000006,0.8,tp,36.9,221.4,True,2025-05-12 10:30:00,14717.37999999999,14938.77999999999
buy,high_vol,rsi,1.0,26.5,39.75,0.75,tp,39.75,223.59,True,2025-05-12 10:45:00,14938.77999999999,15162.36999999999
buy,high_vol,rsi,1.0,30.1,45.150000000000006,0.67,tp,45.15,226.88,True,2025-05-12 11:00:00,15162.36999999999,15389.249999999989
buy,high_vol,rsi,1.0,33.0,49.5,0.62,sl,-33.0,-153.45,False,2025-05-12 11:15:00,15389.249999999989,15235.799999999988
sell,high_vol,rsi,0.9826,23.3,34.95,0.85,sl,-23.3,-148.54,False,2025-05-13 16:30:00,15235.799999999988,15087.259999999987
sell,high_vol,rsi,0.9869,22.9,34.349999999999994,0.86,sl,-22.9,-147.7,False,2025-05-13 16:45:00,15087.259999999987,14939.559999999987
sell,high_vol,rsi,1.0,22.5,33.75,0.89,sl,-22.5,-150.19,False,2025-05-14 11:15:00,14939.559999999987,14789.369999999986
sell,high_vol,rsi,0.9993,24.4,36.599999999999994,0.81,sl,-24.4,-148.23,False,2025-05-14 11:45:00,14789.369999999986,14641.139999999987
sell,high_vol,rsi,1.0,26.2,39.3,0.75,tp,39.3,221.06,True,2025-05-14 12:00:00,14641.139999999987,14862.199999999986
sell,high_vol,rsi,1.0,27.6,41.400000000000006,0.72,tp,41.4,223.56,True,2025-05-14 12:15:00,14862.199999999986,15085.759999999986
sell,high_vol,rsi,1.0,27.9,41.849999999999994,0.72,tp,41.85,225.99,True,2025-05-14 12:30:00,15085.759999999986,15311.749999999985
sell,high_vol,rsi,1.0,28.1,42.150000000000006,0.73,tp,42.15,230.77,True,2025-05-14 12:45:00,15311.749999999985,15542.519999999986
sell,high_vol,rsi,1.0,27.1,40.650000000000006,0.76,sl,-27.1,-154.47,False,2025-05-14 13:30:00,15542.519999999986,15388.049999999987
buy,low_vol,ema_flipped,0.7638,19.0,28.5,0.72,tp,28.5,153.9,True,2025-05-15 20:45:00,15388.049999999987,15541.949999999986
sell,low_vol,ema_flipped,1.0,13.8,20.700000000000003,1.5,tp,20.7,232.88,True,2025-05-16 10:15:00,15541.949999999986,15774.829999999985
buy,low_vol,ema_flipped,1.0,15.4,23.1,1.37,sl,-15.4,-158.24,False,2025-05-16 13:30:00,15774.829999999985,15616.589999999986
sell,low_vol,ema_flipped,1.0,15.5,23.25,1.34,tp,23.25,233.66,True,2025-05-16 13:45:00,15616.589999999986,15850.249999999985
buy,low_vol,ema_flipped,1.0,13.4,20.1,1.58,sl,-13.4,-158.79,False,2025-05-16 16:30:00,15850.249999999985,15691.459999999985
sell,low_vol,ema_flipped,1.0,15.4,23.1,1.36,sl,-15.4,-157.08,False,2025-05-19 06:00:00,15691.459999999985,15534.379999999985
buy,high_vol,rsi,0.9627,21.2,31.799999999999997,0.92,tp,31.8,219.42,True,2025-05-19 17:15:00,15534.379999999985,15753.799999999985
buy,high_vol,rsi,0.6684,15.7,23.549999999999997,0.7,sl,-15.7,-82.43,False,2025-05-20 15:30:00,15753.799999999985,15671.369999999984
sell,low_vol,ema_flipped,1.0,15.1,22.65,1.38,sl,-15.1,-156.28,False,2025-05-23 11:45:00,15671.369999999984,15515.089999999984
sell,high_vol,rsi,0.739,16.9,25.349999999999998,0.77,sl,-16.9,-97.6,False,2025-05-26 01:45:00,15515.089999999984,15417.489999999983
sell,high_vol,rsi,0.6793,17.3,25.950000000000003,0.64,sl,-17.3,-83.04,False,2025-05-26 02:00:00,15417.489999999983,15334.449999999983
sell,low_vol,ema_flipped,1.0,9.3,13.950000000000001,2.2,sl,-9.3,-153.45,False,2025-05-26 08:30:00,15334.449999999983,15180.999999999982
buy,low_vol,ema_flipped,1.0,12.2,18.299999999999997,1.66,sl,-12.2,-151.89,False,2025-05-26 09:45:00,15180.999999999982,15029.109999999982
sell,low_vol,ema_flipped,1.0,11.5,17.25,1.74,sl,-11.5,-150.07,False,2025-05-26 19:45:00,15029.109999999982,14879.039999999983
buy,low_vol,ema_flipped,0.9999,14.6,21.9,1.36,timeout,-4.0,-40.8,False,2025-05-27 10:30:00,14879.039999999983,14838.239999999983
sell,low_vol,ema_flipped,1.0,13.8,20.700000000000003,1.43,tp,20.7,222.01,True,2025-05-27 16:30:00,14838.239999999983,15060.249999999984
buy,low_vol,ema_flipped,1.0,16.5,24.75,1.22,sl,-16.5,-150.97,False,2025-05-27 17:15:00,15060.249999999984,14909.279999999984
sell,low_vol,ema_flipped,0.9802,12.9,19.35,1.5,sl,-12.9,-145.13,False,2025-05-27 22:45:00,14909.279999999984,14764.149999999985
buy,high_vol,rsi,1.0,16.7,25.049999999999997,1.18,tp,25.05,221.69,True,2025-05-29 02:30:00,14764.149999999985,14985.839999999986
sell,high_vol,rsi,1.0,24.8,37.2,0.81,sl,-24.8,-150.66,False,2025-05-29 16:45:00,14985.839999999986,14835.179999999986
sell,high_vol,rsi,1.0,26.2,39.3,0.75,sl,-26.2,-147.38,False,2025-05-29 18:15:00,14835.179999999986,14687.799999999987
sell,high_vol,rsi,1.0,26.1,39.150000000000006,0.75,sl,-26.1,-146.81,False,2025-05-29 18:30:00,14687.799999999987,14540.989999999987
sell,high_vol,rsi,1.0,25.5,38.25,0.76,tp,38.25,218.02,True,2025-05-29 18:45:00,14540.989999999987,14759.009999999987
sell,high_vol,rsi,1.0,23.1,34.650000000000006,0.85,sl,-23.1,-147.26,False,2025-05-29 19:00:00,14759.009999999987,14611.749999999987
buy,low_vol,ema_flipped,0.9999,17.6,26.400000000000002,1.11,tp,26.4,219.78,True,2025-05-30 12:30:00,14611.749999999987,14831.529999999988
sell,low_vol,ema_flipped,1.0,15.3,22.950000000000003,1.29,sl,-15.3,-148.03,False,2025-06-02 11:45:00,14831.529999999988,14683.499999999987
buy,low_vol,ema_flipped,1.0,13.3,19.950000000000003,1.47,sl,-13.3,-146.63,False,2025-06-03 14:00:00,14683.499999999987,14536.869999999988
sell,low_vol,ema_flipped,1.0,11.2,16.799999999999997,1.73,tp,16.8,217.98,True,2025-06-05 03:15:00,14536.869999999988,14754.849999999988
buy,low_vol,ema_flipped,1.0,9.9,14.850000000000001,1.99,sl,-9.9,-147.76,False,2025-06-05 06:00:00,14754.849999999988,14607.089999999987
sell,high_vol,rsi,1.0,27.3,40.95,0.71,tp,40.95,218.06,True,2025-06-05 16:15:00,14607.089999999987,14825.149999999987
buy,low_vol,ema_flipped,1.0,6.7,10.05,2.95,tp,10.05,222.36,True,2025-06-06 09:15:00,14825.149999999987,15047.509999999987
sell,low_vol,ema_flipped,0.9998,10.0,15.0,2.01,sl,-10.0,-150.75,False,2025-06-09 05:15:00,15047.509999999987,14896.759999999987
buy,low_vol,ema_flipped,1.0,12.1,18.15,1.64,sl,-12.1,-148.83,False,2025-06-09 15:45:00,14896.759999999987,14747.929999999988
sell,low_vol,ema_flipped,0.8032,16.5,24.75,0.86,sl,-16.5,-106.42,False,2025-06-09 20:00:00,14747.929999999988,14641.509999999987
buy,low_vol,ema_flipped,0.9769,18.5,27.75,1.02,timeout,20.5,156.83,True,2025-06-10 19:15:00,14641.509999999987,14798.339999999987
sell,low_vol,ema_flipped,0.8662,15.2,22.799999999999997,1.05,sl,-15.2,-119.7,False,2025-06-11 12:00:00,14798.339999999987,14678.639999999987
sell,high_vol,rsi,1.0,22.5,33.75,0.87,sl,-22.5,-146.81,False,2025-06-11 18:45:00,14678.639999999987,14531.829999999987
sell,high_vol,rsi,1.0,20.2,30.299999999999997,0.96,sl,-20.2,-145.44,False,2025-06-12 12:45:00,14531.829999999987,14386.389999999987
sell,high_vol,rsi,1.0,21.7,32.55,0.88,sl,-21.7,-143.22,False,2025-06-12 13:00:00,14386.389999999987,14243.169999999987
sell,high_vol,rsi,1.0,22.1,33.150000000000006,0.86,sl,-22.1,-142.55,False,2025-06-12 13:15:00,14243.169999999987,14100.619999999988
sell,high_vol,rsi,1.0,23.0,34.5,0.82,sl,-23.0,-141.45,False,2025-06-12 13:30:00,14100.619999999988,13959.169999999987
sell,high_vol,rsi,1.0,25.6,38.400000000000006,0.73,sl,-25.6,-140.16,False,2025-06-12 13:45:00,13959.169999999987,13819.009999999987
sell,high_vol,rsi,1.0,27.2,40.8,0.68,sl,-27.2,-138.72,False,2025-06-12 14:00:00,13819.009999999987,13680.289999999988
sell,low_vol,ema_flipped,0.81,14.9,22.35,0.89,tp,22.35,149.19,True,2025-06-16 10:15:00,13680.289999999988,13829.479999999989
buy,low_vol,ema_flipped,0.942,15.2,22.799999999999997,1.11,sl,-15.2,-126.54,False,2025-06-16 20:45:00,13829.479999999989,13702.939999999988
sell,high_vol,rsi,1.0,18.7,28.049999999999997,0.98,sl,-18.7,-137.45,False,2025-06-17 23:30:00,13702.939999999988,13565.489999999987
buy,high_vol,rsi,1.0,20.9,31.349999999999998,0.87,timeout,-2.4,-15.66,False,2025-06-18 21:45:00,13565.489999999987,13549.829999999987
buy,high_vol,rsi,1.0,21.8,32.7,0.83,timeout,2.6,16.19,True,2025-06-18 22:15:00,13549.829999999987,13566.019999999988
buy,low_vol,ema_flipped,0.9849,12.4,18.6,1.43,tp,18.6,199.48,True,2025-06-19 05:00:00,13566.019999999988,13765.499999999987
sell,low_vol,ema_flipped,1.0,8.6,12.899999999999999,2.13,sl,-8.6,-137.39,False,2025-06-19 09:15:00,13765.499999999987,13628.109999999988
sell,high_vol,rsi,0.9708,15.6,23.4,1.12,tp,23.4,196.56,True,2025-06-19 17:00:00,13628.109999999988,13824.669999999987
buy,high_vol,rsi,1.0,16.0,24.0,1.15,sl,-16.0,-138.0,False,2025-06-23 00:15:00,13824.669999999987,13686.669999999987
sell,high_vol,rsi,1.0,23.5,35.25,0.78,sl,-23.5,-137.48,False,2025-06-23 18:45:00,13686.669999999987,13549.189999999988
sell,high_vol,rsi,1.0,26.2,39.3,0.69,sl,-26.2,-135.59,False,2025-06-23 19:30:00,13549.189999999988,13413.599999999988
sell,high_vol,rsi,1.0,26.5,39.75,0.67,sl,-26.5,-133.16,False,2025-06-23 19:45:00,13413.599999999988,13280.439999999988
sell,high_vol,rsi,1.0,26.5,39.75,0.67,sl,-26.5,-133.16,False,2025-06-23 20:00:00,13280.439999999988,13147.279999999988
sell,high_vol,rsi,1.0,26.1,39.150000000000006,0.67,sl,-26.1,-131.15,False,2025-06-23 20:15:00,13147.279999999988,13016.129999999988
sell,high_vol,rsi,1.0,21.8,32.7,0.8,sl,-21.8,-130.8,False,2025-06-23 21:30:00,13016.129999999988,12885.329999999989
sell,high_vol,rsi,0.9741,16.9,25.349999999999998,0.98,sl,-16.9,-124.21,False,2025-06-25 20:15:00,12885.329999999989,12761.11999999999
buy,high_vol,rsi,0.9917,15.2,22.799999999999997,1.11,sl,-15.2,-126.54,False,2025-06-26 15:00:00,12761.11999999999,12634.579999999989
buy,high_vol,rsi,1.0,19.7,29.549999999999997,0.86,sl,-19.7,-127.07,False,2025-06-26 16:00:00,12634.579999999989,12507.50999999999
buy,high_vol,rsi,1.0,21.6,32.400000000000006,0.77,sl,-21.6,-124.74,False,2025-06-26 16:45:00,12507.50999999999,12382.76999999999
buy,high_vol,rsi,1.0,25.0,37.5,0.66,tp,37.5,185.62,True,2025-06-26 18:00:00,12382.76999999999,12568.38999999999
sell,low_vol,ema_flipped,0.9841,15.4,23.1,1.06,sl,-15.4,-122.43,False,2025-06-27 12:45:00,12568.38999999999,12445.95999999999
buy,low_vol,ema_flipped,0.9851,13.6,20.4,1.19,tp,20.4,182.07,True,2025-06-30 16:00:00,12445.95999999999,12628.02999999999
buy,low_vol,ema_flipped,0.9999,11.6,17.4,1.45,tp,17.4,189.23,True,2025-07-01 11:00:00,12628.02999999999,12817.25999999999
buy,low_vol,ema_flipped,0.9999,12.1,18.15,1.41,sl,-12.1,-127.96,False,2025-07-02 12:15:00,12817.25999999999,12689.29999999999
buy,high_vol,rsi,0.7104,13.7,20.549999999999997,0.72,tp,20.55,110.97,True,2025-07-02 14:45:00,12689.29999999999,12800.26999999999
buy,high_vol,rsi,0.8262,14.3,21.450000000000003,0.9,tp,21.45,144.79,True,2025-07-02 15:00:00,12800.26999999999,12945.05999999999
buy,high_vol,rsi,1.0,16.2,24.299999999999997,1.07,timeout,15.2,121.98,True,2025-07-03 15:30:00,12945.05999999999,13067.03999999999
buy,high_vol,rsi,1.0,20.0,30.0,0.87,tp,30.0,195.75,True,2025-07-03 19:45:00,13067.03999999999,13262.78999999999
buy,high_vol,rsi,1.0,18.6,27.900000000000002,0.95,tp,27.9,198.79,True,2025-07-03 20:00:00,13262.78999999999,13461.57999999999
sell,low_vol,ema_flipped,1.0,10.1,15.149999999999999,1.78,tp,15.15,202.25,True,2025-07-04 11:00:00,13461.57999999999,13663.82999999999
buy,low_vol,ema_flipped,0.9999,12.0,18.0,1.52,tp,18.0,205.2,True,2025-07-07 15:45:00,13663.82999999999,13869.029999999992
sell,low_vol,ema_flipped,0.9999,12.4,18.6,1.49,tp,18.6,207.85,True,2025-07-08 01:45:00,13869.029999999992,14076.879999999992
buy,low_vol,ema_flipped,1.0,10.8,16.200000000000003,1.74,sl,-10.8,-140.94,False,2025-07-08 14:00:00,14076.879999999992,13935.939999999991
sell,low_vol,ema_flipped,0.9832,15.5,23.25,1.17,tp,23.25,204.02,True,2025-07-08 21:00:00,13935.939999999991,14139.959999999992
buy,low_vol,ema_flipped,1.0,8.1,12.149999999999999,2.33,tp,12.15,212.32,True,2025-07-09 07:00:00,14139.959999999992,14352.279999999992
sell,low_vol,ema_flipped,1.0,6.9,10.350000000000001,2.77,sl,-6.9,-143.35,False,2025-07-09 10:00:00,14352.279999999992,14208.929999999991
buy,low_vol,ema_flipped,1.0,10.9,16.35,1.74,sl,-10.9,-142.25,False,2025-07-10 14:00:00,14208.929999999991,14066.679999999991
sell,high_vol,rsi,1.0,12.2,18.299999999999997,1.54,tp,18.3,211.36,True,2025-07-11 03:15:00,14066.679999999991,14278.039999999992
sell,low_vol,ema_flipped,0.9999,13.4,20.1,1.42,tp,20.1,214.07,True,2025-07-11 12:00:00,14278.039999999992,14492.109999999991
sell,low_vol,ema_flipped,1.0,10.4,15.600000000000001,1.86,tp,15.6,217.62,True,2025-07-14 17:15:00,14492.109999999991,14709.729999999992
buy,low_vol,ema_flipped,1.0,11.9,17.85,1.65,sl,-11.9,-147.26,False,2025-07-14 18:00:00,14709.729999999992,14562.469999999992
sell,low_vol,ema_flipped,1.0,7.1,10.649999999999999,2.73,sl,-7.1,-145.37,False,2025-07-15 06:15:00,14562.469999999992,14417.099999999991
buy,low_vol,ema_flipped,1.0,10.3,15.450000000000001,1.87,sl,-10.3,-144.46,False,2025-07-15 14:15:00,14417.099999999991,14272.639999999992
buy,high_vol,rsi,1.0,13.7,20.549999999999997,1.39,sl,-13.7,-142.82,False,2025-07-15 15:30:00,14272.639999999992,14129.819999999992
buy,high_vol,rsi,0.9973,15.6,23.4,1.2,sl,-15.6,-140.4,False,2025-07-15 16:15:00,14129.819999999992,13989.419999999993
buy,high_vol,rsi,1.0,16.7,25.049999999999997,1.12,sl,-16.7,-140.28,False,2025-07-15 16:30:00,13989.419999999993,13849.139999999992
buy,high_vol,rsi,1.0,16.7,25.049999999999997,1.11,sl,-16.7,-139.03,False,2025-07-15 16:45:00,13849.139999999992,13710.109999999991
buy,high_vol,rsi,1.0,17.8,26.700000000000003,1.03,sl,-17.8,-137.5,False,2025-07-15 17:00:00,13710.109999999991,13572.609999999991
buy,high_vol,rsi,1.0,19.1,28.650000000000002,0.95,sl,-19.1,-136.09,False,2025-07-15 17:15:00,13572.609999999991,13436.519999999991
buy,high_vol,rsi,1.0,18.9,28.349999999999998,0.95,sl,-18.9,-134.66,False,2025-07-15 17:30:00,13436.519999999991,13301.859999999991
buy,high_vol,rsi,1.0,20.9,31.349999999999998,0.85,sl,-20.9,-133.24,False,2025-07-15 18:15:00,13301.859999999991,13168.619999999992
buy,high_vol,rsi,1.0,21.3,31.950000000000003,0.82,sl,-21.3,-130.99,False,2025-07-15 18:30:00,13168.619999999992,13037.629999999992
buy,high_vol,rsi,0.9999,17.6,26.400000000000002,0.99,sl,-17.6,-130.68,False,2025-07-15 19:00:00,13037.629999999992,12906.949999999992
buy,high_vol,rsi,0.9975,16.7,25.049999999999997,1.03,sl,-16.7,-129.01,False,2025-07-15 19:15:00,12906.949999999992,12777.939999999991
buy,high_vol,rsi,0.9822,16.7,25.049999999999997,0.99,timeout,1.9,14.11,True,2025-07-15 19:30:00,12777.939999999991,12792.049999999992
buy,high_vol,rsi,0.8836,16.4,24.599999999999998,0.87,timeout,3.7,24.14,True,2025-07-15 19:45:00,12792.049999999992,12816.189999999991
sell,low_vol,ema_flipped,1.0,6.3,9.45,2.71,tp,9.45,192.07,True,2025-07-17 08:00:00,12816.189999999991,13008.259999999991
buy,low_vol,ema_flipped,0.9947,6.6,9.899999999999999,2.61,sl,-6.6,-129.2,False,2025-07-17 09:00:00,13008.259999999991,12879.05999999999
buy,high_vol,rsi,1.0,9.1,13.649999999999999,1.89,sl,-9.1,-128.99,False,2025-07-17 09:15:00,12879.05999999999,12750.06999999999
buy,high_vol,rsi,0.998,10.1,15.149999999999999,1.68,tp,15.15,190.89,True,2025-07-17 09:30:00,12750.06999999999,12940.95999999999
buy,high_vol,rsi,0.9942,10.4,15.600000000000001,1.65,tp,15.6,193.05,True,2025-07-17 09:45:00,12940.95999999999,13134.00999999999
buy,low_vol,ema_flipped,0.986,11.0,16.5,1.56,tp,16.5,193.05,True,2025-07-18 22:15:00,13134.00999999999,13327.059999999989
sell,low_vol,ema_flipped,1.0,7.1,10.649999999999999,2.5,sl,-7.1,-133.12,False,2025-07-21 09:45:00,13327.059999999989,13193.939999999988
buy,low_vol,ema_flipped,0.93,14.7,22.049999999999997,1.08,sl,-14.7,-119.07,False,2025-07-22 21:15:00,13193.939999999988,13074.869999999988
sell,high_vol,rsi,0.9701,15.4,23.1,1.08,sl,-15.4,-124.74,False,2025-07-23 17:30:00,13074.869999999988,12950.129999999988
sell,high_vol,rsi,0.9959,16.3,24.450000000000003,1.05,sl,-16.3,-128.36,False,2025-07-23 18:00:00,12950.129999999988,12821.769999999988
sell,high_vol,rsi,0.9984,16.7,25.049999999999997,1.02,sl,-16.7,-127.76,False,2025-07-23 18:15:00,12821.769999999988,12694.009999999987
buy,high_vol,rsi,0.9646,13.6,20.4,1.18,tp,20.4,180.54,True,2025-07-25 14:00:00,12694.009999999987,12874.549999999988
sell,high_vol,rsi,1.0,19.5,29.25,0.88,sl,-19.5,-128.7,False,2025-07-25 17:30:00,12874.549999999988,12745.849999999988
sell,high_vol,rsi,1.0,19.7,29.549999999999997,0.86,sl,-19.7,-127.07,False,2025-07-25 17:45:00,12745.849999999988,12618.779999999988
sell,high_vol,rsi,1.0,20.3,30.450000000000003,0.83,sl,-20.3,-126.37,False,2025-07-25 18:00:00,12618.779999999988,12492.409999999987
sell,high_vol,rsi,1.0,20.9,31.349999999999998,0.8,sl,-20.9,-125.4,False,2025-07-25 18:15:00,12492.409999999987,12367.009999999987
sell,high_vol,rsi,1.0,20.4,30.599999999999998,0.81,sl,-20.4,-123.93,False,2025-07-25 18:30:00,12367.009999999987,12243.079999999987
sell,high_vol,rsi,1.0,20.3,30.450000000000003,0.8,sl,-20.3,-121.8,False,2025-07-25 18:45:00,12243.079999999987,12121.279999999988
sell,high_vol,rsi,1.0,20.2,30.299999999999997,0.8,sl,-20.2,-121.2,False,2025-07-25 19:00:00,12121.279999999988,12000.079999999987
sell,high_vol,rsi,1.0,19.5,29.25,0.82,sl,-19.5,-119.92,False,2025-07-25 19:15:00,12000.079999999987,11880.159999999987
sell,high_vol,rsi,0.9908,17.2,25.799999999999997,0.91,sl,-17.2,-117.39,False,2025-07-25 19:30:00,11880.159999999987,11762.769999999988
buy,high_vol,rsi,0.8643,8.7,13.049999999999999,1.45,timeout,-1.1,-11.96,False,2025-07-28 09:15:00,11762.769999999988,11750.809999999989
buy,high_vol,rsi,0.7811,13.0,19.5,0.83,sl,-13.0,-80.93,False,2025-07-28 10:45:00,11750.809999999989,11669.879999999988
buy,high_vol,rsi,0.7595,13.5,20.25,0.76,sl,-13.5,-76.95,False,2025-07-28 11:00:00,11669.879999999988,11592.929999999988
buy,high_vol,rsi,0.7858,14.1,21.15,0.76,sl,-14.1,-80.37,False,2025-07-28 11:15:00,11592.929999999988,11512.559999999987
buy,high_vol,rsi,0.893,15.1,22.65,0.86,sl,-15.1,-97.39,False,2025-07-28 11:30:00,11512.559999999987,11415.169999999987
buy,high_vol,rsi,0.9784,15.5,23.25,0.95,sl,-15.5,-110.44,False,2025-07-28 11:45:00,11415.169999999987,11304.729999999987
buy,high_vol,rsi,0.9989,15.7,23.549999999999997,0.96,sl,-15.7,-113.04,False,2025-07-28 12:00:00,11304.729999999987,11191.689999999986
buy,high_vol,rsi,0.9999,16.1,24.150000000000002,0.93,sl,-16.1,-112.3,False,2025-07-28 12:15:00,11191.689999999986,11079.389999999987
buy,high_vol,rsi,1.0,17.5,26.25,0.84,sl,-17.5,-110.25,False,2025-07-28 12:30:00,11079.389999999987,10969.139999999987
buy,high_vol,rsi,0.9999,15.9,23.85,0.92,sl,-15.9,-109.71,False,2025-07-28 12:45:00,10969.139999999987,10859.429999999988
buy,high_vol,rsi,1.0,16.4,24.599999999999998,0.88,sl,-16.4,-108.24,False,2025-07-28 13:00:00,10859.429999999988,10751.189999999988
buy,high_vol,rsi,1.0,16.7,25.049999999999997,0.86,sl,-16.7,-107.72,False,2025-07-28 13:15:00,10751.189999999988,10643.469999999988
buy,high_vol,rsi,0.9997,16.2,24.299999999999997,0.88,sl,-16.2,-106.92,False,2025-07-28 13:30:00,10643.469999999988,10536.549999999988
buy,high_vol,rsi,0.9998,16.5,24.75,0.85,sl,-16.5,-105.19,False,2025-07-28 13:45:00,10536.549999999988,10431.359999999988
buy,high_vol,rsi,0.9995,16.2,24.299999999999997,0.86,sl,-16.2,-104.49,False,2025-07-28 14:00:00,10431.359999999988,10326.869999999988
buy,high_vol,rsi,0.9992,15.8,23.700000000000003,0.87,sl,-15.8,-103.09,False,2025-07-28 14:30:00,10326.869999999988,10223.779999999988
buy,high_vol,rsi,0.9996,16.0,24.0,0.85,sl,-16.0,-102.0,False,2025-07-28 14:45:00,10223.779999999988,10121.779999999988
buy,high_vol,rsi,1.0,17.0,25.5,0.79,sl,-17.0,-100.73,False,2025-07-28 15:00:00,10121.779999999988,10021.049999999988
buy,high_vol,rsi,1.0,18.8,28.200000000000003,0.71,sl,-18.8,-100.11,False,2025-07-28 18:30:00,10021.049999999988,9920.939999999988
buy,high_vol,rsi,1.0,18.9,28.349999999999998,0.7,sl,-18.9,-99.22,False,2025-07-28 18:45:00,9920.939999999988,9821.719999999988
buy,high_vol,rsi,1.0,18.8,28.200000000000003,0.7,sl,-18.8,-98.7,False,2025-07-28 19:00:00,9821.719999999988,9723.019999999988
buy,high_vol,rsi,1.0,17.9,26.849999999999998,0.72,sl,-17.9,-96.66,False,2025-07-28 19:15:00,9723.019999999988,9626.359999999988
buy,high_vol,rsi,0.9995,17.4,26.099999999999998,0.74,sl,-17.4,-96.57,False,2025-07-28 19:30:00,9626.359999999988,9529.789999999988
buy,high_vol,rsi,0.9831,17.0,25.5,0.73,sl,-17.0,-93.08,False,2025-07-28 19:45:00,9529.789999999988,9436.709999999988
buy,high_vol,rsi,0.8411,16.1,24.150000000000002,0.6,sl,-16.1,-72.45,False,2025-07-28 20:00:00,9436.709999999988,9364.259999999987
buy,high_vol,rsi,1.0,14.8,22.200000000000003,0.84,tp,22.2,139.86,True,2025-07-29 09:45:00,9364.259999999987,9504.119999999988
buy,high_vol,rsi,1.0,16.2,24.299999999999997,0.78,tp,24.3,142.15,True,2025-07-29 10:00:00,9504.119999999988,9646.269999999988
sell,high_vol,rsi,1.0,18.2,27.299999999999997,0.71,tp,27.3,145.37,True,2025-07-29 13:15:00,9646.269999999988,9791.639999999989
sell,high_vol,rsi,1.0,17.0,25.5,0.77,tp,25.5,147.26,True,2025-07-29 13:30:00,9791.639999999989,9938.899999999989
buy,high_vol,rsi,1.0,16.4,24.599999999999998,0.81,tp,24.6,149.44,True,2025-07-29 16:00:00,9938.899999999989,10088.33999999999
buy,high_vol,rsi,0.9998,16.3,24.450000000000003,0.83,tp,24.45,152.2,True,2025-07-29 16:15:00,10088.33999999999,10240.53999999999
buy,high_vol,rsi,1.0,17.1,25.650000000000002,0.8,tp,25.65,153.9,True,2025-07-29 16:30:00,10240.53999999999,10394.43999999999
sell,low_vol,ema_flipped,1.0,7.4,11.100000000000001,1.87,tp,11.1,155.68,True,2025-07-30 05:45:00,10394.43999999999,10550.11999999999
buy,low_vol,ema_flipped,1.0,7.9,11.850000000000001,1.78,sl,-7.9,-105.47,False,2025-07-30 07:00:00,10550.11999999999,10444.64999999999
sell,low_vol,ema_flipped,0.9095,12.2,18.299999999999997,0.99,tp,18.3,135.88,True,2025-07-30 12:15:00,10444.64999999999,10580.52999999999
buy,low_vol,ema_flipped,0.9983,11.6,17.4,1.21,sl,-11.6,-105.27,False,2025-07-30 14:00:00,10580.52999999999,10475.25999999999
buy,high_vol,rsi,0.9995,13.2,19.799999999999997,1.06,sl,-13.2,-104.94,False,2025-07-30 15:00:00,10475.25999999999,10370.319999999989
buy,high_vol,rsi,0.9999,14.3,21.450000000000003,0.97,sl,-14.3,-104.03,False,2025-07-30 15:15:00,10370.319999999989,10266.289999999988
buy,high_vol,rsi,1.0,17.5,26.25,0.78,sl,-17.5,-102.37,False,2025-07-30 15:30:00,10266.289999999988,10163.919999999987
buy,high_vol,rsi,1.0,19.4,29.099999999999998,0.7,tp,29.1,152.77,True,2025-07-30 15:45:00,10163.919999999987,10316.689999999988
buy,high_vol,rsi,1.0,21.7,32.55,0.63,tp,32.55,153.8,True,2025-07-30 16:00:00,10316.689999999988,10470.489999999987
buy,high_vol,rsi,1.0,22.1,33.150000000000006,0.63,tp,33.15,156.63,True,2025-07-30 16:15:00,10470.489999999987,10627.119999999986
buy,high_vol,rsi,1.0,22.6,33.900000000000006,0.63,tp,33.9,160.18,True,2025-07-30 16:30:00,10627.119999999986,10787.299999999987
buy,high_vol,rsi,1.0,24.2,36.3,0.59,tp,36.3,160.63,True,2025-07-30 16:45:00,10787.299999999987,10947.929999999986
buy,high_vol,rsi,1.0,24.8,37.2,0.59,sl,-24.8,-109.74,False,2025-07-30 17:00:00,10947.929999999986,10838.189999999986
sell,high_vol,rsi,0.8282,9.4,14.100000000000001,1.16,tp,14.1,122.67,True,2025-07-31 03:15:00,10838.189999999986,10960.859999999986
sell,low_vol,ema_flipped,0.9999,8.6,12.899999999999999,1.7,sl,-8.6,-109.65,False,2025-08-01 09:00:00,10960.859999999986,10851.209999999986
buy,low_vol,ema_flipped,1.0,6.5,9.75,2.23,sl,-6.5,-108.71,False,2025-08-05 08:30:00,10851.209999999986,10742.499999999987
buy,low_vol,ema_flipped,1.0,6.2,9.3,2.31,tp,9.3,161.12,True,2025-08-06 05:45:00,10742.499999999987,10903.619999999988
sell,low_vol,ema_flipped,1.0,6.5,9.75,2.24,sl,-6.5,-109.2,False,2025-08-06 06:15:00,10903.619999999988,10794.419999999987
buy,high_vol,rsi,0.8977,14.9,22.35,0.82,timeout,2.7,16.6,True,2025-08-07 14:30:00,10794.419999999987,10811.019999999988
buy,high_vol,rsi,0.7117,14.8,22.200000000000003,0.57,timeout,2.5,10.69,True,2025-08-07 15:00:00,10811.019999999988,10821.709999999988
sell,low_vol,ema_flipped,0.9957,12.6,18.9,1.14,sl,-12.6,-107.73,False,2025-08-07 23:00:00,10821.709999999988,10713.979999999989
buy,low_vol,ema_flipped,1.0,7.0,10.5,2.04,sl,-7.0,-107.1,False,2025-08-08 09:30:00,10713.979999999989,10606.879999999988
sell,high_vol,rsi,0.9013,14.7,22.049999999999997,0.83,sl,-14.7,-91.51,False,2025-08-08 16:45:00,10606.879999999988,10515.369999999988
sell,high_vol,rsi,0.9962,16.0,24.0,0.87,tp,24.0,156.6,True,2025-08-08 17:00:00,10515.369999999988,10671.969999999988
sell,high_vol,rsi,0.9989,16.6,24.900000000000002,0.86,tp,24.9,160.61,True,2025-08-08 17:15:00,10671.969999999988,10832.579999999989
sell,high_vol,rsi,0.9997,16.8,25.200000000000003,0.86,tp,25.2,162.54,True,2025-08-08 17:30:00,10832.579999999989,10995.11999999999
sell,high_vol,rsi,0.9998,17.1,25.650000000000002,0.86,tp,25.65,165.44,True,2025-08-08 17:45:00,10995.11999999999,11160.55999999999
sell,high_vol,rsi,0.9999,17.0,25.5,0.88,tp,25.5,168.3,True,2025-08-08 18:00:00,11160.55999999999,11328.85999999999
sell,high_vol,rsi,1.0,17.0,25.5,0.89,tp,25.5,170.21,True,2025-08-08 18:15:00,11328.85999999999,11499.069999999989
sell,high_vol,rsi,1.0,17.3,25.950000000000003,0.89,tp,25.95,173.22,True,2025-08-08 18:30:00,11499.069999999989,11672.289999999988
buy,low_vol,ema_flipped,0.9955,12.4,18.6,1.25,sl,-12.4,-116.25,False,2025-08-11 16:15:00,11672.289999999988,11556.039999999988
buy,high_vol,rsi,0.8392,14.5,21.75,0.82,timeout,-3.3,-20.29,False,2025-08-11 17:15:00,11556.039999999988,11535.749999999987
buy,high_vol,rsi,0.86,14.9,22.35,0.83,timeout,3.7,23.03,True,2025-08-11 17:30:00,11535.749999999987,11558.779999999988
buy,high_vol,rsi,0.8333,14.2,21.299999999999997,0.83,timeout,3.3,20.54,True,2025-08-11 17:45:00,11558.779999999988,11579.319999999989
buy,high_vol,rsi,0.7524,14.4,21.6,0.69,timeout,7.4,38.29,True,2025-08-11 18:00:00,11579.319999999989,11617.60999999999
sell,low_vol,ema_flipped,1.0,13.0,19.5,1.19,sl,-13.0,-116.03,False,2025-08-12 11:45:00,11617.60999999999,11501.579999999989
buy,low_vol,ema_flipped,0.9999,13.8,20.700000000000003,1.11,tp,20.7,172.33,True,2025-08-12 12:30:00,11501.579999999989,11673.909999999989
sell,low_vol,ema_flipped,1.0,10.3,15.450000000000001,1.51,sl,-10.3,-116.65,False,2025-08-12 14:30:00,11673.909999999989,11557.25999999999
buy,low_vol,ema_flipped,1.0,7.0,10.5,2.2,sl,-7.0,-115.5,False,2025-08-14 09:45:00,11557.25999999999,11441.75999999999
sell,low_vol,ema_flipped,0.9998,12.8,19.200000000000003,1.19,tp,19.2,171.36,True,2025-08-14 14:45:00,11441.75999999999,11613.11999999999
sell,low_vol,ema_flipped,1.0,5.7,8.55,2.72,sl,-5.7,-116.28,False,2025-08-15 04:30:00,11613.11999999999,11496.83999999999
sell,high_vol,rsi,1.0,14.3,21.450000000000003,1.07,sl,-14.3,-114.76,False,2025-08-15 16:45:00,11496.83999999999,11382.079999999989
sell,high_vol,rsi,1.0,15.4,23.1,0.99,sl,-15.4,-114.35,False,2025-08-15 17:00:00,11382.079999999989,11267.729999999989
sell,high_vol,rsi,1.0,15.8,23.700000000000003,0.95,timeout,-3.5,-24.94,False,2025-08-15 17:15:00,11267.729999999989,11242.789999999988
sell,high_vol,rsi,1.0,16.1,24.150000000000002,0.93,timeout,4.0,27.9,True,2025-08-15 17:30:00,11242.789999999988,11270.689999999988
sell,high_vol,rsi,1.0,16.5,24.75,0.91,timeout,6.5,44.36,True,2025-08-15 17:45:00,11270.689999999988,11315.049999999988
sell,high_vol,rsi,1.0,18.1,27.150000000000002,0.83,timeout,4.6,28.63,True,2025-08-15 18:15:00,11315.049999999988,11343.679999999988
sell,high_vol,rsi,1.0,18.3,27.450000000000003,0.83,timeout,8.1,50.42,True,2025-08-15 18:30:00,11343.679999999988,11394.099999999988
sell,high_vol,rsi,1.0,18.5,27.75,0.82,timeout,3.6,22.14,True,2025-08-15 18:45:00,11394.099999999988,11416.239999999987
buy,high_vol,rsi,0.998,9.9,14.850000000000001,1.53,sl,-9.9,-113.6,False,2025-08-18 10:45:00,11416.239999999987,11302.639999999987
buy,low_vol,ema_flipped,0.9924,11.5,17.25,1.3,sl,-11.5,-112.12,False,2025-08-18 11:15:00,11302.639999999987,11190.519999999986
sell,low_vol,ema_flipped,1.0,11.6,17.4,1.29,sl,-11.6,-112.23,False,2025-08-19 11:00:00,11190.519999999986,11078.289999999986
buy,low_vol,ema_flipped,1.0,6.6,9.899999999999999,2.24,tp,9.9,166.32,True,2025-08-21 09:30:00,11078.289999999986,11244.609999999986
sell,low_vol,ema_flipped,0.9918,11.2,16.799999999999997,1.32,tp,16.8,166.32,True,2025-08-21 10:45:00,11244.609999999986,11410.929999999986
sell,low_vol,ema_flipped,1.0,10.6,15.899999999999999,1.44,sl,-10.6,-114.48,False,2025-08-22 15:45:00,11410.929999999986,11296.449999999986
sell,high_vol,rsi,1.0,23.6,35.400000000000006,0.64,tp,35.4,169.92,True,2025-08-22 20:00:00,11296.449999999986,11466.369999999986
sell,high_vol,rsi,1.0,23.2,34.8,0.66,tp,34.8,172.26,True,2025-08-22 20:15:00,11466.369999999986,11638.629999999986
sell,high_vol,rsi,1.0,17.1,25.650000000000002,0.91,tp,25.65,175.06,True,2025-08-22 20:30:00,11638.629999999986,11813.689999999986
buy,low_vol,ema_flipped,0.9999,10.6,15.899999999999999,1.49,sl,-10.6,-118.46,False,2025-08-25 13:15:00,11813.689999999986,11695.229999999987
sell,high_vol,rsi,1.0,12.0,18.0,1.3,tp,18.0,175.5,True,2025-08-26 03:30:00,11695.229999999987,11870.729999999987
buy,low_vol,ema_flipped,1.0,7.5,11.25,2.11,sl,-7.5,-118.69,False,2025-08-29 04:15:00,11870.729999999987,11752.039999999986
sell,high_vol,rsi,0.9996,8.2,12.299999999999999,1.91,sl,-8.2,-117.47,False,2025-09-01 09:00:00,11752.039999999986,11634.569999999987
sell,high_vol,rsi,0.9604,7.9,11.850000000000001,1.85,sl,-7.9,-109.61,False,2025-09-01 09:15:00,11634.569999999987,11524.959999999986
buy,low_vol,ema_flipped,1.0,8.1,12.149999999999999,1.9,sl,-8.1,-115.42,False,2025-09-02 06:15:00,11524.959999999986,11409.539999999986
buy,high_vol,rsi,1.0,20.3,30.450000000000003,0.75,tp,30.45,171.28,True,2025-09-02 12:30:00,11409.539999999986,11580.819999999987
sell,high_vol,rsi,1.0,20.2,30.299999999999997,0.76,tp,30.3,172.71,True,2025-09-02 17:00:00,11580.819999999987,11753.529999999986
sell,high_vol,rsi,1.0,20.5,30.75,0.76,tp,30.75,175.27,True,2025-09-02 17:15:00,11753.529999999986,11928.799999999987
buy,high_vol,rsi,1.0,14.7,22.049999999999997,1.08,sl,-14.7,-119.07,False,2025-09-02 20:30:00,11928.799999999987,11809.729999999987
buy,high_vol,rsi,1.0,14.0,21.0,1.12,sl,-14.0,-117.6,False,2025-09-02 20:45:00,11809.729999999987,11692.129999999986
buy,high_vol,rsi,1.0,13.4,20.1,1.16,sl,-13.4,-116.58,False,2025-09-02 21:00:00,11692.129999999986,11575.549999999987
buy,high_vol,rsi,1.0,13.2,19.799999999999997,1.17,sl,-13.2,-115.83,False,2025-09-02 21:15:00,11575.549999999987,11459.719999999987
buy,high_vol,rsi,1.0,12.9,19.35,1.18,sl,-12.9,-114.17,False,2025-09-02 21:30:00,11459.719999999987,11345.549999999987
buy,high_vol,rsi,1.0,12.5,18.75,1.21,tp,18.75,170.16,True,2025-09-02 21:45:00,11345.549999999987,11515.709999999986
sell,high_vol,rsi,1.0,35.5,53.25,0.43,tp,53.25,171.73,True,2025-09-05 18:00:00,11515.709999999986,11687.439999999986
sell,high_vol,rsi,1.0,33.4,50.099999999999994,0.47,tp,50.1,176.6,True,2025-09-05 18:45:00,11687.439999999986,11864.039999999986
buy,high_vol,rsi,0.9947,10.8,16.200000000000003,1.45,tp,16.2,176.17,True,2025-09-05 23:45:00,11864.039999999986,12040.209999999986
sell,high_vol,rsi,1.0,16.5,24.75,0.97,sl,-16.5,-120.04,False,2025-09-08 17:15:00,12040.209999999986,11920.169999999986
sell,high_vol,rsi,1.0,17.0,25.5,0.93,sl,-17.0,-118.58,False,2025-09-08 17:45:00,11920.169999999986,11801.589999999986
sell,high_vol,rsi,1.0,17.6,26.400000000000002,0.89,sl,-17.6,-117.48,False,2025-09-08 18:00:00,11801.589999999986,11684.109999999986
sell,high_vol,rsi,1.0,17.0,25.5,0.92,tp,25.5,175.95,True,2025-09-08 19:00:00,11684.109999999986,11860.059999999987
buy,low_vol,ema_flipped,1.0,9.1,13.649999999999999,1.74,tp,13.65,178.13,True,2025-09-11 00:00:00,11860.059999999987,12038.189999999986
sell,low_vol,ema_flipped,1.0,5.4,8.100000000000001,2.97,sl,-5.4,-120.28,False,2025-09-11 03:30:00,12038.189999999986,11917.909999999985
buy,low_vol,ema_flipped,0.9986,11.6,17.4,1.37,tp,17.4,178.79,True,2025-09-12 12:45:00,11917.909999999985,12096.699999999986
sell,low_vol,ema_flipped,0.9998,10.9,16.35,1.48,tp,16.35,181.49,True,2025-09-12 13:30:00,12096.699999999986,12278.189999999986
buy,low_vol,ema_flipped,0.9999,11.0,16.5,1.49,sl,-11.0,-122.93,False,2025-09-12 14:30:00,12278.189999999986,12155.259999999986
buy,low_vol,ema_flipped,1.0,8.8,13.200000000000001,1.84,sl,-8.8,-121.44,False,2025-09-15 03:00:00,12155.259999999986,12033.819999999985
sell,low_vol,ema_flipped,0.9182,11.5,17.25,1.23,sl,-11.5,-106.09,False,2025-09-15 12:00:00,12033.819999999985,11927.729999999985
buy,low_vol,ema_flipped,0.9898,12.4,18.6,1.26,sl,-12.4,-117.18,False,2025-09-15 20:30:00,11927.729999999985,11810.549999999985
sell,low_vol,ema_flipped,0.9949,9.0,13.5,1.74,sl,-9.0,-117.45,False,2025-09-16 10:30:00,11810.549999999985,11693.099999999984
sell,high_vol,rsi,0.7849,12.1,18.15,0.89,sl,-12.1,-80.77,False,2025-09-16 12:00:00,11693.099999999984,11612.329999999984
sell,high_vol,rsi,0.95,12.2,18.299999999999997,1.18,sl,-12.2,-107.97,False,2025-09-16 12:15:00,11612.329999999984,11504.359999999984
sell,high_vol,rsi,0.9983,12.7,19.049999999999997,1.2,tp,19.05,171.45,True,2025-09-16 12:30:00,11504.359999999984,11675.809999999985
sell,high_vol,rsi,1.0,21.9,32.849999999999994,0.71,sl,-21.9,-116.62,False,2025-09-16 18:30:00,11675.809999999985,11559.189999999984
sell,high_vol,rsi,1.0,21.6,32.400000000000006,0.71,sl,-21.6,-115.02,False,2025-09-16 18:45:00,11559.189999999984,11444.169999999984
sell,high_vol,rsi,1.0,19.7,29.549999999999997,0.77,sl,-19.7,-113.77,False,2025-09-16 19:00:00,11444.169999999984,11330.399999999983
sell,high_vol,rsi,1.0,19.9,29.849999999999998,0.76,sl,-19.9,-113.43,False,2025-09-16 19:15:00,11330.399999999983,11216.969999999983
sell,high_vol,rsi,1.0,19.8,29.700000000000003,0.76,tp,29.7,169.29,True,2025-09-16 19:30:00,11216.969999999983,11386.259999999984
sell,high_vol,rsi,1.0,19.2,28.799999999999997,0.79,sl,-19.2,-113.76,False,2025-09-16 19:45:00,11386.259999999984,11272.499999999984
sell,high_vol,rsi,1.0,19.1,28.650000000000002,0.79,tp,28.65,169.75,True,2025-09-16 20:00:00,11272.499999999984,11442.249999999984
sell,high_vol,rsi,1.0,18.4,27.599999999999998,0.83,tp,27.6,171.81,True,2025-09-16 20:15:00,11442.249999999984,11614.059999999983
buy,high_vol,rsi,1.0,20.0,30.0,0.77,tp,30.0,173.25,True,2025-09-18 00:30:00,11614.059999999983,11787.309999999983
buy,high_vol,rsi,1.0,18.2,27.299999999999997,0.86,sl,-18.2,-117.39,False,2025-09-18 00:45:00,11787.309999999983,11669.919999999984
buy,high_vol,rsi,1.0,14.9,22.35,1.04,sl,-14.9,-116.22,False,2025-09-18 01:00:00,11669.919999999984,11553.699999999984
sell,high_vol,rsi,0.9872,14.0,21.0,1.08,tp,21.0,170.1,True,2025-09-18 12:15:00,11553.699999999984,11723.799999999985
sell,high_vol,rsi,0.9871,13.9,20.85,1.1,tp,20.85,172.01,True,2025-09-18 12:30:00,11723.799999999985,11895.809999999985
buy,high_vol,rsi,1.0,15.1,22.65,1.05,sl,-15.1,-118.91,False,2025-09-18 16:00:00,11895.809999999985,11776.899999999985
buy,high_vol,rsi,1.0,15.3,22.950000000000003,1.03,sl,-15.3,-118.19,False,2025-09-18 16:15:00,11776.899999999985,11658.709999999985
buy,high_vol,rsi,1.0,17.2,25.799999999999997,0.9,tp,25.8,174.15,True,2025-09-18 16:30:00,11658.709999999985,11832.859999999984
buy,high_vol,rsi,1.0,17.4,26.099999999999998,0.91,tp,26.1,178.13,True,2025-09-18 16:45:00,11832.859999999984,12010.989999999983
sell,high_vol,rsi,1.0,11.4,17.1,1.4,sl,-11.4,-119.7,False,2025-09-22 10:15:00,12010.989999999983,11891.289999999983
sell,high_vol,rsi,0.9979,11.7,17.549999999999997,1.35,sl,-11.7,-118.46,False,2025-09-22 10:30:00,11891.289999999983,11772.829999999984
sell,high_vol,rsi,0.9989,11.7,17.549999999999997,1.34,sl,-11.7,-117.58,False,2025-09-22 10:45:00,11772.829999999984,11655.249999999984
sell,high_vol,rsi,0.9997,12.8,19.200000000000003,1.21,sl,-12.8,-116.16,False,2025-09-22 11:00:00,11655.249999999984,11539.089999999984
sell,high_vol,rsi,0.9991,13.3,19.950000000000003,1.16,sl,-13.3,-115.71,False,2025-09-22 11:15:00,11539.089999999984,11423.379999999985
sell,high_vol,rsi,0.9993,13.8,20.700000000000003,1.1,sl,-13.8,-113.85,False,2025-09-22 11:30:00,11423.379999999985,11309.529999999984
sell,high_vol,rsi,0.9996,14.1,21.15,1.07,sl,-14.1,-113.15,False,2025-09-22 11:45:00,11309.529999999984,11196.379999999985
sell,high_vol,rsi,0.9999,14.7,22.049999999999997,1.02,sl,-14.7,-112.46,False,2025-09-22 12:00:00,11196.379999999985,11083.919999999986
sell,high_vol,rsi,0.9998,14.4,21.6,1.03,sl,-14.4,-111.24,False,2025-09-22 12:15:00,11083.919999999986,10972.679999999986
sell,high_vol,rsi,1.0,15.3,22.950000000000003,0.96,sl,-15.3,-110.16,False,2025-09-22 12:45:00,10972.679999999986,10862.519999999986
sell,high_vol,rsi,1.0,14.8,22.200000000000003,0.98,sl,-14.8,-108.78,False,2025-09-22 13:00:00,10862.519999999986,10753.739999999985
sell,high_vol,rsi,0.9999,15.0,22.5,0.96,sl,-15.0,-108.0,False,2025-09-22 13:15:00,10753.739999999985,10645.739999999985
sell,high_vol,rsi,0.9998,14.8,22.200000000000003,0.96,timeout,6.3,45.36,True,2025-09-23 21:00:00,10645.739999999985,10691.099999999986
sell,high_vol,rsi,0.9985,14.7,22.049999999999997,0.97,timeout,4.4,32.01,True,2025-09-23 21:15:00,10691.099999999986,10723.109999999986
sell,high_vol,rsi,0.9886,14.1,21.15,1.0,tp,21.15,158.63,True,2025-09-23 21:30:00,10723.109999999986,10881.739999999985
sell,high_vol,rsi,0.9578,13.5,20.25,1.01,tp,20.25,153.39,True,2025-09-23 21:45:00,10881.739999999985,11035.129999999985
sell,high_vol,rsi,0.7709,13.7,20.549999999999997,0.72,timeout,4.6,24.84,True,2025-09-23 22:00:00,11035.129999999985,11059.969999999985
sell,low_vol,ema_flipped,1.0,6.0,9.0,2.46,tp,9.0,166.05,True,2025-09-25 09:30:00,11059.969999999985,11226.019999999984
buy,low_vol,ema_flipped,0.9995,8.6,12.899999999999999,1.74,sl,-8.6,-112.23,False,2025-09-25 11:00:00,11226.019999999984,11113.789999999985
sell,low_vol,ema_flipped,0.8769,11.9,17.85,1.03,tp,17.85,137.89,True,2025-09-25 13:30:00,11113.789999999985,11251.679999999984
buy,high_vol,rsi,1.0,19.6,29.400000000000002,0.77,sl,-19.6,-113.19,False,2025-09-25 17:00:00,11251.679999999984,11138.489999999983
sell,low_vol,ema_flipped,0.9992,9.0,13.5,1.65,sl,-9.0,-111.37,False,2025-09-26 11:00:00,11138.489999999983,11027.119999999983
sell,high_vol,rsi,1.0,17.0,25.5,0.86,tp,25.5,164.48,True,2025-09-29 16:30:00,11027.119999999983,11191.599999999982
buy,high_vol,rsi,0.9999,15.3,22.950000000000003,0.98,timeout,-1.2,-8.82,False,2025-09-29 19:15:00,11191.599999999982,11182.779999999982
buy,high_vol,rsi,0.9992,14.7,22.049999999999997,1.01,timeout,-2.1,-15.91,False,2025-09-29 19:30:00,11182.779999999982,11166.869999999983
buy,high_vol,rsi,0.9272,14.0,21.0,0.95,timeout,-2.5,-17.81,False,2025-09-29 20:00:00,11166.869999999983,11149.059999999983
buy,high_vol,rsi,0.7613,13.4,20.1,0.73,timeout,2.3,12.59,True,2025-09-29 20:15:00,11149.059999999983,11161.649999999983
buy,low_vol,ema_flipped,1.0,9.1,13.649999999999999,1.64,tp,13.65,167.9,True,2025-09-30 00:15:00,11161.649999999983,11329.549999999983
sell,low_vol,ema_flipped,1.0,8.2,12.299999999999999,1.84,tp,12.3,169.74,True,2025-09-30 02:45:00,11329.549999999983,11499.289999999983
buy,low_vol,ema_flipped,1.0,7.7,11.55,1.99,sl,-7.7,-114.92,False,2025-09-30 04:00:00,11499.289999999983,11384.369999999983
sell,low_vol,ema_flipped,1.0,6.9,10.350000000000001,2.2,sl,-6.9,-113.85,False,2025-09-30 09:00:00,11384.369999999983,11270.519999999982
buy,low_vol,ema_flipped,0.9999,9.7,14.549999999999999,1.55,tp,14.55,169.14,True,2025-10-02 00:45:00,11270.519999999982,11439.659999999982
sell,low_vol,ema_flipped,1.0,8.7,13.049999999999999,1.75,sl,-8.7,-114.19,False,2025-10-02 02:15:00,11439.659999999982,11325.469999999981
sell,low_vol,ema_flipped,1.0,9.8,14.700000000000001,1.54,sl,-9.8,-113.19,False,2025-10-02 22:15:00,11325.469999999981,11212.27999999998
buy,low_vol,ema_flipped,1.0,8.8,13.200000000000001,1.7,tp,13.2,168.3,True,2025-10-02 22:45:00,11212.27999999998,11380.57999999998
sell,low_vol,ema_flipped,0.9999,9.2,13.799999999999999,1.65,sl,-9.2,-113.85,False,2025-10-02 23:00:00,11380.57999999998,11266.72999999998
buy,low_vol,ema_flipped,1.0,7.3,10.95,2.06,tp,10.95,169.18,True,2025-10-03 00:15:00,11266.72999999998,11435.90999999998
sell,low_vol,ema_flipped,1.0,7.3,10.95,2.09,sl,-7.3,-114.43,False,2025-10-03 00:30:00,11435.90999999998,11321.47999999998
buy,low_vol,ema_flipped,1.0,7.4,11.100000000000001,2.04,tp,11.1,169.83,True,2025-10-03 00:45:00,11321.47999999998,11491.30999999998
sell,low_vol,ema_flipped,1.0,8.0,12.0,1.92,sl,-8.0,-115.2,False,2025-10-03 01:00:00,11491.30999999998,11376.109999999979
buy,high_vol,rsi,0.9998,11.9,17.85,1.27,timeout,14.8,140.97,True,2025-10-06 09:45:00,11376.109999999979,11517.079999999978
buy,high_vol,rsi,1.0,20.1,30.150000000000002,0.76,tp,30.15,171.85,True,2025-10-06 10:45:00,11517.079999999978,11688.929999999978
buy,high_vol,rsi,1.0,21.1,31.650000000000002,0.74,tp,31.65,175.66,True,2025-10-06 11:00:00,11688.929999999978,11864.589999999978
sell,high_vol,rsi,1.0,15.4,23.1,1.03,sl,-15.4,-118.97,False,2025-10-06 16:00:00,11864.589999999978,11745.619999999979
sell,high_vol,rsi,1.0,14.9,22.35,1.05,sl,-14.9,-117.34,False,2025-10-06 16:30:00,11745.619999999979,11628.279999999979
sell,high_vol,rsi,0.9999,14.6,21.9,1.06,tp,21.9,174.1,True,2025-10-06 16:45:00,11628.279999999979,11802.37999999998
sell,high_vol,rsi,1.0,15.3,22.950000000000003,1.03,tp,22.95,177.29,True,2025-10-06 17:00:00,11802.37999999998,11979.66999999998
sell,high_vol,rsi,0.9999,15.6,23.4,1.02,sl,-15.6,-119.34,False,2025-10-06 17:15:00,11979.66999999998,11860.32999999998
sell,high_vol,rsi,1.0,15.8,23.700000000000003,1.0,tp,23.7,177.75,True,2025-10-06 17:30:00,11860.32999999998,12038.07999999998
sell,high_vol,rsi,1.0,15.7,23.549999999999997,1.02,tp,23.55,180.16,True,2025-10-06 17:45:00,12038.07999999998,12218.23999999998
buy,high_vol,rsi,0.8419,9.9,14.850000000000001,1.27,sl,-9.9,-94.3,False,2025-10-09 11:30:00,12218.23999999998,12123.93999999998
buy,high_vol,rsi,0.9929,10.7,16.049999999999997,1.5,sl,-10.7,-120.37,False,2025-10-09 11:45:00,12123.93999999998,12003.56999999998
buy,high_vol,rsi,1.0,11.6,17.4,1.38,sl,-11.6,-120.06,False,2025-10-09 12:00:00,12003.56999999998,11883.50999999998
sell,low_vol,ema_flipped,1.0,5.8,8.7,2.73,sl,-5.8,-118.76,False,2025-10-10 03:45:00,11883.50999999998,11764.74999999998
sell,low_vol,ema_flipped,1.0,7.5,11.25,2.09,sl,-7.5,-117.56,False,2025-10-13 21:45:00,11764.74999999998,11647.18999999998
buy,low_vol,ema_flipped,1.0,7.3,10.95,2.13,tp,10.95,174.93,True,2025-10-14 03:15:00,11647.18999999998,11822.11999999998
sell,low_vol,ema_flipped,1.0,7.4,11.100000000000001,2.13,sl,-7.4,-118.21,False,2025-10-14 04:45:00,11822.11999999998,11703.909999999982
sell,high_vol,rsi,1.0,18.7,28.049999999999997,0.83,sl,-18.7,-116.41,False,2025-10-14 20:15:00,11703.909999999982,11587.499999999982
sell,high_vol,rsi,1.0,15.5,23.25,1.0,sl,-15.5,-116.25,False,2025-10-16 20:00:00,11587.499999999982,11471.249999999982
sell,high_vol,rsi,1.0,16.4,24.599999999999998,0.93,sl,-16.4,-114.39,False,2025-10-16 22:15:00,11471.249999999982,11356.859999999982
buy,high_vol,rsi,1.0,16.5,24.75,0.92,sl,-16.5,-113.85,False,2025-10-17 13:30:00,11356.859999999982,11243.009999999982
buy,high_vol,rsi,1.0,16.9,25.349999999999998,0.89,sl,-16.9,-112.81,False,2025-10-17 13:45:00,11243.009999999982,11130.199999999983
buy,high_vol,rsi,1.0,18.9,28.349999999999998,0.79,sl,-18.9,-111.98,False,2025-10-17 14:00:00,11130.199999999983,11018.219999999983
buy,high_vol,rsi,1.0,18.6,27.900000000000002,0.79,sl,-18.6,-110.2,False,2025-10-17 14:15:00,11018.219999999983,10908.019999999982
buy,high_vol,rsi,1.0,17.9,26.849999999999998,0.81,sl,-17.9,-108.74,False,2025-10-17 14:30:00,10908.019999999982,10799.279999999982
buy,high_vol,rsi,1.0,17.9,26.849999999999998,0.8,sl,-17.9,-107.4,False,2025-10-17 14:45:00,10799.279999999982,10691.879999999983
buy,high_vol,rsi,1.0,18.2,27.299999999999997,0.78,sl,-18.2,-106.47,False,2025-10-17 15:00:00,10691.879999999983,10585.409999999983
buy,high_vol,rsi,1.0,17.1,25.650000000000002,0.83,sl,-17.1,-106.45,False,2025-10-17 15:15:00,10585.409999999983,10478.959999999983
buy,high_vol,rsi,1.0,17.2,25.799999999999997,0.81,sl,-17.2,-104.49,False,2025-10-17 15:30:00,10478.959999999983,10374.469999999983
buy,high_vol,rsi,1.0,17.2,25.799999999999997,0.8,sl,-17.2,-103.2,False,2025-10-17 15:45:00,10374.469999999983,10271.269999999982
buy,high_vol,rsi,1.0,16.7,25.049999999999997,0.82,sl,-16.7,-102.71,False,2025-10-17 16:00:00,10271.269999999982,10168.559999999983
buy,high_vol,rsi,1.0,19.6,29.400000000000002,0.69,tp,29.4,152.14,True,2025-10-17 17:00:00,10168.559999999983,10320.699999999983
buy,high_vol,rsi,1.0,12.7,19.049999999999997,1.08,sl,-12.7,-102.87,False,2025-10-17 21:15:00,10320.699999999983,10217.829999999982
buy,high_vol,rsi,0.9875,11.4,17.1,1.17,sl,-11.4,-100.03,False,2025-10-17 22:00:00,10217.829999999982,10117.799999999981
buy,high_vol,rsi,0.9753,11.2,16.799999999999997,1.16,sl,-11.2,-97.44,False,2025-10-17 22:15:00,10117.799999999981,10020.35999999998
buy,high_vol,rsi,0.9769,10.6,15.899999999999999,1.22,sl,-10.6,-96.99,False,2025-10-17 22:30:00,10020.35999999998,9923.36999999998
buy,high_vol,rsi,0.9979,11.1,16.65,1.19,sl,-11.1,-99.07,False,2025-10-17 22:45:00,9923.36999999998,9824.299999999981
buy,high_vol,rsi,1.0,12.0,18.0,1.09,sl,-12.0,-98.1,False,2025-10-17 23:00:00,9824.299999999981,9726.19999999998
buy,high_vol,rsi,0.9996,12.1,18.15,1.07,tp,18.15,145.65,True,2025-10-17 23:15:00,9726.19999999998,9871.84999999998
buy,high_vol,rsi,1.0,13.7,20.549999999999997,0.96,tp,20.55,147.96,True,2025-10-17 23:45:00,9871.84999999998,10019.80999999998
buy,high_vol,rsi,1.0,17.7,26.549999999999997,0.75,tp,26.55,149.34,True,2025-10-21 15:30:00,10019.80999999998,10169.14999999998
sell,high_vol,rsi,1.0,13.3,19.950000000000003,1.02,sl,-13.3,-101.75,False,2025-10-24 15:30:00,10169.14999999998,10067.39999999998
sell,high_vol,rsi,1.0,14.1,21.15,0.95,sl,-14.1,-100.46,False,2025-10-24 15:45:00,10067.39999999998,9966.93999999998
buy,high_vol,rsi,0.9468,11.6,17.4,1.06,sl,-11.6,-92.22,False,2025-10-24 20:30:00,9966.93999999998,9874.719999999981
buy,high_vol,rsi,0.7361,11.2,16.799999999999997,0.73,sl,-11.2,-61.32,False,2025-10-24 20:45:00,9874.719999999981,9813.399999999981
buy,low_vol,ema_flipped,0.9997,8.5,12.75,1.54,sl,-8.5,-98.18,False,2025-10-27 05:15:00,9813.399999999981,9715.219999999981
sell,low_vol,ema_flipped,0.9999,10.3,15.450000000000001,1.26,sl,-10.3,-97.34,False,2025-10-27 15:45:00,9715.219999999981,9617.879999999981
buy,high_vol,rsi,0.9996,12.6,18.9,1.02,sl,-12.6,-96.39,False,2025-10-28 16:45:00,9617.879999999981,9521.489999999982
buy,high_vol,rsi,0.9997,13.4,20.1,0.95,sl,-13.4,-95.47,False,2025-10-28 17:00:00,9521.489999999982,9426.019999999982
buy,high_vol,rsi,0.9996,13.7,20.549999999999997,0.92,sl,-13.7,-94.53,False,2025-10-28 17:15:00,9426.019999999982,9331.489999999982
buy,high_vol,rsi,0.9997,13.7,20.549999999999997,0.91,sl,-13.7,-93.5,False,2025-10-28 17:30:00,9331.489999999982,9237.989999999982
buy,high_vol,rsi,0.9997,13.9,20.85,0.89,sl,-13.9,-92.78,False,2025-10-28 17:45:00,9237.989999999982,9145.209999999981
buy,high_vol,rsi,1.0,15.4,23.1,0.79,sl,-15.4,-91.25,False,2025-10-28 18:00:00,9145.209999999981,9053.959999999981
buy,high_vol,rsi,1.0,16.0,24.0,0.75,sl,-16.0,-90.0,False,2025-10-28 18:15:00,9053.959999999981,8963.959999999981
buy,high_vol,rsi,1.0,16.0,24.0,0.75,sl,-16.0,-90.0,False,2025-10-28 18:30:00,8963.959999999981,8873.959999999981
buy,high_vol,rsi,1.0,16.7,25.049999999999997,0.71,timeout,-1.9,-10.12,False,2025-10-28 18:45:00,8873.959999999981,8863.83999999998
buy,high_vol,rsi,1.0,14.8,22.200000000000003,0.8,sl,-14.8,-88.8,False,2025-10-29 17:15:00,8863.83999999998,8775.03999999998
buy,high_vol,rsi,1.0,14.8,22.200000000000003,0.79,sl,-14.8,-87.69,False,2025-10-29 17:30:00,8775.03999999998,8687.34999999998
buy,high_vol,rsi,1.0,15.7,23.549999999999997,0.74,sl,-15.7,-87.14,False,2025-10-29 18:00:00,8687.34999999998,8600.209999999981
buy,high_vol,rsi,1.0,15.9,23.85,0.72,sl,-15.9,-85.86,False,2025-10-29 18:15:00,8600.209999999981,8514.34999999998
buy,high_vol,rsi,1.0,19.3,28.950000000000003,0.59,tp,28.95,128.1,True,2025-10-29 22:15:00,8514.34999999998,8642.44999999998
sell,low_vol,ema_flipped,1.0,5.6,8.399999999999999,2.06,sl,-5.6,-86.52,False,2025-10-31 09:45:00,8642.44999999998,8555.92999999998
buy,high_vol,rsi,1.0,17.4,26.099999999999998,0.66,tp,26.1,129.2,True,2025-10-31 18:15:00,8555.92999999998,8685.129999999981
sell,low_vol,ema_flipped,0.6759,10.8,16.200000000000003,0.58,sl,-10.8,-46.98,False,2025-11-03 14:15:00,8685.129999999981,8638.149999999981
buy,low_vol,ema_flipped,0.9818,10.3,15.450000000000001,1.09,tp,15.45,126.3,True,2025-11-03 15:15:00,8638.149999999981,8764.44999999998
sell,low_vol,ema_flipped,0.9663,10.3,15.450000000000001,1.08,sl,-10.3,-83.43,False,2025-11-03 15:30:00,8764.44999999998,8681.01999999998
sell,high_vol,rsi,1.0,15.2,22.799999999999997,0.76,tp,22.8,129.96,True,2025-11-03 18:15:00,8681.01999999998,8810.97999999998
sell,high_vol,rsi,1.0,15.2,22.799999999999997,0.77,tp,22.8,131.67,True,2025-11-03 18:30:00,8810.97999999998,8942.64999999998
buy,low_vol,ema_flipped,0.9986,11.3,16.950000000000003,1.05,tp,16.95,133.48,True,2025-11-04 14:15:00,8942.64999999998,9076.12999999998
sell,low_vol,ema_flipped,1.0,8.5,12.75,1.42,sl,-8.5,-90.53,False,2025-11-04 23:30:00,9076.12999999998,8985.599999999979
buy,low_vol,ema_flipped,1.0,8.7,13.049999999999999,1.38,tp,13.05,135.07,True,2025-11-05 21:30:00,8985.599999999979,9120.669999999978
sell,low_vol,ema_flipped,1.0,7.2,10.8,1.69,tp,10.8,136.89,True,2025-11-05 23:30:00,9120.669999999978,9257.559999999978
buy,low_vol,ema_flipped,1.0,8.0,12.0,1.54,tp,12.0,138.6,True,2025-11-06 00:00:00,9257.559999999978,9396.159999999978
sell,low_vol,ema_flipped,1.0,6.5,9.75,1.93,sl,-6.5,-94.09,False,2025-11-06 02:00:00,9396.159999999978,9302.069999999978
sell,high_vol,rsi,1.0,12.8,19.200000000000003,0.97,sl,-12.8,-93.12,False,2025-11-06 16:15:00,9302.069999999978,9208.949999999977
sell,high_vol,rsi,1.0,13.3,19.950000000000003,0.92,sl,-13.3,-91.77,False,2025-11-06 16:30:00,9208.949999999977,9117.179999999977
sell,high_vol,rsi,1.0,13.5,20.25,0.9,sl,-13.5,-91.12,False,2025-11-06 16:45:00,9117.179999999977,9026.059999999976
sell,high_vol,rsi,1.0,14.2,21.299999999999997,0.85,sl,-14.2,-90.52,False,2025-11-06 17:00:00,9026.059999999976,8935.539999999975
sell,high_vol,rsi,1.0,14.8,22.200000000000003,0.81,sl,-14.8,-89.91,False,2025-11-06 17:15:00,8935.539999999975,8845.629999999976
sell,high_vol,rsi,1.0,14.8,22.200000000000003,0.8,sl,-14.8,-88.8,False,2025-11-06 17:30:00,8845.629999999976,8756.829999999976
sell,high_vol,rsi,1.0,15.9,23.85,0.73,tp,23.85,130.58,True,2025-11-06 17:45:00,8756.829999999976,8887.409999999976
sell,high_vol,rsi,1.0,15.8,23.700000000000003,0.75,tp,23.7,133.31,True,2025-11-06 18:00:00,8887.409999999976,9020.719999999976
sell,high_vol,rsi,1.0,15.3,22.950000000000003,0.79,tp,22.95,135.98,True,2025-11-06 18:15:00,9020.719999999976,9156.699999999975
sell,high_vol,rsi,1.0,15.5,23.25,0.79,tp,23.25,137.76,True,2025-11-06 18:30:00,9156.699999999975,9294.459999999975
sell,high_vol,rsi,1.0,15.7,23.549999999999997,0.79,tp,23.55,139.53,True,2025-11-06 18:45:00,9294.459999999975,9433.989999999976
sell,high_vol,rsi,0.9944,10.5,15.75,1.19,tp,15.75,140.57,True,2025-11-07 13:15:00,9433.989999999976,9574.559999999976
sell,high_vol,rsi,0.9861,9.8,14.700000000000001,1.28,tp,14.7,141.12,True,2025-11-07 14:00:00,9574.559999999976,9715.679999999977
sell,high_vol,rsi,0.9931,10.0,15.0,1.28,tp,15.0,144.0,True,2025-11-07 14:30:00,9715.679999999977,9859.679999999977
buy,high_vol,rsi,1.0,15.1,22.65,0.87,sl,-15.1,-98.53,False,2025-11-07 21:30:00,9859.679999999977,9761.149999999976
buy,high_vol,rsi,1.0,15.4,23.1,0.85,sl,-15.4,-98.18,False,2025-11-07 21:45:00,9761.149999999976,9662.969999999976
buy,high_vol,rsi,1.0,14.8,22.200000000000003,0.87,sl,-14.8,-96.57,False,2025-11-07 23:00:00,9662.969999999976,9566.399999999976
sell,low_vol,ema_flipped,1.0,5.0,7.5,2.55,tp,7.5,143.44,True,2025-11-11 07:00:00,9566.399999999976,9709.839999999976
buy,low_vol,ema_flipped,1.0,5.3,7.949999999999999,2.44,sl,-5.3,-96.99,False,2025-11-12 05:45:00,9709.839999999976,9612.849999999977
sell,low_vol,ema_flipped,0.9985,7.7,11.55,1.66,tp,11.55,143.8,True,2025-11-12 23:45:00,9612.849999999977,9756.649999999976
sell,high_vol,rsi,1.0,11.7,17.549999999999997,1.11,tp,17.55,146.1,True,2025-11-13 11:00:00,9756.649999999976,9902.749999999976
sell,high_vol,rsi,1.0,11.9,17.85,1.11,tp,17.85,148.6,True,2025-11-13 11:15:00,9902.749999999976,10051.349999999977
sell,high_vol,rsi,1.0,13.6,20.4,0.99,sl,-13.6,-100.98,False,2025-11-13 17:15:00,10051.349999999977,9950.369999999977
sell,high_vol,rsi,1.0,14.5,21.75,0.91,sl,-14.5,-98.96,False,2025-11-13 17:30:00,9950.369999999977,9851.409999999978
sell,high_vol,rsi,1.0,14.7,22.049999999999997,0.89,sl,-14.7,-98.12,False,2025-11-13 17:45:00,9851.409999999978,9753.289999999977
sell,high_vol,rsi,1.0,14.6,21.9,0.89,sl,-14.6,-97.46,False,2025-11-13 18:00:00,9753.289999999977,9655.829999999978
sell,high_vol,rsi,1.0,15.0,22.5,0.86,sl,-15.0,-96.75,False,2025-11-13 18:30:00,9655.829999999978,9559.079999999978
sell,high_vol,rsi,1.0,14.8,22.200000000000003,0.86,sl,-14.8,-95.46,False,2025-11-13 18:45:00,9559.079999999978,9463.619999999979
sell,high_vol,rsi,1.0,14.9,22.35,0.85,sl,-14.9,-94.99,False,2025-11-13 19:00:00,9463.619999999979,9368.62999999998
sell,high_vol,rsi,1.0,14.4,21.6,0.87,tp,21.6,140.94,True,2025-11-13 19:15:00,9368.62999999998,9509.56999999998
sell,high_vol,rsi,1.0,15.0,22.5,0.85,tp,22.5,143.44,True,2025-11-13 19:30:00,9509.56999999998,9653.00999999998
sell,high_vol,rsi,1.0,15.1,22.65,0.85,tp,22.65,144.39,True,2025-11-13 19:45:00,9653.00999999998,9797.39999999998
sell,high_vol,rsi,1.0,13.7,20.549999999999997,0.95,tp,20.55,146.42,True,2025-11-13 20:00:00,9797.39999999998,9943.81999999998
sell,high_vol,rsi,1.0,13.2,19.799999999999997,1.0,tp,19.8,148.5,True,2025-11-13 20:15:00,9943.81999999998,10092.31999999998
sell,high_vol,rsi,1.0,12.9,19.35,1.04,tp,19.35,150.93,True,2025-11-13 20:30:00,10092.31999999998,10243.24999999998
sell,high_vol,rsi,1.0,13.0,19.5,1.05,tp,19.5,153.56,True,2025-11-13 20:45:00,10243.24999999998,10396.80999999998
buy,high_vol,rsi,1.0,12.4,18.6,1.12,tp,18.6,156.24,True,2025-11-14 12:30:00,10396.80999999998,10553.04999999998
buy,high_vol,rsi,1.0,12.0,18.0,1.17,tp,18.0,157.95,True,2025-11-14 12:45:00,10553.04999999998,10710.99999999998
buy,high_vol,rsi,1.0,12.0,18.0,1.19,tp,18.0,160.65,True,2025-11-14 13:00:00,10710.99999999998,10871.64999999998
buy,high_vol,rsi,1.0,11.6,17.4,1.25,tp,17.4,163.13,True,2025-11-14 13:15:00,10871.64999999998,11034.779999999979
buy,high_vol,rsi,1.0,16.8,25.200000000000003,0.88,sl,-16.8,-110.88,False,2025-11-14 18:00:00,11034.779999999979,10923.89999999998
buy,high_vol,rsi,1.0,16.7,25.049999999999997,0.87,sl,-16.7,-108.97,False,2025-11-14 18:15:00,10923.89999999998,10814.92999999998
sell,low_vol,ema_flipped,0.9862,9.8,14.700000000000001,1.44,tp,14.7,158.76,True,2025-11-17 23:45:00,10814.92999999998,10973.68999999998
sell,high_vol,rsi,0.7795,8.4,12.600000000000001,1.19,tp,12.6,112.46,True,2025-11-18 06:15:00,10973.68999999998,11086.14999999998
buy,high_vol,rsi,1.0,13.1,19.65,1.13,timeout,1.1,9.32,True,2025-11-18 12:15:00,11086.14999999998,11095.46999999998
buy,high_vol,rsi,1.0,12.5,18.75,1.18,sl,-12.5,-110.62,False,2025-11-18 12:30:00,11095.46999999998,10984.849999999979
buy,high_vol,rsi,0.9998,12.4,18.6,1.18,timeout,3.1,27.44,True,2025-11-18 12:45:00,10984.849999999979,11012.289999999979
buy,high_vol,rsi,0.9997,12.4,18.6,1.18,timeout,3.7,32.74,True,2025-11-18 13:00:00,11012.289999999979,11045.029999999979
buy,high_vol,rsi,0.9994,12.3,18.450000000000003,1.2,timeout,6.8,61.2,True,2025-11-18 13:15:00,11045.029999999979,11106.22999999998
buy,high_vol,rsi,0.9978,11.7,17.549999999999997,1.26,sl,-11.7,-110.56,False,2025-11-18 13:30:00,11106.22999999998,10995.66999999998
buy,high_vol,rsi,0.9977,11.3,16.950000000000003,1.29,timeout,4.5,43.54,True,2025-11-18 13:45:00,10995.66999999998,11039.209999999981
buy,high_vol,rsi,1.0,20.7,31.049999999999997,0.71,tp,31.05,165.34,True,2025-11-18 19:45:00,11039.209999999981,11204.549999999981
buy,high_vol,rsi,1.0,20.3,30.450000000000003,0.74,tp,30.45,169.0,True,2025-11-18 20:00:00,11204.549999999981,11373.549999999981
buy,high_vol,rsi,1.0,19.8,29.700000000000003,0.77,tp,29.7,171.52,True,2025-11-18 20:15:00,11373.549999999981,11545.069999999982
buy,high_vol,rsi,1.0,19.0,28.5,0.81,tp,28.5,173.14,True,2025-11-18 20:30:00,11545.069999999982,11718.209999999981
buy,high_vol,rsi,1.0,18.1,27.150000000000002,0.86,tp,27.15,175.12,True,2025-11-18 20:45:00,11718.209999999981,11893.329999999982
sell,high_vol,rsi,1.0,18.7,28.049999999999997,0.85,tp,28.05,178.82,True,2025-11-20 20:45:00,11893.329999999982,12072.149999999981
sell,high_vol,rsi,1.0,18.3,27.450000000000003,0.88,tp,27.45,181.17,True,2025-11-20 21:00:00,12072.149999999981,12253.319999999982
buy,high_vol,rsi,1.0,16.0,24.0,1.02,tp,24.0,183.6,True,2025-11-21 13:00:00,12253.319999999982,12436.919999999982
buy,high_vol,rsi,1.0,16.2,24.299999999999997,1.02,sl,-16.2,-123.93,False,2025-11-21 13:15:00,12436.919999999982,12312.989999999982
buy,high_vol,rsi,1.0,15.6,23.4,1.05,tp,23.4,184.28,True,2025-11-21 13:30:00,12312.989999999982,12497.269999999982
buy,high_vol,rsi,1.0,15.4,23.1,1.08,tp,23.1,187.11,True,2025-11-21 13:45:00,12497.269999999982,12684.379999999983
sell,low_vol,ema_flipped,1.0,6.0,9.0,2.82,sl,-6.0,-126.9,False,2025-11-24 07:00:00,12684.379999999983,12557.479999999983
sell,high_vol,rsi,1.0,13.0,19.5,1.29,tp,19.5,188.66,True,2025-11-24 12:00:00,12557.479999999983,12746.139999999983
sell,high_vol,rsi,1.0,13.4,20.1,1.27,tp,20.1,191.45,True,2025-11-24 12:30:00,12746.139999999983,12937.589999999984
sell,high_vol,rsi,1.0,13.4,20.1,1.29,tp,20.1,194.47,True,2025-11-24 12:45:00,12937.589999999984,13132.059999999983
sell,high_vol,rsi,0.9999,13.8,20.700000000000003,1.27,tp,20.7,197.17,True,2025-11-24 13:15:00,13132.059999999983,13329.229999999983
sell,high_vol,rsi,0.9993,12.1,18.15,1.47,tp,18.15,200.1,True,2025-11-24 13:30:00,13329.229999999983,13529.329999999984
sell,high_vol,rsi,1.0,18.7,28.049999999999997,0.96,tp,28.05,201.96,True,2025-11-25 16:30:00,13529.329999999984,13731.289999999983
sell,high_vol,rsi,1.0,20.2,30.299999999999997,0.91,tp,30.3,206.8,True,2025-11-25 17:00:00,13731.289999999983,13938.089999999982
sell,high_vol,rsi,1.0,21.6,32.400000000000006,0.86,tp,32.4,208.98,True,2025-11-25 17:15:00,13938.089999999982,14147.069999999982
buy,high_vol,rsi,1.0,15.1,22.65,1.25,sl,-15.1,-141.56,False,2025-11-28 14:30:00,14147.069999999982,14005.509999999982
buy,high_vol,rsi,1.0,15.5,23.25,1.2,sl,-15.5,-139.5,False,2025-11-28 14:45:00,14005.509999999982,13866.009999999982
buy,high_vol,rsi,1.0,16.1,24.150000000000002,1.15,sl,-16.1,-138.86,False,2025-11-28 15:00:00,13866.009999999982,13727.149999999981
buy,high_vol,rsi,1.0,15.8,23.700000000000003,1.16,sl,-15.8,-137.46,False,2025-11-28 15:15:00,13727.149999999981,13589.689999999982
buy,high_vol,rsi,1.0,17.7,26.549999999999997,1.02,sl,-17.7,-135.41,False,2025-11-28 15:30:00,13589.689999999982,13454.279999999982
buy,high_vol,rsi,1.0,17.6,26.400000000000002,1.02,sl,-17.6,-134.64,False,2025-11-28 15:45:00,13454.279999999982,13319.639999999983
buy,high_vol,rsi,1.0,17.9,26.849999999999998,0.99,sl,-17.9,-132.91,False,2025-11-28 16:00:00,13319.639999999983,13186.729999999983
buy,high_vol,rsi,1.0,19.0,28.5,0.93,tp,28.5,198.79,True,2025-11-28 16:15:00,13186.729999999983,13385.519999999984
buy,high_vol,rsi,1.0,19.5,29.25,0.92,sl,-19.5,-134.55,False,2025-11-28 16:30:00,13385.519999999984,13250.969999999985
buy,high_vol,rsi,1.0,20.6,30.900000000000002,0.86,tp,30.9,199.31,True,2025-11-28 17:00:00,13250.969999999985,13450.279999999984
buy,high_vol,rsi,1.0,20.5,30.75,0.87,tp,30.75,200.64,True,2025-11-28 17:15:00,13450.279999999984,13650.919999999984
buy,high_vol,rsi,1.0,20.0,30.0,0.91,tp,30.0,204.75,True,2025-11-28 17:30:00,13650.919999999984,13855.669999999984
sell,high_vol,rsi,1.0,16.2,24.299999999999997,1.14,timeout,2.7,23.08,True,2025-11-28 20:30:00,13855.669999999984,13878.749999999984
sell,high_vol,rsi,1.0,16.1,24.150000000000002,1.15,timeout,1.2,10.35,True,2025-11-28 20:45:00,13878.749999999984,13889.099999999984
sell,high_vol,rsi,1.0,15.5,23.25,1.19,tp,23.25,207.51,True,2025-11-28 21:00:00,13889.099999999984,14096.609999999984
sell,high_vol,rsi,1.0,14.0,21.0,1.34,tp,21.0,211.05,True,2025-11-28 21:15:00,14096.609999999984,14307.659999999983
buy,high_vol,rsi,1.0,11.9,17.85,1.6,tp,17.85,214.2,True,2025-12-02 17:00:00,14307.659999999983,14521.859999999984
buy,high_vol,rsi,1.0,12.3,18.450000000000003,1.57,tp,18.45,217.25,True,2025-12-02 17:15:00,14521.859999999984,14739.109999999984
buy,high_vol,rsi,1.0,14.0,21.0,1.4,tp,21.0,220.5,True,2025-12-02 17:45:00,14739.109999999984,14959.609999999984
buy,high_vol,rsi,1.0,14.2,21.299999999999997,1.4,tp,21.3,223.65,True,2025-12-02 18:00:00,14959.609999999984,15183.259999999984
sell,low_vol,ema_flipped,0.9996,6.6,9.899999999999999,3.07,sl,-6.6,-151.97,False,2025-12-03 04:00:00,15183.259999999984,15031.289999999985
buy,high_vol,rsi,1.0,13.6,20.4,1.47,sl,-13.6,-149.94,False,2025-12-04 17:00:00,15031.289999999985,14881.349999999984
buy,high_vol,rsi,1.0,14.3,21.450000000000003,1.39,sl,-14.3,-149.08,False,2025-12-04 17:15:00,14881.349999999984,14732.269999999984
buy,high_vol,rsi,1.0,14.8,22.200000000000003,1.33,timeout,-1.7,-16.96,False,2025-12-04 17:30:00,14732.269999999984,14715.309999999985
buy,high_vol,rsi,1.0,15.2,22.799999999999997,1.29,sl,-15.2,-147.06,False,2025-12-04 17:45:00,14715.309999999985,14568.249999999985
buy,high_vol,rsi,1.0,15.1,22.65,1.29,sl,-15.1,-146.09,False,2025-12-04 18:00:00,14568.249999999985,14422.159999999985
buy,high_vol,rsi,1.0,15.3,22.950000000000003,1.26,timeout,0.7,6.61,True,2025-12-04 18:15:00,14422.159999999985,14428.769999999986
buy,high_vol,rsi,1.0,14.9,22.35,1.29,timeout,4.4,42.57,True,2025-12-04 18:30:00,14428.769999999986,14471.339999999986
buy,high_vol,rsi,1.0,15.0,22.5,1.29,timeout,5.5,53.21,True,2025-12-04 18:45:00,14471.339999999986,14524.549999999985
buy,high_vol,rsi,1.0,14.0,21.0,1.38,timeout,3.6,37.26,True,2025-12-04 19:15:00,14524.549999999985,14561.809999999985
buy,high_vol,rsi,0.9972,13.0,19.5,1.49,timeout,3.1,34.64,True,2025-12-04 19:45:00,14561.809999999985,14596.449999999984
buy,high_vol,rsi,1.0,15.6,23.4,1.25,sl,-15.6,-146.25,False,2025-12-05 15:30:00,14596.449999999984,14450.199999999984
buy,high_vol,rsi,1.0,16.6,24.900000000000002,1.16,sl,-16.6,-144.42,False,2025-12-05 15:45:00,14450.199999999984,14305.779999999984
buy,high_vol,rsi,1.0,17.3,25.950000000000003,1.1,sl,-17.3,-142.73,False,2025-12-05 16:00:00,14305.779999999984,14163.049999999985
buy,high_vol,rsi,1.0,20.7,31.049999999999997,0.91,sl,-20.7,-141.28,False,2025-12-05 16:45:00,14163.049999999985,14021.769999999984
buy,high_vol,rsi,1.0,22.0,33.0,0.85,sl,-22.0,-140.25,False,2025-12-05 17:30:00,14021.769999999984,13881.519999999984
buy,high_vol,rsi,1.0,22.4,33.599999999999994,0.83,sl,-22.4,-139.44,False,2025-12-05 17:45:00,13881.519999999984,13742.079999999984
buy,high_vol,rsi,1.0,23.1,34.650000000000006,0.79,sl,-23.1,-136.87,False,2025-12-05 18:00:00,13742.079999999984,13605.209999999983
buy,high_vol,rsi,1.0,23.5,35.25,0.77,sl,-23.5,-135.71,False,2025-12-05 18:15:00,13605.209999999983,13469.499999999984
buy,high_vol,rsi,1.0,24.5,36.75,0.73,sl,-24.5,-134.14,False,2025-12-05 18:30:00,13469.499999999984,13335.359999999984
buy,high_vol,rsi,1.0,24.7,37.05,0.72,sl,-24.7,-133.38,False,2025-12-05 18:45:00,13335.359999999984,13201.979999999985
buy,high_vol,rsi,1.0,19.9,29.849999999999998,0.88,sl,-19.9,-131.34,False,2025-12-05 19:15:00,13201.979999999985,13070.639999999985
buy,high_vol,rsi,1.0,18.7,28.049999999999997,0.93,sl,-18.7,-130.43,False,2025-12-05 19:45:00,13070.639999999985,12940.209999999985
buy,high_vol,rsi,1.0,18.0,27.0,0.96,sl,-18.0,-129.6,False,2025-12-05 20:00:00,12940.209999999985,12810.609999999984
sell,high_vol,rsi,1.0,14.0,21.0,1.22,timeout,-8.0,-73.2,False,2025-12-08 20:30:00,12810.609999999984,12737.409999999983
sell,high_vol,rsi,1.0,13.5,20.25,1.26,timeout,-0.9,-8.5,False,2025-12-08 20:45:00,12737.409999999983,12728.909999999983
sell,high_vol,rsi,1.0,12.4,18.6,1.37,timeout,-3.5,-35.96,False,2025-12-08 21:00:00,12728.909999999983,12692.949999999984
sell,high_vol,rsi,0.9847,10.4,15.600000000000001,1.59,sl,-10.4,-124.02,False,2025-12-08 21:45:00,12692.949999999984,12568.929999999984
sell,high_vol,rsi,0.6657,8.8,13.200000000000001,0.99,sl,-8.8,-65.34,False,2025-12-08 22:30:00,12568.929999999984,12503.589999999984
sell,low_vol,ema_flipped,1.0,6.0,9.0,2.78,sl,-6.0,-125.1,False,2025-12-09 03:00:00,12503.589999999984,12378.489999999983
sell,low_vol,ema_flipped,1.0,5.0,7.5,3.3,sl,-5.0,-123.75,False,2025-12-10 08:45:00,12378.489999999983,12254.739999999983
sell,high_vol,rsi,0.9998,6.7,10.05,2.44,sl,-6.7,-122.61,False,2025-12-10 09:45:00,12254.739999999983,12132.129999999983
buy,low_vol,ema_flipped,1.0,7.6,11.399999999999999,2.13,sl,-7.6,-121.41,False,2025-12-12 10:30:00,12132.129999999983,12010.719999999983
sell,high_vol,rsi,1.0,11.6,17.4,1.38,sl,-11.6,-120.06,False,2025-12-12 17:00:00,12010.719999999983,11890.659999999983
sell,high_vol,rsi,1.0,12.7,19.049999999999997,1.25,sl,-12.7,-119.06,False,2025-12-12 17:15:00,11890.659999999983,11771.599999999984
sell,high_vol,rsi,1.0,12.6,18.9,1.25,sl,-12.6,-118.13,False,2025-12-12 17:30:00,11771.599999999984,11653.469999999985
sell,high_vol,rsi,1.0,13.4,20.1,1.16,sl,-13.4,-116.58,False,2025-12-12 17:45:00,11653.469999999985,11536.889999999985
sell,high_vol,rsi,1.0,14.0,21.0,1.1,tp,21.0,173.25,True,2025-12-12 18:00:00,11536.889999999985,11710.139999999985
sell,low_vol,ema_flipped,0.7879,10.6,15.899999999999999,1.03,sl,-10.6,-81.89,False,2025-12-15 12:30:00,11710.139999999985,11628.249999999985
buy,high_vol,rsi,1.0,14.7,22.049999999999997,1.05,sl,-14.7,-115.76,False,2025-12-16 20:15:00,11628.249999999985,11512.489999999985
buy,high_vol,rsi,1.0,14.2,21.299999999999997,1.08,sl,-14.2,-115.02,False,2025-12-16 20:30:00,11512.489999999985,11397.469999999985
buy,high_vol,rsi,1.0,13.3,19.950000000000003,1.14,tp,19.95,170.57,True,2025-12-16 20:45:00,11397.469999999985,11568.039999999985
buy,high_vol,rsi,1.0,12.8,19.200000000000003,1.21,tp,19.2,174.24,True,2025-12-16 21:00:00,11568.039999999985,11742.279999999984
buy,high_vol,rsi,1.0,11.7,17.549999999999997,1.34,tp,17.55,176.38,True,2025-12-16 21:15:00,11742.279999999984,11918.659999999983
sell,high_vol,rsi,1.0,15.9,23.85,1.0,tp,23.85,178.88,True,2025-12-17 17:45:00,11918.659999999983,12097.539999999983
sell,high_vol,rsi,1.0,16.6,24.900000000000002,0.97,tp,24.9,181.15,True,2025-12-17 18:45:00,12097.539999999983,12278.689999999982
sell,high_vol,rsi,1.0,16.3,24.450000000000003,1.0,tp,24.45,183.38,True,2025-12-17 19:00:00,12278.689999999982,12462.069999999982
sell,low_vol,ema_flipped,0.9999,9.6,14.399999999999999,1.73,tp,14.4,186.84,True,2025-12-19 13:30:00,12462.069999999982,12648.909999999982
buy,low_vol,ema_flipped,0.9993,9.6,14.399999999999999,1.76,sl,-9.6,-126.72,False,2025-12-19 14:30:00,12648.909999999982,12522.189999999982
sell,low_vol,ema_flipped,0.9999,7.7,11.55,2.17,tp,11.55,187.98,True,2025-12-19 22:30:00,12522.189999999982,12710.169999999982
buy,low_vol,ema_flipped,0.9627,10.4,15.600000000000001,1.54,tp,15.6,180.18,True,2025-12-22 13:30:00,12710.169999999982,12890.349999999982
sell,low_vol,ema_flipped,1.0,8.2,12.299999999999999,2.1,tp,12.3,193.73,True,2025-12-22 23:30:00,12890.349999999982,13084.079999999982
buy,low_vol,ema_flipped,0.999,10.1,15.149999999999999,1.72,sl,-10.1,-130.29,False,2025-12-23 12:15:00,13084.079999999982,12953.78999999998
buy,high_vol,rsi,1.0,13.6,20.4,1.27,timeout,6.7,63.82,True,2025-12-26 18:15:00,12953.78999999998,13017.60999999998
buy,high_vol,rsi,1.0,13.2,19.799999999999997,1.31,timeout,9.5,93.34,True,2025-12-26 18:30:00,13017.60999999998,13110.94999999998
buy,high_vol,rsi,0.9999,12.2,18.299999999999997,1.43,timeout,10.4,111.54,True,2025-12-26 18:45:00,13110.94999999998,13222.489999999982
sell,high_vol,rsi,0.9999,10.0,15.0,1.76,tp,15.0,198.0,True,2025-12-29 09:45:00,13222.489999999982,13420.489999999982
sell,high_vol,rsi,0.9998,10.6,15.899999999999999,1.69,tp,15.9,201.53,True,2025-12-29 10:00:00,13420.489999999982,13622.019999999982
sell,high_vol,rsi,1.0,12.3,18.450000000000003,1.48,tp,18.45,204.8,True,2025-12-29 10:30:00,13622.019999999982,13826.819999999982
sell,high_vol,rsi,1.0,12.8,19.200000000000003,1.44,tp,19.2,207.36,True,2025-12-29 10:45:00,13826.819999999982,14034.179999999982
sell,high_vol,rsi,1.0,8.6,12.899999999999999,2.18,sl,-8.6,-140.61,False,2025-12-29 22:15:00,14034.179999999982,13893.569999999982
sell,high_vol,rsi,1.0,8.3,12.450000000000001,2.23,sl,-8.3,-138.82,False,2025-12-29 22:30:00,13893.569999999982,13754.749999999982
sell,high_vol,rsi,0.9998,9.3,13.950000000000001,1.97,tp,13.95,206.11,True,2025-12-29 22:45:00,13754.749999999982,13960.859999999982
sell,high_vol,rsi,0.7983,9.5,14.25,1.39,tp,14.25,148.56,True,2025-12-29 23:00:00,13960.859999999982,14109.419999999982
sell,high_vol,rsi,1.0,10.4,15.600000000000001,1.81,tp,15.6,211.77,True,2025-12-31 22:45:00,14109.419999999982,14321.189999999982
buy,high_vol,rsi,0.9605,6.9,10.350000000000001,2.61,sl,-6.9,-135.07,False,2026-01-02 09:15:00,14321.189999999982,14186.119999999983
buy,high_vol,rsi,0.965,7.6,11.399999999999999,2.36,tp,11.4,201.78,True,2026-01-02 09:30:00,14186.119999999983,14387.899999999983
buy,high_vol,rsi,0.9705,8.2,12.299999999999999,2.24,tp,12.3,206.64,True,2026-01-02 09:45:00,14387.899999999983,14594.539999999983
buy,high_vol,rsi,0.9999,9.2,13.799999999999999,2.11,tp,13.8,218.38,True,2026-01-02 10:00:00,14594.539999999983,14812.919999999982
buy,high_vol,rsi,0.9998,9.9,14.850000000000001,1.99,tp,14.85,221.64,True,2026-01-02 10:15:00,14812.919999999982,15034.559999999981
buy,high_vol,rsi,1.0,11.5,17.25,1.74,tp,17.25,225.11,True,2026-01-02 10:45:00,15034.559999999981,15259.669999999982
sell,high_vol,rsi,1.0,13.2,19.799999999999997,1.54,sl,-13.2,-152.46,False,2026-01-02 16:30:00,15259.669999999982,15107.209999999983
sell,high_vol,rsi,1.0,13.5,20.25,1.49,sl,-13.5,-150.86,False,2026-01-02 16:45:00,15107.209999999983,14956.349999999982
sell,high_vol,rsi,1.0,14.0,21.0,1.42,tp,21.0,223.65,True,2026-01-02 18:45:00,14956.349999999982,15179.999999999982
sell,high_vol,rsi,0.8895,7.1,10.649999999999999,2.4,sl,-7.1,-127.8,False,2026-01-05 09:15:00,15179.999999999982,15052.199999999983
sell,high_vol,rsi,0.9971,7.5,11.25,2.66,tp,11.25,224.44,True,2026-01-05 09:30:00,15052.199999999983,15276.639999999983
sell,high_vol,rsi,0.9999,7.8,11.7,2.61,sl,-7.8,-152.69,False,2026-01-05 09:45:00,15276.639999999983,15123.949999999983
sell,high_vol,rsi,0.9832,12.4,18.6,1.59,sl,-12.4,-147.87,False,2026-01-05 20:45:00,15123.949999999983,14976.079999999982
sell,high_vol,rsi,0.7589,11.6,17.4,1.13,sl,-11.6,-98.31,False,2026-01-05 21:00:00,14976.079999999982,14877.769999999982
sell,high_vol,rsi,1.0,15.3,22.950000000000003,1.3,sl,-15.3,-149.18,False,2026-01-07 19:30:00,14877.769999999982,14728.589999999982
sell,high_vol,rsi,1.0,14.6,21.9,1.35,sl,-14.6,-147.83,False,2026-01-07 19:45:00,14728.589999999982,14580.759999999982
sell,high_vol,rsi,1.0,14.1,21.15,1.38,sl,-14.1,-145.93,False,2026-01-07 20:00:00,14580.759999999982,14434.829999999982
sell,high_vol,rsi,0.9993,12.9,19.35,1.49,sl,-12.9,-144.16,False,2026-01-07 20:15:00,14434.829999999982,14290.669999999982
sell,high_vol,rsi,0.843,11.3,16.950000000000003,1.31,sl,-11.3,-111.02,False,2026-01-07 20:30:00,14290.669999999982,14179.649999999981
buy,high_vol,rsi,0.9466,10.1,15.149999999999999,1.73,sl,-10.1,-131.05,False,2026-01-08 15:30:00,14179.649999999981,14048.599999999982
buy,high_vol,rsi,0.9869,10.7,16.049999999999997,1.72,sl,-10.7,-138.03,False,2026-01-08 15:45:00,14048.599999999982,13910.569999999982
buy,high_vol,rsi,0.998,11.3,16.950000000000003,1.64,sl,-11.3,-138.99,False,2026-01-08 16:00:00,13910.569999999982,13771.579999999982
buy,low_vol,ema_flipped,1.0,7.7,11.55,2.38,sl,-7.7,-137.44,False,2026-01-12 21:45:00,13771.579999999982,13634.139999999981
sell,low_vol,ema_flipped,0.9998,9.4,14.100000000000001,1.93,tp,14.1,204.1,True,2026-01-13 12:30:00,13634.139999999981,13838.239999999982
buy,high_vol,rsi,0.794,9.2,13.799999999999999,1.42,tp,13.8,146.97,True,2026-01-13 15:15:00,13838.239999999982,13985.209999999981
sell,low_vol,ema_flipped,1.0,8.6,12.899999999999999,2.17,tp,12.9,209.95,True,2026-01-14 12:00:00,13985.209999999981,14195.159999999982
buy,low_vol,ema_flipped,0.9988,9.1,13.649999999999999,2.08,tp,13.65,212.94,True,2026-01-14 14:00:00,14195.159999999982,14408.099999999982
buy,high_vol,rsi,0.9718,10.3,15.450000000000001,1.79,tp,15.45,207.42,True,2026-01-14 21:15:00,14408.099999999982,14615.519999999982
buy,high_vol,rsi,0.9215,10.1,15.149999999999999,1.71,tp,15.15,194.3,True,2026-01-14 21:30:00,14615.519999999982,14809.819999999982
buy,high_vol,rsi,0.9077,9.1,13.649999999999999,1.88,tp,13.65,192.47,True,2026-01-14 21:45:00,14809.819999999982,15002.28999999998
sell,low_vol,ema_flipped,1.0,5.0,7.5,4.0,timeout,4.2,126.0,True,2026-01-15 07:00:00,15002.28999999998,15128.28999999998
buy,low_vol,ema_flipped,0.9961,5.5,8.25,3.65,sl,-5.5,-150.56,False,2026-01-15 09:00:00,15128.28999999998,14977.729999999981
sell,low_vol,ema_flipped,0.9373,8.2,12.299999999999999,2.22,sl,-8.2,-136.53,False,2026-01-15 10:45:00,14977.729999999981,14841.19999999998
buy,high_vol,rsi,1.0,9.7,14.549999999999999,2.04,sl,-9.7,-148.41,False,2026-01-15 15:15:00,14841.19999999998,14692.78999999998
buy,high_vol,rsi,1.0,10.0,15.0,1.96,sl,-10.0,-147.0,False,2026-01-15 15:30:00,14692.78999999998,14545.78999999998
buy,high_vol,rsi,1.0,10.6,15.899999999999999,1.83,sl,-10.6,-145.49,False,2026-01-15 15:45:00,14545.78999999998,14400.299999999981
buy,high_vol,rsi,1.0,14.4,21.6,1.33,tp,21.6,215.46,True,2026-01-15 17:45:00,14400.299999999981,14615.75999999998
buy,high_vol,rsi,1.0,11.4,17.1,1.71,tp,17.1,219.31,True,2026-01-19 00:00:00,14615.75999999998,14835.06999999998
sell,low_vol,ema_flipped,1.0,6.7,10.05,2.95,tp,10.05,222.36,True,2026-01-19 21:00:00,14835.06999999998,15057.42999999998
sell,high_vol,rsi,1.0,10.9,16.35,1.84,sl,-10.9,-150.42,False,2026-01-20 09:30:00,15057.42999999998,14907.00999999998
sell,high_vol,rsi,1.0,16.4,24.599999999999998,1.21,sl,-16.4,-148.83,False,2026-01-20 11:00:00,14907.00999999998,14758.17999999998
sell,high_vol,rsi,1.0,17.2,25.799999999999997,1.14,sl,-17.2,-147.06,False,2026-01-20 11:30:00,14758.17999999998,14611.11999999998
buy,high_vol,rsi,0.9713,9.8,14.700000000000001,1.91,sl,-9.8,-140.38,False,2026-01-23 15:00:00,14611.11999999998,14470.739999999982
sell,high_vol,rsi,1.0,21.5,32.25,0.9,sl,-21.5,-145.13,False,2026-01-26 00:15:00,14470.739999999982,14325.609999999982
sell,high_vol,rsi,1.0,23.0,34.5,0.83,sl,-23.0,-143.17,False,2026-01-26 00:30:00,14325.609999999982,14182.439999999982
sell,high_vol,rsi,1.0,26.1,39.150000000000006,0.72,tp,39.15,211.41,True,2026-01-26 00:45:00,14182.439999999982,14393.849999999982
sell,high_vol,rsi,1.0,28.2,42.3,0.68,tp,42.3,215.73,True,2026-01-26 01:00:00,14393.849999999982,14609.579999999982
sell,high_vol,rsi,1.0,14.0,21.0,1.39,sl,-14.0,-145.95,False,2026-01-26 16:45:00,14609.579999999982,14463.629999999981
sell,high_vol,rsi,1.0,16.5,24.75,1.17,sl,-16.5,-144.79,False,2026-01-26 17:30:00,14463.629999999981,14318.83999999998
sell,high_vol,rsi,1.0,17.6,26.400000000000002,1.08,sl,-17.6,-142.56,False,2026-01-26 17:45:00,14318.83999999998,14176.27999999998
sell,high_vol,rsi,1.0,18.2,27.299999999999997,1.04,sl,-18.2,-141.96,False,2026-01-26 18:00:00,14176.27999999998,14034.319999999982
buy,high_vol,rsi,0.9996,11.3,16.950000000000003,1.65,tp,16.95,209.76,True,2026-01-27 10:45:00,14034.319999999982,14244.079999999982
buy,high_vol,rsi,1.0,20.1,30.150000000000002,0.94,tp,30.15,212.56,True,2026-01-27 17:45:00,14244.079999999982,14456.639999999981
sell,high_vol,rsi,1.0,21.3,31.950000000000003,0.9,sl,-21.3,-143.77,False,2026-01-27 22:45:00,14456.639999999981,14312.86999999998
sell,high_vol,rsi,1.0,21.7,32.55,0.88,tp,32.55,214.83,True,2026-01-27 23:00:00,14312.86999999998,14527.69999999998
sell,high_vol,rsi,1.0,22.6,33.900000000000006,0.86,tp,33.9,218.66,True,2026-01-27 23:15:00,14527.69999999998,14746.35999999998
sell,high_vol,rsi,1.0,23.8,35.7,0.83,tp,35.7,222.23,True,2026-01-27 23:30:00,14746.35999999998,14968.58999999998
buy,high_vol,rsi,1.0,10.6,15.899999999999999,1.88,tp,15.9,224.19,True,2026-01-28 07:00:00,14968.58999999998,15192.77999999998
sell,high_vol,rsi,0.9713,14.0,21.0,1.39,tp,21.0,218.92,True,2026-02-02 06:00:00,15192.77999999998,15411.69999999998
buy,high_vol,rsi,0.8048,11.9,17.85,1.25,sl,-11.9,-111.56,False,2026-02-02 15:45:00,15411.69999999998,15300.139999999981
buy,high_vol,rsi,1.0,13.1,19.65,1.56,sl,-13.1,-153.27,False,2026-02-02 16:00:00,15300.139999999981,15146.86999999998
buy,high_vol,rsi,1.0,18.4,27.599999999999998,1.1,timeout,19.6,161.7,True,2026-02-02 17:15:00,15146.86999999998,15308.569999999982
buy,high_vol,rsi,1.0,19.4,29.099999999999998,1.05,tp,29.1,229.16,True,2026-02-02 17:30:00,15308.569999999982,15537.729999999981
buy,high_vol,rsi,0.8395,12.0,18.0,1.33,sl,-12.0,-119.7,False,2026-02-03 14:30:00,15537.729999999981,15418.02999999998
buy,high_vol,rsi,0.8016,12.2,18.299999999999997,1.21,tp,18.3,166.07,True,2026-02-03 14:45:00,15418.02999999998,15584.09999999998
sell,high_vol,rsi,1.0,9.7,14.549999999999999,2.14,sl,-9.7,-155.68,False,2026-02-04 03:30:00,15584.09999999998,15428.41999999998
sell,high_vol,rsi,0.9618,8.3,12.450000000000001,2.34,tp,12.45,218.5,True,2026-02-04 04:45:00,15428.41999999998,15646.91999999998
sell,low_vol,ema_flipped,1.0,7.9,11.850000000000001,2.64,tp,11.85,234.63,True,2026-02-04 05:30:00,15646.91999999998,15881.54999999998
buy,low_vol,ema_flipped,0.9999,11.2,16.799999999999997,1.89,tp,16.8,238.14,True,2026-02-05 00:15:00,15881.54999999998,16119.689999999979
sell,low_vol,ema_flipped,0.9934,7.4,11.100000000000001,2.88,sl,-7.4,-159.84,False,2026-02-05 09:00:00,16119.689999999979,15959.849999999979
sell,low_vol,ema_flipped,0.9972,10.0,15.0,2.12,sl,-10.0,-159.0,False,2026-02-05 23:45:00,15959.849999999979,15800.849999999979
buy,low_vol,ema_flipped,1.0,9.9,14.850000000000001,2.13,sl,-9.9,-158.15,False,2026-02-06 11:45:00,15800.849999999979,15642.699999999979
sell,low_vol,ema_flipped,0.9997,10.6,15.899999999999999,1.97,tp,15.9,234.92,True,2026-02-06 12:00:00,15642.699999999979,15877.619999999979
buy,low_vol,ema_flipped,1.0,10.0,15.0,2.12,sl,-10.0,-159.0,False,2026-02-06 13:00:00,15877.619999999979,15718.619999999979
sell,low_vol,ema_flipped,0.9999,7.4,11.100000000000001,2.83,tp,11.1,235.6,True,2026-02-06 23:00:00,15718.619999999979,15954.21999999998
sell,high_vol,rsi,0.9947,7.1,10.649999999999999,2.97,sl,-7.1,-158.15,False,2026-02-09 08:00:00,15954.21999999998,15796.06999999998
buy,low_vol,ema_flipped,0.9996,8.4,12.600000000000001,2.51,sl,-8.4,-158.13,False,2026-02-09 23:00:00,15796.06999999998,15637.93999999998
sell,low_vol,ema_flipped,0.9999,10.2,15.299999999999999,2.04,tp,15.3,234.09,True,2026-02-10 12:30:00,15637.93999999998,15872.02999999998
buy,low_vol,ema_flipped,0.9999,10.6,15.899999999999999,2.0,sl,-10.6,-159.0,False,2026-02-10 13:15:00,15872.02999999998,15713.02999999998
sell,high_vol,rsi,0.9714,13.7,20.549999999999997,1.47,tp,20.55,226.56,True,2026-02-11 14:30:00,15713.02999999998,15939.58999999998
buy,high_vol,rsi,1.0,11.7,17.549999999999997,1.82,tp,17.55,239.56,True,2026-02-11 20:30:00,15939.58999999998,16179.14999999998
buy,high_vol,rsi,1.0,11.5,17.25,1.88,tp,17.25,243.22,True,2026-02-11 20:45:00,16179.14999999998,16422.36999999998
buy,high_vol,rsi,1.0,11.0,16.5,1.99,sl,-11.0,-164.18,False,2026-02-11 21:00:00,16422.36999999998,16258.18999999998
sell,low_vol,ema_flipped,1.0,9.3,13.950000000000001,2.33,sl,-9.3,-162.52,False,2026-02-12 10:45:00,16258.18999999998,16095.66999999998
buy,low_vol,ema_flipped,1.0,10.0,15.0,2.15,tp,15.0,241.88,True,2026-02-12 13:15:00,16095.66999999998,16337.54999999998
sell,low_vol,ema_flipped,0.8013,12.0,18.0,1.3,sl,-12.0,-117.0,False,2026-02-12 16:30:00,16337.54999999998,16220.54999999998
sell,high_vol,rsi,1.0,15.8,23.700000000000003,1.37,sl,-15.8,-162.34,False,2026-02-12 17:30:00,16220.54999999998,16058.20999999998
sell,high_vol,rsi,1.0,16.0,24.0,1.34,sl,-16.0,-160.8,False,2026-02-12 17:45:00,16058.20999999998,15897.40999999998
sell,high_vol,rsi,1.0,17.7,26.549999999999997,1.2,timeout,4.3,38.7,True,2026-02-12 18:00:00,15897.40999999998,15936.10999999998
sell,high_vol,rsi,1.0,18.9,28.349999999999998,1.12,timeout,11.9,99.96,True,2026-02-12 18:15:00,15936.10999999998,16036.06999999998
sell,high_vol,rsi,1.0,19.1,28.650000000000002,1.12,timeout,11.0,92.4,True,2026-02-12 18:30:00,16036.06999999998,16128.46999999998
sell,high_vol,rsi,1.0,19.3,28.950000000000003,1.11,timeout,9.1,75.76,True,2026-02-12 18:45:00,16128.46999999998,16204.22999999998
sell,high_vol,rsi,1.0,19.2,28.799999999999997,1.13,timeout,12.0,101.7,True,2026-02-12 19:00:00,16204.22999999998,16305.92999999998
sell,high_vol,rsi,1.0,19.4,29.099999999999998,1.12,timeout,12.6,105.84,True,2026-02-12 19:15:00,16305.92999999998,16411.76999999998
sell,high_vol,rsi,1.0,19.4,29.099999999999998,1.13,timeout,6.2,52.55,True,2026-02-12 19:30:00,16411.76999999998,16464.319999999978
sell,high_vol,rsi,1.0,19.4,29.099999999999998,1.13,timeout,5.5,46.61,True,2026-02-12 19:45:00,16464.319999999978,16510.92999999998
sell,high_vol,rsi,1.0,18.8,28.200000000000003,1.17,timeout,7.6,66.69,True,2026-02-12 20:00:00,16510.92999999998,16577.619999999977
sell,high_vol,rsi,0.9953,10.8,16.200000000000003,2.03,tp,16.2,246.64,True,2026-02-13 15:15:00,16577.619999999977,16824.259999999977
buy,low_vol,ema_flipped,1.0,5.0,7.5,4.49,sl,-5.0,-168.37,False,2026-02-16 06:45:00,16824.259999999977,16655.889999999978
sell,low_vol,ema_flipped,1.0,5.0,7.5,4.44,tp,7.5,249.75,True,2026-02-16 07:45:00,16655.889999999978,16905.639999999978
buy,low_vol,ema_flipped,1.0,5.0,7.5,4.51,sl,-5.0,-169.12,False,2026-02-16 08:00:00,16905.639999999978,16736.51999999998
sell,low_vol,ema_flipped,1.0,8.7,13.049999999999999,2.56,tp,13.05,250.56,True,2026-02-16 13:15:00,16736.51999999998,16987.07999999998
buy,low_vol,ema_flipped,1.0,6.0,9.0,3.77,timeout,0.6,16.97,True,2026-02-17 06:00:00,16987.07999999998,17004.04999999998
sell,low_vol,ema_flipped,1.0,9.6,14.399999999999999,2.36,tp,14.4,254.88,True,2026-02-17 11:30:00,17004.04999999998,17258.929999999982
buy,low_vol,ema_flipped,0.9994,9.7,14.549999999999999,2.37,sl,-9.7,-172.42,False,2026-02-17 13:30:00,17258.929999999982,17086.509999999984
buy,low_vol,ema_flipped,0.9999,9.5,14.25,2.4,tp,14.25,256.5,True,2026-02-18 13:30:00,17086.509999999984,17343.009999999984
sell,high_vol,rsi,0.7711,13.8,20.700000000000003,1.13,sl,-13.8,-116.95,False,2026-02-23 03:15:00,17343.009999999984,17226.059999999983
buy,low_vol,ema_flipped,1.0,7.4,11.100000000000001,3.1,tp,11.1,258.07,True,2026-02-23 14:30:00,17226.059999999983,17484.129999999983
buy,low_vol,ema_flipped,1.0,5.9,8.850000000000001,3.95,tp,8.85,262.18,True,2026-02-24 06:15:00,17484.129999999983,17746.309999999983
sell,low_vol,ema_flipped,1.0,7.8,11.7,3.03,sl,-7.8,-177.26,False,2026-02-24 11:15:00,17746.309999999983,17569.049999999985
buy,low_vol,ema_flipped,1.0,8.1,12.149999999999999,2.89,sl,-8.1,-175.57,False,2026-02-24 22:15:00,17569.049999999985,17393.479999999985
sell,low_vol,ema_flipped,1.0,6.2,9.3,3.74,tp,9.3,260.87,True,2026-02-25 09:00:00,17393.479999999985,17654.349999999984
buy,low_vol,ema_flipped,1.0,7.4,11.100000000000001,3.18,timeout,3.5,83.48,True,2026-02-25 12:15:00,17654.349999999984,17737.829999999984
buy,low_vol,ema_flipped,1.0,6.4,9.600000000000001,3.7,sl,-6.4,-177.6,False,2026-02-26 10:15:00,17737.829999999984,17560.229999999985
sell,low_vol,ema_flipped,1.0,7.9,11.850000000000001,2.96,sl,-7.9,-175.38,False,2026-02-26 15:15:00,17560.229999999985,17384.849999999984
sell,high_vol,rsi,0.6905,9.1,13.649999999999999,1.42,tp,13.65,145.37,True,2026-02-26 16:45:00,17384.849999999984,17530.219999999983
sell,high_vol,rsi,0.8942,9.7,14.549999999999999,2.05,tp,14.55,223.71,True,2026-02-26 17:00:00,17530.219999999983,17753.929999999982
buy,high_vol,rsi,0.9994,14.5,21.75,1.63,tp,21.75,265.89,True,2026-02-26 20:15:00,17753.929999999982,18019.81999999998
sell,low_vol,ema_flipped,0.9999,8.5,12.75,2.83,tp,12.75,270.62,True,2026-02-27 10:15:00,18019.81999999998,18290.43999999998
buy,high_vol,rsi,1.0,7.9,11.850000000000001,3.09,sl,-7.9,-183.08,False,2026-03-02 08:00:00,18290.43999999998,18107.35999999998
buy,high_vol,rsi,1.0,9.8,14.700000000000001,2.46,sl,-9.8,-180.81,False,2026-03-02 08:15:00,18107.35999999998,17926.549999999977
buy,high_vol,rsi,1.0,10.9,16.35,2.19,sl,-10.9,-179.03,False,2026-03-02 08:30:00,17926.549999999977,17747.51999999998
buy,high_vol,rsi,0.9998,11.3,16.950000000000003,2.09,sl,-11.3,-177.13,False,2026-03-02 08:45:00,17747.51999999998,17570.389999999978
buy,high_vol,rsi,1.0,12.5,18.75,1.87,sl,-12.5,-175.31,False,2026-03-02 09:00:00,17570.389999999978,17395.079999999976
buy,high_vol,rsi,0.9999,13.0,19.5,1.78,sl,-13.0,-173.55,False,2026-03-02 09:15:00,17395.079999999976,17221.529999999977
buy,high_vol,rsi,1.0,14.6,21.9,1.57,tp,21.9,257.87,True,2026-03-02 09:30:00,17221.529999999977,17479.399999999976
buy,high_vol,rsi,1.0,15.4,23.1,1.51,tp,23.1,261.61,True,2026-03-02 09:45:00,17479.399999999976,17741.009999999977
buy,high_vol,rsi,1.0,16.2,24.299999999999997,1.46,tp,24.3,266.08,True,2026-03-02 10:00:00,17741.009999999977,18007.08999999998
buy,high_vol,rsi,1.0,16.7,25.049999999999997,1.44,sl,-16.7,-180.36,False,2026-03-02 10:15:00,18007.08999999998,17826.729999999978
buy,high_vol,rsi,1.0,17.7,26.549999999999997,1.34,sl,-17.7,-177.89,False,2026-03-02 10:30:00,17826.729999999978,17648.83999999998
buy,high_vol,rsi,1.0,14.6,21.9,1.61,sl,-14.6,-176.3,False,2026-03-02 23:00:00,17648.83999999998,17472.53999999998
buy,high_vol,rsi,1.0,14.3,21.450000000000003,1.63,sl,-14.3,-174.82,False,2026-03-02 23:15:00,17472.53999999998,17297.71999999998
buy,high_vol,rsi,0.8966,8.4,12.600000000000001,2.34,sl,-8.4,-147.42,False,2026-03-03 09:00:00,17297.71999999998,17150.29999999998
buy,high_vol,rsi,0.9227,9.2,13.799999999999999,2.21,sl,-9.2,-152.49,False,2026-03-03 09:15:00,17150.29999999998,16997.80999999998
buy,high_vol,rsi,1.0,10.9,16.35,2.08,sl,-10.9,-170.04,False,2026-03-03 09:30:00,16997.80999999998,16827.76999999998
buy,high_vol,rsi,0.9989,11.3,16.950000000000003,1.98,sl,-11.3,-167.81,False,2026-03-03 09:45:00,16827.76999999998,16659.959999999977
buy,high_vol,rsi,0.9996,12.1,18.15,1.83,sl,-12.1,-166.07,False,2026-03-03 10:00:00,16659.959999999977,16493.889999999978
buy,high_vol,rsi,0.9998,12.7,19.049999999999997,1.73,sl,-12.7,-164.78,False,2026-03-03 10:15:00,16493.889999999978,16329.109999999977
buy,high_vol,rsi,1.0,13.5,20.25,1.61,sl,-13.5,-163.01,False,2026-03-03 10:30:00,16329.109999999977,16166.099999999977
buy,high_vol,rsi,1.0,14.2,21.299999999999997,1.52,sl,-14.2,-161.88,False,2026-03-03 10:45:00,16166.099999999977,16004.219999999978
buy,high_vol,rsi,1.0,14.7,22.049999999999997,1.45,sl,-14.7,-159.86,False,2026-03-03 11:00:00,16004.219999999978,15844.359999999977
buy,high_vol,rsi,1.0,15.9,23.85,1.33,sl,-15.9,-158.6,False,2026-03-03 11:15:00,15844.359999999977,15685.759999999977
buy,high_vol,rsi,1.0,16.4,24.599999999999998,1.28,sl,-16.4,-157.44,False,2026-03-03 11:30:00,15685.759999999977,15528.319999999976
buy,high_vol,rsi,1.0,17.5,26.25,1.18,sl,-17.5,-154.87,False,2026-03-03 11:45:00,15528.319999999976,15373.449999999975
buy,high_vol,rsi,1.0,17.6,26.400000000000002,1.16,sl,-17.6,-153.12,False,2026-03-03 12:00:00,15373.449999999975,15220.329999999974
buy,high_vol,rsi,1.0,18.0,27.0,1.13,sl,-18.0,-152.55,False,2026-03-03 12:15:00,15220.329999999974,15067.779999999975
buy,high_vol,rsi,1.0,17.9,26.849999999999998,1.12,sl,-17.9,-150.36,False,2026-03-03 12:30:00,15067.779999999975,14917.419999999975
buy,high_vol,rsi,1.0,17.7,26.549999999999997,1.12,sl,-17.7,-148.68,False,2026-03-03 12:45:00,14917.419999999975,14768.739999999974
buy,high_vol,rsi,1.0,17.1,25.650000000000002,1.15,sl,-17.1,-147.49,False,2026-03-03 13:00:00,14768.739999999974,14621.249999999975
buy,high_vol,rsi,1.0,17.0,25.5,1.15,sl,-17.0,-146.63,False,2026-03-03 13:15:00,14621.249999999975,14474.619999999975
buy,high_vol,rsi,0.6999,10.6,15.899999999999999,1.04,sl,-10.6,-82.68,False,2026-03-04 22:00:00,14474.619999999975,14391.939999999975
sell,high_vol,rsi,1.0,18.5,27.75,1.04,timeout,11.8,92.04,True,2026-03-05 19:45:00,14391.939999999975,14483.979999999976
buy,low_vol,ema_flipped,0.9966,8.0,12.0,2.4,sl,-8.0,-144.0,False,2026-03-06 09:45:00,14483.979999999976,14339.979999999976
buy,high_vol,rsi,0.6835,11.5,17.25,0.91,sl,-11.5,-78.49,False,2026-03-06 11:45:00,14339.979999999976,14261.489999999976
buy,high_vol,rsi,0.978,12.7,19.049999999999997,1.45,sl,-12.7,-138.11,False,2026-03-06 12:45:00,14261.489999999976,14123.379999999976
buy,high_vol,rsi,0.9998,13.5,20.25,1.39,sl,-13.5,-140.74,False,2026-03-06 13:00:00,14123.379999999976,13982.639999999976
buy,high_vol,rsi,1.0,15.2,22.799999999999997,1.23,tp,22.8,210.33,True,2026-03-06 14:00:00,13982.639999999976,14192.969999999976
buy,high_vol,rsi,1.0,17.4,26.099999999999998,1.09,sl,-17.4,-142.25,False,2026-03-09 00:15:00,14192.969999999976,14050.719999999976
buy,high_vol,rsi,1.0,18.1,27.150000000000002,1.04,sl,-18.1,-141.18,False,2026-03-09 00:30:00,14050.719999999976,13909.539999999975
buy,high_vol,rsi,1.0,18.3,27.450000000000003,1.01,sl,-18.3,-138.62,False,2026-03-09 00:45:00,13909.539999999975,13770.919999999975
buy,high_vol,rsi,1.0,24.2,36.3,0.76,sl,-24.2,-137.94,False,2026-03-09 01:00:00,13770.919999999975,13632.979999999974
buy,high_vol,rsi,1.0,30.3,45.45,0.6,sl,-30.3,-136.35,False,2026-03-09 01:15:00,13632.979999999974,13496.629999999974
buy,high_vol,rsi,1.0,31.5,47.25,0.57,sl,-31.5,-134.66,False,2026-03-09 01:30:00,13496.629999999974,13361.969999999974
buy,high_vol,rsi,1.0,32.7,49.050000000000004,0.54,sl,-32.7,-132.44,False,2026-03-09 02:15:00,13361.969999999974,13229.529999999973
buy,high_vol,rsi,1.0,33.2,49.800000000000004,0.53,sl,-33.2,-131.97,False,2026-03-09 02:30:00,13229.529999999973,13097.559999999974
buy,high_vol,rsi,1.0,33.6,50.400000000000006,0.52,sl,-33.6,-131.04,False,2026-03-09 02:45:00,13097.559999999974,12966.519999999973
buy,high_vol,rsi,1.0,33.3,49.949999999999996,0.52,sl,-33.3,-129.87,False,2026-03-09 03:00:00,12966.519999999973,12836.649999999972
buy,high_vol,rsi,1.0,32.2,48.300000000000004,0.53,sl,-32.2,-128.0,False,2026-03-09 03:15:00,12836.649999999972,12708.649999999972
buy,high_vol,rsi,1.0,14.9,22.35,1.14,sl,-14.9,-127.39,False,2026-03-09 05:45:00,12708.649999999972,12581.259999999973
buy,high_vol,rsi,1.0,14.6,21.9,1.15,sl,-14.6,-125.93,False,2026-03-09 06:00:00,12581.259999999973,12455.329999999973
buy,high_vol,rsi,1.0,14.1,21.15,1.18,sl,-14.1,-124.78,False,2026-03-09 06:15:00,12455.329999999973,12330.549999999972
buy,high_vol,rsi,1.0,14.8,22.200000000000003,1.11,tp,22.2,184.82,True,2026-03-09 06:30:00,12330.549999999972,12515.369999999972
buy,high_vol,rsi,1.0,14.7,22.049999999999997,1.14,tp,22.05,188.53,True,2026-03-09 06:45:00,12515.369999999972,12703.899999999972
buy,high_vol,rsi,1.0,14.9,22.35,1.14,tp,22.35,191.09,True,2026-03-09 07:00:00,12703.899999999972,12894.989999999972
sell,high_vol,rsi,1.0,25.3,37.95,0.68,sl,-25.3,-129.03,False,2026-03-09 18:00:00,12894.989999999972,12765.959999999972
buy,high_vol,rsi,1.0,16.8,25.200000000000003,1.01,sl,-16.8,-127.26,False,2026-03-10 14:45:00,12765.959999999972,12638.699999999972
buy,high_vol,rsi,1.0,18.2,27.299999999999997,0.93,tp,27.3,190.42,True,2026-03-10 15:00:00,12638.699999999972,12829.119999999972
buy,high_vol,rsi,1.0,17.6,26.400000000000002,0.97,tp,26.4,192.06,True,2026-03-10 15:15:00,12829.119999999972,13021.179999999971
buy,high_vol,rsi,1.0,18.3,27.450000000000003,0.95,tp,27.45,195.58,True,2026-03-10 15:30:00,13021.179999999971,13216.759999999971
buy,high_vol,rsi,1.0,17.8,26.700000000000003,0.99,tp,26.7,198.25,True,2026-03-10 23:45:00,13216.759999999971,13415.009999999971
buy,high_vol,rsi,1.0,16.5,24.75,1.08,tp,24.75,200.48,True,2026-03-11 00:00:00,13415.009999999971,13615.48999999997
buy,high_vol,rsi,1.0,17.0,25.5,1.07,tp,25.5,204.64,True,2026-03-11 00:15:00,13615.48999999997,13820.12999999997
buy,high_vol,rsi,1.0,17.3,25.950000000000003,1.07,tp,25.95,208.25,True,2026-03-11 12:15:00,13820.12999999997,14028.37999999997
sell,high_vol,rsi,1.0,12.2,18.299999999999997,1.53,tp,18.3,209.99,True,2026-03-13 01:15:00,14028.37999999997,14238.36999999997
sell,low_vol,ema_flipped,0.9999,8.1,12.149999999999999,2.34,tp,12.15,213.23,True,2026-03-13 04:00:00,14238.36999999997,14451.59999999997
buy,low_vol,ema_flipped,0.9968,6.2,9.3,3.09,sl,-6.2,-143.69,False,2026-03-13 04:45:00,14451.59999999997,14307.909999999969
buy,high_vol,rsi,1.0,10.7,16.049999999999997,1.78,sl,-10.7,-142.84,False,2026-03-13 10:45:00,14307.909999999969,14165.069999999969
buy,high_vol,rsi,1.0,13.1,19.65,1.44,tp,19.65,212.22,True,2026-03-13 11:00:00,14165.069999999969,14377.289999999968
buy,high_vol,rsi,1.0,14.2,21.299999999999997,1.35,tp,21.3,215.66,True,2026-03-13 11:15:00,14377.289999999968,14592.949999999968
buy,high_vol,rsi,1.0,15.8,23.700000000000003,1.23,tp,23.7,218.63,True,2026-03-13 11:30:00,14592.949999999968,14811.579999999967
buy,high_vol,rsi,1.0,16.9,25.349999999999998,1.17,tp,25.35,222.45,True,2026-03-13 11:45:00,14811.579999999967,15034.029999999968
sell,high_vol,rsi,1.0,18.1,27.150000000000002,1.11,sl,-18.1,-150.68,False,2026-03-13 14:30:00,15034.029999999968,14883.349999999968
sell,high_vol,rsi,1.0,22.1,33.150000000000006,0.9,tp,33.15,223.76,True,2026-03-13 15:45:00,14883.349999999968,15107.109999999968
sell,high_vol,rsi,1.0,23.8,35.7,0.85,tp,35.7,227.59,True,2026-03-13 16:00:00,15107.109999999968,15334.699999999968
buy,high_vol,rsi,0.9995,10.6,15.899999999999999,1.93,sl,-10.6,-153.44,False,2026-03-13 22:15:00,15334.699999999968,15181.259999999967
buy,high_vol,rsi,0.9993,10.2,15.299999999999999,1.98,sl,-10.2,-151.47,False,2026-03-13 22:30:00,15181.259999999967,15029.789999999968
buy,high_vol,rsi,0.9994,10.3,15.450000000000001,1.94,sl,-10.3,-149.87,False,2026-03-13 22:45:00,15029.789999999968,14879.919999999967
buy,high_vol,rsi,0.9985,10.5,15.75,1.89,sl,-10.5,-148.84,False,2026-03-13 23:00:00,14879.919999999967,14731.079999999967
buy,high_vol,rsi,0.9997,11.0,16.5,1.78,tp,16.5,220.27,True,2026-03-13 23:15:00,14731.079999999967,14951.349999999968
buy,high_vol,rsi,0.9145,11.5,17.25,1.52,tp,17.25,196.65,True,2026-03-13 23:45:00,14951.349999999968,15147.999999999967
buy,high_vol,rsi,0.8886,11.2,16.799999999999997,1.52,timeout,7.2,82.08,True,2026-03-16 00:15:00,15147.999999999967,15230.079999999967
sell,low_vol,ema_flipped,1.0,8.9,13.350000000000001,2.28,tp,13.35,228.29,True,2026-03-16 06:15:00,15230.079999999967,15458.369999999968
buy,low_vol,ema_flipped,1.0,6.3,9.45,3.27,sl,-6.3,-154.51,False,2026-03-16 09:00:00,15458.369999999968,15303.859999999968
buy,high_vol,rsi,0.936,9.1,13.649999999999999,2.04,tp,13.65,208.85,True,2026-03-16 10:30:00,15303.859999999968,15512.709999999968
buy,high_vol,rsi,0.9126,9.5,14.25,1.91,tp,14.25,204.13,True,2026-03-16 10:45:00,15512.709999999968,15716.839999999967
sell,high_vol,rsi,1.0,15.3,22.950000000000003,1.37,sl,-15.3,-157.21,False,2026-03-17 12:30:00,15716.839999999967,15559.629999999968
sell,high_vol,rsi,1.0,15.0,22.5,1.38,sl,-15.0,-155.25,False,2026-03-17 12:45:00,15559.629999999968,15404.379999999968
buy,high_vol,rsi,1.0,16.6,24.900000000000002,1.24,tp,24.9,231.57,True,2026-03-19 00:00:00,15404.379999999968,15635.949999999968
buy,high_vol,rsi,1.0,17.6,26.400000000000002,1.18,tp,26.4,233.64,True,2026-03-19 00:15:00,15635.949999999968,15869.589999999967
sell,high_vol,rsi,1.0,23.1,34.650000000000006,0.92,sl,-23.1,-159.39,False,2026-03-19 21:45:00,15869.589999999967,15710.199999999968
sell,high_vol,rsi,1.0,24.0,36.0,0.87,tp,36.0,234.9,True,2026-03-19 22:00:00,15710.199999999968,15945.099999999968
sell,high_vol,rsi,1.0,24.7,37.05,0.86,sl,-24.7,-159.31,False,2026-03-19 22:15:00,15945.099999999968,15785.789999999968
sell,high_vol,rsi,1.0,23.3,34.95,0.9,tp,34.95,235.91,True,2026-03-19 22:30:00,15785.789999999968,16021.699999999968
sell,high_vol,rsi,1.0,24.2,36.3,0.88,tp,36.3,239.58,True,2026-03-19 22:45:00,16021.699999999968,16261.279999999968
sell,high_vol,rsi,1.0,24.2,36.3,0.9,tp,36.3,245.03,True,2026-03-19 23:00:00,16261.279999999968,16506.30999999997
sell,high_vol,rsi,1.0,23.5,35.25,0.94,tp,35.25,248.51,True,2026-03-19 23:15:00,16506.30999999997,16754.819999999967
buy,high_vol,rsi,0.9999,13.4,20.1,1.67,tp,20.1,251.75,True,2026-03-20 13:00:00,16754.819999999967,17006.569999999967
sell,high_vol,rsi,1.0,19.4,29.099999999999998,1.17,sl,-19.4,-170.24,False,2026-03-24 19:45:00,17006.569999999967,16836.329999999965
sell,high_vol,rsi,0.9835,12.0,18.0,1.83,tp,18.0,247.05,True,2026-03-25 03:30:00,16836.329999999965,17083.379999999965
sell,high_vol,rsi,0.9999,13.5,20.25,1.69,tp,20.25,256.67,True,2026-03-25 11:30:00,17083.379999999965,17340.049999999963
buy,low_vol,ema_flipped,0.8722,12.0,18.0,1.57,tp,18.0,211.95,True,2026-03-26 00:00:00,17340.049999999963,17551.999999999964
sell,low_vol,ema_flipped,0.9999,7.0,10.5,3.34,tp,10.5,263.02,True,2026-03-26 04:15:00,17551.999999999964,17815.019999999964
sell,high_vol,rsi,0.9998,15.1,22.65,1.57,tp,22.65,266.7,True,2026-03-26 19:00:00,17815.019999999964,18081.719999999965
buy,low_vol,ema_flipped,1.0,8.7,13.049999999999999,2.77,sl,-8.7,-180.74,False,2026-03-27 10:45:00,18081.719999999965,17900.979999999963
sell,high_vol,rsi,1.0,17.6,26.400000000000002,1.36,tp,26.4,269.28,True,2026-03-27 18:30:00,17900.979999999963,18170.259999999962
sell,low_vol,ema_flipped,1.0,10.3,15.450000000000001,2.35,sl,-10.3,-181.54,False,2026-03-31 05:45:00,18170.259999999962,17988.71999999996
sell,high_vol,rsi,1.0,21.1,31.650000000000002,1.14,sl,-21.1,-180.41,False,2026-03-31 16:45:00,17988.71999999996,17808.30999999996
sell,high_vol,rsi,1.0,22.5,33.75,1.06,sl,-22.5,-178.88,False,2026-03-31 17:00:00,17808.30999999996,17629.42999999996
sell,high_vol,rsi,1.0,23.6,35.400000000000006,1.0,sl,-23.6,-177.0,False,2026-03-31 17:15:00,17629.42999999996,17452.42999999996
sell,high_vol,rsi,0.9762,12.9,19.35,1.74,tp,19.35,252.52,True,2026-04-01 10:30:00,17452.42999999996,17704.94999999996
sell,high_vol,rsi,1.0,14.5,21.75,1.63,sl,-14.5,-177.26,False,2026-04-01 10:45:00,17704.94999999996,17527.689999999962
buy,low_vol,ema_flipped,1.0,11.6,17.4,2.01,tp,17.4,262.31,True,2026-04-02 00:00:00,17527.689999999962,17789.999999999964
sell,high_vol,rsi,1.0,20.5,30.75,1.16,tp,30.75,267.52,True,2026-04-02 18:00:00,17789.999999999964,18057.519999999964
sell,low_vol,ema_flipped,1.0,7.3,10.95,3.3,sl,-7.3,-180.67,False,2026-04-03 03:00:00,18057.519999999964,17876.849999999966
buy,low_vol,ema_flipped,1.0,8.5,12.75,2.8,sl,-8.5,-178.5,False,2026-04-03 21:00:00,17876.849999999966,17698.349999999966
sell,low_vol,ema_flipped,1.0,5.6,8.399999999999999,4.21,sl,-5.6,-176.82,False,2026-04-06 09:00:00,17698.349999999966,17521.529999999966
sell,high_vol,rsi,0.9941,9.4,14.100000000000001,2.46,sl,-9.4,-173.43,False,2026-04-06 10:30:00,17521.529999999966,17348.099999999966
sell,high_vol,rsi,0.9514,10.9,16.35,1.97,tp,16.35,241.57,True,2026-04-06 10:45:00,17348.099999999966,17589.669999999966
buy,low_vol,ema_flipped,1.0,9.6,14.399999999999999,2.44,sl,-9.6,-175.68,False,2026-04-06 22:15:00,17589.669999999966,17413.989999999965
sell,low_vol,ema_flipped,0.9792,9.4,14.100000000000001,2.4,sl,-9.4,-169.2,False,2026-04-07 10:45:00,17413.989999999965,17244.789999999964
sell,high_vol,rsi,1.0,23.0,34.5,1.0,sl,-23.0,-172.5,False,2026-04-08 01:45:00,17244.789999999964,17072.289999999964
sell,high_vol,rsi,1.0,14.8,22.200000000000003,1.54,sl,-14.8,-170.94,False,2026-04-08 09:15:00,17072.289999999964,16901.349999999966
sell,high_vol,rsi,0.9983,15.3,22.950000000000003,1.47,sl,-15.3,-168.68,False,2026-04-08 09:30:00,16901.349999999966,16732.669999999966
buy,high_vol,rsi,0.9999,18.1,27.150000000000002,1.23,sl,-18.1,-166.97,False,2026-04-08 19:30:00,16732.669999999966,16565.699999999964
buy,low_vol,ema_flipped,0.9831,14.5,21.75,1.49,tp,21.75,243.06,True,2026-04-08 23:00:00,16565.699999999964,16808.759999999966
sell,low_vol,ema_flipped,0.9988,11.9,17.85,1.88,tp,17.85,251.68,True,2026-04-09 12:00:00,16808.759999999966,17060.439999999966
buy,low_vol,ema_flipped,0.9923,13.5,20.25,1.67,tp,20.25,253.63,True,2026-04-09 17:15:00,17060.439999999966,17314.069999999967
buy,low_vol,ema_flipped,0.9999,9.3,13.950000000000001,2.48,tp,13.95,259.47,True,2026-04-10 01:45:00,17314.069999999967,17573.539999999968
sell,low_vol,ema_flipped,0.9998,5.6,8.399999999999999,4.18,sl,-5.6,-175.56,False,2026-04-10 07:00:00,17573.539999999968,17397.979999999967
buy,low_vol,ema_flipped,0.9999,10.2,15.299999999999999,2.27,tp,15.3,260.48,True,2026-04-13 11:30:00,17397.979999999967,17658.459999999966
sell,low_vol,ema_flipped,0.8891,14.3,21.450000000000003,1.39,timeout,5.1,53.17,True,2026-04-13 21:45:00,17658.459999999966,17711.629999999965
buy,low_vol,ema_flipped,0.9996,14.2,21.299999999999997,1.66,sl,-14.2,-176.79,False,2026-04-15 17:00:00,17711.629999999965,17534.839999999964
buy,high_vol,rsi,0.9975,17.7,26.549999999999997,1.32,sl,-17.7,-175.23,False,2026-04-17 20:15:00,17534.839999999964,17359.609999999964
buy,high_vol,rsi,0.8328,13.6,20.4,1.3,sl,-13.6,-132.6,False,2026-04-17 21:00:00,17359.609999999964,17227.009999999966
buy,high_vol,rsi,0.9558,16.9,25.349999999999998,1.27,tp,25.35,241.46,True,2026-04-20 00:00:00,17227.009999999966,17468.469999999965
buy,high_vol,rsi,1.0,17.5,26.25,1.33,tp,26.25,261.84,True,2026-04-20 00:30:00,17468.469999999965,17730.309999999965
buy,high_vol,rsi,1.0,16.8,25.200000000000003,1.41,tp,25.2,266.49,True,2026-04-20 00:45:00,17730.309999999965,17996.799999999967
sell,high_vol,rsi,1.0,15.8,23.700000000000003,1.52,timeout,3.8,43.32,True,2026-04-23 17:45:00,17996.799999999967,18040.119999999966
sell,high_vol,rsi,1.0,15.9,23.85,1.51,tp,23.85,270.1,True,2026-04-23 18:00:00,18040.119999999966,18310.219999999965
sell,high_vol,rsi,1.0,15.6,23.4,1.56,tp,23.4,273.78,True,2026-04-23 18:15:00,18310.219999999965,18583.999999999964
sell,high_vol,rsi,0.9999,14.2,21.299999999999997,1.74,tp,21.3,277.96,True,2026-04-23 19:30:00,18583.999999999964,18861.959999999963
sell,high_vol,rsi,1.0,13.8,20.700000000000003,1.82,tp,20.7,282.56,True,2026-04-23 19:45:00,18861.959999999963,19144.519999999964
buy,low_vol,ema_flipped,0.9999,8.9,13.350000000000001,2.87,tp,13.35,287.36,True,2026-04-24 12:30:00,19144.519999999964,19431.879999999965
sell,high_vol,rsi,1.0,8.2,12.299999999999999,3.16,sl,-8.2,-194.34,False,2026-04-27 03:30:00,19431.879999999965,19237.539999999964
sell,high_vol,rsi,1.0,8.2,12.299999999999999,3.13,sl,-8.2,-192.5,False,2026-04-27 03:45:00,19237.539999999964,19045.039999999964
buy,low_vol,ema_flipped,0.9915,10.3,15.450000000000001,2.44,sl,-10.3,-188.49,False,2026-04-27 11:15:00,19045.039999999964,18856.549999999963
sell,high_vol,rsi,0.9627,13.1,19.65,1.82,tp,19.65,268.22,True,2026-04-28 20:15:00,18856.549999999963,19124.769999999964
sell,high_vol,rsi,0.8683,12.1,18.15,1.71,tp,18.15,232.77,True,2026-04-28 20:45:00,19124.769999999964,19357.539999999964
sell,high_vol,rsi,1.0,5.5,8.25,4.69,tp,8.25,290.19,True,2026-04-29 03:45:00,19357.539999999964,19647.729999999963
buy,low_vol,ema_flipped,0.6523,10.7,16.049999999999997,1.23,tp,16.05,148.06,True,2026-04-29 15:45:00,19647.729999999963,19795.789999999964
buy,high_vol,rsi,0.9999,12.8,19.200000000000003,2.06,sl,-12.8,-197.76,False,2026-04-29 20:15:00,19795.789999999964,19598.029999999966
buy,high_vol,rsi,0.9999,12.5,18.75,2.09,sl,-12.5,-195.94,False,2026-04-29 20:30:00,19598.029999999966,19402.089999999967
buy,high_vol,rsi,0.9994,11.8,17.700000000000003,2.19,sl,-11.8,-193.81,False,2026-04-29 20:45:00,19402.089999999967,19208.279999999966
buy,high_vol,rsi,1.0,11.7,17.549999999999997,2.19,sl,-11.7,-192.17,False,2026-04-29 21:00:00,19208.279999999966,19016.109999999968
buy,high_vol,rsi,0.9999,11.5,17.25,2.2,sl,-11.5,-189.75,False,2026-04-29 21:15:00,19016.109999999968,18826.359999999968
buy,high_vol,rsi,1.0,12.2,18.299999999999997,2.06,sl,-12.2,-188.49,False,2026-04-29 21:30:00,18826.359999999968,18637.869999999966
buy,high_vol,rsi,0.9997,12.1,18.15,2.05,sl,-12.1,-186.04,False,2026-05-01 00:00:00,18637.869999999966,18451.829999999965
buy,high_vol,rsi,1.0,12.3,18.450000000000003,2.0,sl,-12.3,-184.5,False,2026-05-01 20:30:00,18451.829999999965,18267.329999999965
buy,high_vol,rsi,1.0,11.9,17.85,2.05,sl,-11.9,-182.96,False,2026-05-01 20:45:00,18267.329999999965,18084.369999999966
buy,high_vol,rsi,1.0,11.8,17.700000000000003,2.04,sl,-11.8,-180.54,False,2026-05-01 21:00:00,18084.369999999966,17903.829999999965
buy,high_vol,rsi,1.0,11.9,17.85,2.01,tp,17.85,269.09,True,2026-05-01 21:15:00,17903.829999999965,18172.919999999966
sell,low_vol,ema_flipped,0.9989,7.5,11.25,3.23,tp,11.25,272.53,True,2026-05-04 09:45:00,18172.919999999966,18445.449999999964
buy,low_vol,ema_flipped,0.9964,9.4,14.100000000000001,2.6,sl,-9.4,-183.3,False,2026-05-04 12:15:00,18445.449999999964,18262.149999999965
sell,low_vol,ema_flipped,0.986,8.9,13.350000000000001,2.68,tp,13.35,268.34,True,2026-05-04 12:30:00,18262.149999999965,18530.489999999965
buy,low_vol,ema_flipped,0.8991,8.9,13.350000000000001,2.38,sl,-8.9,-158.87,False,2026-05-04 12:45:00,18530.489999999965,18371.619999999966
