direction,regime,strategy,confidence,entry_price,sl_pips,tp_pips,spread_pips,lot_size,outcome,pnl_pips,pnl_usd,won,entry_time,signal_time,balance_before,balance_after
buy,low_vol,ema_flipped,1.0,1.38541,10.8,16.200000000000003,1.5,0.93,tp,16.2,150.66,True,2021-07-06 13:15:00,2021-07-06 13:00:00,10000.0,10150.66
sell,low_vol,ema_flipped,1.0,1.38665,12.4,18.6,1.5,0.82,tp,18.6,152.52,True,2021-07-06 13:30:00,2021-07-06 13:15:00,10150.66,10303.18
buy,low_vol,ema_flipped,1.0,1.3843,14.3,21.450000000000003,1.5,0.72,sl,-14.3,-102.96,False,2021-07-06 14:30:00,2021-07-06 14:15:00,10303.18,10200.220000000001
sell,low_vol,ema_flipped,1.0,1.38295,18.5,27.75,1.5,0.55,tp,27.75,152.62,True,2021-07-07 13:00:00,2021-07-07 12:45:00,10200.220000000001,10352.840000000002
buy,low_vol,ema_flipped,1.0,1.37811,19.5,29.25,1.5,0.53,sl,-19.5,-103.35,False,2021-07-07 15:15:00,2021-07-07 15:00:00,10352.840000000002,10249.490000000002
sell,low_vol,ema_flipped,1.0,1.37896,12.0,18.0,1.5,0.85,tp,18.0,153.0,True,2021-07-08 23:30:00,2021-07-08 23:15:00,10249.490000000002,10402.490000000002
buy,low_vol,ema_flipped,1.0,1.37714,10.0,15.0,1.5,1.04,sl,-10.0,-104.0,False,2021-07-09 03:15:00,2021-07-09 03:00:00,10402.490000000002,10298.490000000002
sell,low_vol,ema_flipped,1.0,1.37964,19.0,28.5,1.5,0.54,sl,-19.0,-102.6,False,2021-07-09 11:00:00,2021-07-09 10:45:00,10298.490000000002,10195.890000000001
buy,low_vol,ema_flipped,1.0,1.38445,16.6,24.900000000000002,1.5,0.61,tp,24.9,151.89,True,2021-07-12 13:00:00,2021-07-12 12:45:00,10195.890000000001,10347.78
sell,low_vol,ema_flipped,1.0,1.38943,19.4,29.099999999999998,1.5,0.53,tp,29.1,154.23,True,2021-07-12 15:30:00,2021-07-12 15:15:00,10347.78,10502.01
buy,low_vol,ema_flipped,1.0,1.38583,12.6,18.9,1.5,0.83,sl,-12.6,-104.58,False,2021-07-13 09:30:00,2021-07-13 09:15:00,10502.01,10397.43
sell,low_vol,ema_flipped,1.0,1.38536,15.7,23.549999999999997,1.5,0.66,sl,-15.7,-103.62,False,2021-07-14 09:30:00,2021-07-14 09:15:00,10397.43,10293.81
buy,low_vol,ema_flipped,1.0,1.38406,7.2,10.8,1.5,1.43,sl,-7.2,-102.96,False,2021-07-15 02:30:00,2021-07-15 02:15:00,10293.81,10190.85
sell,low_vol,ema_flipped,1.0,1.38937,25.9,38.849999999999994,1.5,0.39,tp,38.85,151.51,True,2021-07-15 11:30:00,2021-07-15 11:15:00,10190.85,10342.36
buy,low_vol,ema_flipped,1.0,1.38305,17.4,26.099999999999998,1.5,0.59,sl,-17.4,-102.66,False,2021-07-15 17:45:00,2021-07-15 17:30:00,10342.36,10239.7
buy,high_vol,bollinger,1.0,1.36194,24.2,36.3,1.5,0.42,sl,-24.2,-101.64,False,2021-07-20 12:00:00,2021-07-20 11:45:00,10239.7,10138.060000000001
buy,high_vol,bollinger,1.0,1.35758,22.1,33.150000000000006,1.5,0.46,tp,33.15,152.49,True,2021-07-20 14:15:00,2021-07-20 14:00:00,10138.060000000001,10290.550000000001
buy,high_vol,bollinger,1.0,1.36072,19.7,29.549999999999997,1.5,0.52,tp,29.55,153.66,True,2021-07-21 12:00:00,2021-07-21 11:45:00,10290.550000000001,10444.210000000001
sell,high_vol,bollinger,1.0,1.36636,18.9,28.349999999999998,1.5,0.55,sl,-18.9,-103.95,False,2021-07-21 14:45:00,2021-07-21 14:30:00,10444.210000000001,10340.26
sell,high_vol,bollinger,1.0,1.36768,19.8,29.700000000000003,1.5,0.52,sl,-19.8,-102.96,False,2021-07-21 15:00:00,2021-07-21 14:45:00,10340.26,10237.300000000001
sell,high_vol,bollinger,0.9993,1.37166,16.0,24.0,1.5,0.64,tp,24.0,153.6,True,2021-07-21 18:30:00,2021-07-21 18:15:00,10237.300000000001,10390.900000000001
sell,high_vol,bollinger,1.0,1.37724,20.8,31.200000000000003,1.5,0.5,tp,31.2,156.0,True,2021-07-22 13:00:00,2021-07-22 12:45:00,10390.900000000001,10546.900000000001
buy,low_vol,ema_flipped,0.9548,1.3732,13.4,20.1,1.5,0.74,tp,20.1,148.74,True,2021-07-23 09:45:00,2021-07-23 09:30:00,10546.900000000001,10695.640000000001
sell,high_vol,bollinger,1.0,1.37549,19.0,28.5,1.5,0.56,sl,-19.0,-106.4,False,2021-07-23 13:15:00,2021-07-23 13:00:00,10695.640000000001,10589.240000000002
sell,high_vol,bollinger,1.0,1.37624,19.2,28.799999999999997,1.5,0.55,sl,-19.2,-105.6,False,2021-07-23 13:30:00,2021-07-23 13:15:00,10589.240000000002,10483.640000000001
buy,low_vol,ema_flipped,1.0,1.37465,8.0,12.0,1.5,1.31,tp,12.0,157.2,True,2021-07-26 04:00:00,2021-07-26 03:45:00,10483.640000000001,10640.840000000002
sell,low_vol,ema_flipped,1.0,1.37549,6.0,9.0,1.5,1.77,sl,-6.0,-106.2,False,2021-07-26 06:30:00,2021-07-26 06:15:00,10640.840000000002,10534.640000000001
buy,low_vol,ema_flipped,1.0,1.37425,8.4,12.600000000000001,1.5,1.25,tp,12.6,157.5,True,2021-07-26 07:45:00,2021-07-26 07:30:00,10534.640000000001,10692.140000000001
sell,low_vol,ema_flipped,1.0,1.37637,12.2,18.299999999999997,1.5,0.88,tp,18.3,161.04,True,2021-07-26 08:30:00,2021-07-26 08:15:00,10692.140000000001,10853.180000000002
sell,high_vol,bollinger,1.0,1.38144,15.5,23.25,1.5,0.7,sl,-15.5,-108.5,False,2021-07-26 14:45:00,2021-07-26 14:30:00,10853.180000000002,10744.680000000002
buy,high_vol,bollinger,0.7709,1.37944,9.7,14.549999999999999,1.5,0.75,sl,-9.7,-72.75,False,2021-07-27 08:15:00,2021-07-27 08:00:00,10744.680000000002,10671.930000000002
sell,high_vol,bollinger,1.0,1.38009,15.7,23.549999999999997,1.5,0.68,sl,-15.7,-106.76,False,2021-07-27 13:00:00,2021-07-27 12:45:00,10671.930000000002,10565.170000000002
sell,high_vol,bollinger,1.0,1.38115,16.1,24.150000000000002,1.5,0.66,sl,-16.1,-106.26,False,2021-07-27 13:15:00,2021-07-27 13:00:00,10565.170000000002,10458.910000000002
sell,high_vol,bollinger,1.0,1.38798,24.2,36.3,1.5,0.43,timeout,18.6,79.98,True,2021-07-27 16:00:00,2021-07-27 15:45:00,10458.910000000002,10538.890000000001
buy,high_vol,bollinger,1.0,1.388,8.1,12.149999999999999,1.5,1.3,sl,-8.1,-105.3,False,2021-07-27 20:30:00,2021-07-27 20:15:00,10538.890000000001,10433.590000000002
buy,high_vol,bollinger,1.0,1.38552,14.7,22.049999999999997,1.5,0.71,timeout,4.5,31.95,True,2021-07-28 14:45:00,2021-07-28 14:30:00,10433.590000000002,10465.540000000003
sell,high_vol,bollinger,1.0,1.38966,16.7,25.049999999999997,1.5,0.63,sl,-16.7,-105.21,False,2021-07-28 19:45:00,2021-07-28 19:30:00,10465.540000000003,10360.330000000004
sell,high_vol,bollinger,1.0,1.39037,17.8,26.700000000000003,1.5,0.58,sl,-17.8,-103.24,False,2021-07-28 20:00:00,2021-07-28 19:45:00,10360.330000000004,10257.090000000004
sell,high_vol,bollinger,0.9916,1.39477,10.0,15.0,1.5,1.01,sl,-10.0,-101.0,False,2021-07-29 08:15:00,2021-07-29 08:00:00,10257.090000000004,10156.090000000004
sell,high_vol,bollinger,0.9985,1.39666,13.5,20.25,1.5,0.75,sl,-13.5,-101.25,False,2021-07-29 13:45:00,2021-07-29 13:30:00,10156.090000000004,10054.840000000004
sell,high_vol,bollinger,1.0,1.39765,14.8,22.200000000000003,1.5,0.68,tp,22.2,150.96,True,2021-07-29 15:00:00,2021-07-29 14:45:00,10054.840000000004,10205.800000000003
buy,high_vol,bollinger,0.6842,1.39603,13.6,20.4,1.5,0.41,sl,-13.6,-55.76,False,2021-07-29 17:15:00,2021-07-29 17:00:00,10205.800000000003,10150.040000000003
buy,low_vol,ema_flipped,1.0,1.39433,7.0,10.5,1.5,1.45,tp,10.5,152.25,True,2021-07-30 07:15:00,2021-07-30 07:00:00,10150.040000000003,10302.290000000003
sell,low_vol,ema_flipped,1.0,1.3956,8.9,13.350000000000001,1.5,1.16,sl,-8.9,-103.24,False,2021-07-30 08:15:00,2021-07-30 08:00:00,10302.290000000003,10199.050000000003
buy,high_vol,bollinger,1.0,1.39255,17.9,26.849999999999998,1.5,0.57,sl,-17.9,-102.03,False,2021-07-30 15:30:00,2021-07-30 15:15:00,10199.050000000003,10097.020000000002
buy,high_vol,bollinger,1.0,1.38885,18.2,27.299999999999997,1.5,0.55,tp,27.3,150.15,True,2021-08-02 16:45:00,2021-08-02 16:30:00,10097.020000000002,10247.170000000002
sell,high_vol,bollinger,0.9308,1.39072,10.5,15.75,1.5,0.88,sl,-10.5,-92.4,False,2021-08-03 08:30:00,2021-08-03 08:15:00,10247.170000000002,10154.770000000002
sell,high_vol,bollinger,0.9641,1.39133,11.4,17.1,1.5,0.85,sl,-11.4,-96.9,False,2021-08-03 08:45:00,2021-08-03 08:30:00,10154.770000000002,10057.870000000003
sell,high_vol,bollinger,1.0,1.39277,13.0,19.5,1.5,0.77,tp,19.5,150.15,True,2021-08-03 11:45:00,2021-08-03 11:30:00,10057.870000000003,10208.020000000002
buy,high_vol,bollinger,1.0,1.38869,15.2,22.799999999999997,1.5,0.67,tp,22.8,152.76,True,2021-08-03 15:00:00,2021-08-03 14:45:00,10208.020000000002,10360.780000000002
sell,high_vol,bollinger,1.0,1.3938,13.6,20.4,1.5,0.76,sl,-13.6,-103.36,False,2021-08-04 13:45:00,2021-08-04 13:30:00,10360.780000000002,10257.420000000002
buy,high_vol,bollinger,1.0,1.39097,17.2,25.799999999999997,1.5,0.6,sl,-17.2,-103.2,False,2021-08-04 15:30:00,2021-08-04 15:15:00,10257.420000000002,10154.220000000001
buy,high_vol,bollinger,1.0,1.38898,9.2,13.799999999999999,1.5,1.1,sl,-9.2,-101.2,False,2021-08-04 20:00:00,2021-08-04 19:45:00,10154.220000000001,10053.02
sell,high_vol,bollinger,0.9984,1.39087,9.7,14.549999999999999,1.5,1.03,sl,-9.7,-99.91,False,2021-08-05 08:15:00,2021-08-05 08:00:00,10053.02,9953.11
sell,high_vol,bollinger,0.9979,1.39163,10.6,15.899999999999999,1.5,0.94,sl,-10.6,-99.64,False,2021-08-05 08:30:00,2021-08-05 08:15:00,9953.11,9853.470000000001
sell,high_vol,bollinger,1.0,1.39414,27.7,41.55,1.5,0.36,timeout,13.4,48.24,True,2021-08-05 15:15:00,2021-08-05 15:00:00,9853.470000000001,9901.710000000001
sell,high_vol,bollinger,1.0,1.39363,14.5,21.75,1.5,0.68,timeout,8.3,56.44,True,2021-08-05 18:30:00,2021-08-05 18:15:00,9901.710000000001,9958.150000000001
buy,high_vol,bollinger,1.0,1.38542,12.5,18.75,1.5,0.8,tp,18.75,150.0,True,2021-08-09 09:15:00,2021-08-09 09:00:00,9958.150000000001,10108.150000000001
buy,high_vol,bollinger,1.0,1.38619,14.2,21.299999999999997,1.5,0.71,sl,-14.2,-100.82,False,2021-08-09 15:15:00,2021-08-09 15:00:00,10108.150000000001,10007.330000000002
sell,high_vol,bollinger,1.0,1.38604,10.6,15.899999999999999,1.5,0.94,sl,-10.6,-99.64,False,2021-08-10 09:15:00,2021-08-10 09:00:00,10007.330000000002,9907.690000000002
sell,high_vol,bollinger,1.0,1.38692,12.1,18.15,1.5,0.82,tp,18.15,148.83,True,2021-08-10 09:45:00,2021-08-10 09:30:00,9907.690000000002,10056.520000000002
buy,high_vol,bollinger,0.9999,1.38401,11.5,17.25,1.5,0.87,tp,17.25,150.07,True,2021-08-10 14:30:00,2021-08-10 14:15:00,10056.520000000002,10206.590000000002
sell,high_vol,bollinger,0.9783,1.38163,11.1,16.65,1.5,0.89,sl,-11.1,-98.79,False,2021-08-11 12:00:00,2021-08-11 11:45:00,10206.590000000002,10107.800000000001
sell,high_vol,bollinger,1.0,1.38253,11.4,17.1,1.5,0.89,sl,-11.4,-101.46,False,2021-08-11 12:45:00,2021-08-11 12:30:00,10107.800000000001,10006.340000000002
sell,high_vol,bollinger,1.0,1.38705,15.8,23.700000000000003,1.5,0.63,sl,-15.8,-99.54,False,2021-08-11 13:45:00,2021-08-11 13:30:00,10006.340000000002,9906.800000000001
sell,high_vol,bollinger,1.0,1.38782,13.1,19.65,1.5,0.76,timeout,10.2,77.52,True,2021-08-11 18:00:00,2021-08-11 17:45:00,9906.800000000001,9984.320000000002
buy,low_vol,ema_flipped,0.9971,1.385,10.1,15.149999999999999,1.5,0.98,sl,-10.1,-98.98,False,2021-08-12 12:30:00,2021-08-12 12:15:00,9984.320000000002,9885.340000000002
buy,high_vol,bollinger,0.9977,1.38393,10.1,15.149999999999999,1.5,0.98,sl,-10.1,-98.98,False,2021-08-12 13:45:00,2021-08-12 13:30:00,9885.340000000002,9786.360000000002
buy,high_vol,bollinger,1.0,1.38354,11.7,17.549999999999997,1.5,0.84,sl,-11.7,-98.28,False,2021-08-12 14:15:00,2021-08-12 14:00:00,9786.360000000002,9688.080000000002
sell,low_vol,ema_flipped,0.8444,1.38397,10.5,15.75,1.5,0.72,sl,-10.5,-75.6,False,2021-08-13 14:45:00,2021-08-13 14:30:00,9688.080000000002,9612.480000000001
buy,high_vol,bollinger,1.0,1.38499,12.8,19.200000000000003,1.5,0.75,tp,19.2,144.0,True,2021-08-16 10:45:00,2021-08-16 10:30:00,9612.480000000001,9756.480000000001
sell,high_vol,bollinger,1.0,1.38725,13.3,19.950000000000003,1.5,0.73,tp,19.95,145.63,True,2021-08-16 12:30:00,2021-08-16 12:15:00,9756.480000000001,9902.11
buy,high_vol,bollinger,1.0,1.38514,14.2,21.299999999999997,1.5,0.7,sl,-14.2,-99.4,False,2021-08-16 14:45:00,2021-08-16 14:30:00,9902.11,9802.710000000001
buy,high_vol,bollinger,1.0,1.38325,16.3,24.450000000000003,1.5,0.6,tp,24.45,146.7,True,2021-08-16 15:00:00,2021-08-16 14:45:00,9802.710000000001,9949.410000000002
buy,high_vol,bollinger,0.8474,1.38003,9.7,14.549999999999999,1.5,0.8,sl,-9.7,-77.6,False,2021-08-17 08:00:00,2021-08-17 07:45:00,9949.410000000002,9871.810000000001
buy,high_vol,bollinger,1.0,1.37908,14.5,21.75,1.5,0.68,sl,-14.5,-98.6,False,2021-08-17 11:30:00,2021-08-17 11:15:00,9871.810000000001,9773.210000000001
buy,high_vol,bollinger,1.0,1.37748,13.1,19.65,1.5,0.75,sl,-13.1,-98.25,False,2021-08-17 13:45:00,2021-08-17 13:30:00,9773.210000000001,9674.960000000001
buy,high_vol,bollinger,1.0,1.37274,14.7,22.049999999999997,1.5,0.66,tp,22.05,145.53,True,2021-08-17 18:00:00,2021-08-17 17:45:00,9674.960000000001,9820.490000000002
buy,high_vol,bollinger,0.9999,1.37201,8.6,12.899999999999999,1.5,1.14,tp,12.9,147.06,True,2021-08-17 22:15:00,2021-08-17 22:00:00,9820.490000000002,9967.550000000001
sell,high_vol,bollinger,1.0,1.37443,5.7,8.55,1.5,1.75,sl,-5.7,-99.75,False,2021-08-18 02:15:00,2021-08-18 02:00:00,9967.550000000001,9867.800000000001
sell,high_vol,bollinger,1.0,1.37476,5.9,8.850000000000001,1.5,1.67,sl,-5.9,-98.53,False,2021-08-18 02:30:00,2021-08-18 02:15:00,9867.800000000001,9769.27
sell,high_vol,bollinger,1.0,1.37585,12.6,18.9,1.5,0.78,sl,-12.6,-98.28,False,2021-08-18 09:30:00,2021-08-18 09:15:00,9769.27,9670.99
sell,high_vol,bollinger,1.0,1.37679,12.4,18.6,1.5,0.78,tp,18.6,145.08,True,2021-08-18 13:00:00,2021-08-18 12:45:00,9670.99,9816.07
sell,high_vol,bollinger,1.0,1.37636,12.8,19.200000000000003,1.5,0.77,tp,19.2,147.84,True,2021-08-18 19:15:00,2021-08-18 19:00:00,9816.07,9963.91
sell,high_vol,bollinger,1.0,1.3769,12.7,19.049999999999997,1.5,0.78,tp,19.05,148.59,True,2021-08-18 19:30:00,2021-08-18 19:15:00,9963.91,10112.5
buy,high_vol,bollinger,1.0,1.36899,13.2,19.799999999999997,1.5,0.77,sl,-13.2,-101.64,False,2021-08-19 09:15:00,2021-08-19 09:00:00,10112.5,10010.86
buy,high_vol,bollinger,1.0,1.36762,15.2,22.799999999999997,1.5,0.66,sl,-15.2,-100.32,False,2021-08-19 13:15:00,2021-08-19 13:00:00,10010.86,9910.54
sell,low_vol,ema_flipped,0.9995,1.36444,8.0,12.0,1.5,1.24,sl,-8.0,-99.2,False,2021-08-23 02:45:00,2021-08-23 02:30:00,9910.54,9811.34
buy,high_vol,bollinger,0.9584,1.36424,9.6,14.399999999999999,1.5,0.96,sl,-9.6,-92.16,False,2021-08-23 08:15:00,2021-08-23 08:00:00,9811.34,9719.18
sell,high_vol,bollinger,1.0,1.37138,14.2,21.299999999999997,1.5,0.68,sl,-14.2,-96.56,False,2021-08-23 15:45:00,2021-08-23 15:30:00,9719.18,9622.62
sell,high_vol,bollinger,1.0,1.37277,14.4,21.6,1.5,0.67,sl,-14.4,-96.48,False,2021-08-24 11:45:00,2021-08-24 11:30:00,9622.62,9526.140000000001
sell,high_vol,bollinger,1.0,1.37297,14.7,22.049999999999997,1.5,0.65,sl,-14.7,-95.55,False,2021-08-24 15:30:00,2021-08-24 15:15:00,9526.140000000001,9430.590000000002
sell,high_vol,bollinger,1.0,1.37453,15.7,23.549999999999997,1.5,0.6,tp,23.55,141.3,True,2021-08-24 15:45:00,2021-08-24 15:30:00,9430.590000000002,9571.890000000001
buy,high_vol,bollinger,0.6735,1.37095,7.7,11.55,1.5,0.66,tp,11.55,76.23,True,2021-08-25 08:00:00,2021-08-25 07:45:00,9571.890000000001,9648.12
sell,high_vol,bollinger,1.0,1.37292,11.3,16.950000000000003,1.5,0.85,sl,-11.3,-96.05,False,2021-08-25 09:15:00,2021-08-25 09:00:00,9648.12,9552.070000000002
sell,high_vol,bollinger,1.0,1.37416,12.3,18.450000000000003,1.5,0.78,tp,18.45,143.91,True,2021-08-25 09:30:00,2021-08-25 09:15:00,9552.070000000002,9695.980000000001
sell,high_vol,bollinger,1.0,1.3722,12.0,18.0,1.5,0.81,sl,-12.0,-97.2,False,2021-08-25 15:15:00,2021-08-25 15:00:00,9695.980000000001,9598.78
sell,high_vol,bollinger,1.0,1.37637,13.0,19.5,1.5,0.74,tp,19.5,144.3,True,2021-08-25 19:15:00,2021-08-25 19:00:00,9598.78,9743.08
buy,high_vol,bollinger,1.0,1.37287,12.1,18.15,1.5,0.81,sl,-12.1,-98.01,False,2021-08-26 13:15:00,2021-08-26 13:00:00,9743.08,9645.07
sell,high_vol,bollinger,0.9997,1.37188,10.4,15.600000000000001,1.5,0.93,sl,-10.4,-96.72,False,2021-08-27 12:45:00,2021-08-27 12:30:00,9645.07,9548.35
sell,high_vol,bollinger,1.0,1.37398,16.5,24.75,1.5,0.58,sl,-16.5,-95.7,False,2021-08-27 15:00:00,2021-08-27 14:45:00,9548.35,9452.65
sell,high_vol,bollinger,1.0,1.37709,22.6,33.900000000000006,1.5,0.42,timeout,6.3,26.46,True,2021-08-27 15:15:00,2021-08-27 15:00:00,9452.65,9479.109999999999
buy,high_vol,bollinger,0.9996,1.37535,8.9,13.350000000000001,1.5,1.06,tp,13.35,141.51,True,2021-08-30 08:30:00,2021-08-30 08:15:00,9479.109999999999,9620.619999999999
sell,high_vol,bollinger,0.7745,1.37592,9.8,14.700000000000001,1.5,0.67,timeout,-5.4,-36.18,False,2021-08-30 13:00:00,2021-08-30 12:45:00,9620.619999999999,9584.439999999999
buy,high_vol,bollinger,1.0,1.37414,11.1,16.65,1.5,0.86,tp,16.65,143.19,True,2021-08-30 14:00:00,2021-08-30 13:45:00,9584.439999999999,9727.63
buy,high_vol,bollinger,1.0,1.37616,16.6,24.900000000000002,1.5,0.59,tp,24.9,146.91,True,2021-08-31 14:15:00,2021-08-31 14:00:00,9727.63,9874.539999999999
sell,high_vol,bollinger,1.0,1.37622,12.2,18.299999999999997,1.5,0.81,sl,-12.2,-98.82,False,2021-09-01 09:45:00,2021-09-01 09:30:00,9874.539999999999,9775.72
sell,high_vol,bollinger,1.0,1.37702,11.2,16.799999999999997,1.5,0.87,sl,-11.2,-97.44,False,2021-09-01 13:30:00,2021-09-01 13:15:00,9775.72,9678.279999999999
sell,high_vol,bollinger,1.0,1.37843,12.0,18.0,1.5,0.81,sl,-12.0,-97.2,False,2021-09-01 13:45:00,2021-09-01 13:30:00,9678.279999999999,9581.079999999998
sell,high_vol,bollinger,0.9018,1.37895,7.9,11.850000000000001,1.5,1.04,sl,-7.9,-82.16,False,2021-09-02 08:45:00,2021-09-02 08:30:00,9581.079999999998,9498.919999999998
sell,high_vol,bollinger,1.0,1.38046,9.8,14.700000000000001,1.5,0.97,sl,-9.8,-95.06,False,2021-09-02 14:45:00,2021-09-02 14:30:00,9498.919999999998,9403.859999999999
sell,high_vol,bollinger,1.0,1.38161,10.6,15.899999999999999,1.5,0.89,sl,-10.6,-94.34,False,2021-09-02 15:00:00,2021-09-02 14:45:00,9403.859999999999,9309.519999999999
sell,high_vol,bollinger,0.9915,1.38387,6.9,10.350000000000001,1.5,1.33,sl,-6.9,-91.77,False,2021-09-02 20:00:00,2021-09-02 19:45:00,9309.519999999999,9217.749999999998
sell,high_vol,bollinger,1.0,1.38493,17.3,25.950000000000003,1.5,0.53,sl,-17.3,-91.69,False,2021-09-03 14:00:00,2021-09-03 13:45:00,9217.749999999998,9126.059999999998
sell,high_vol,bollinger,1.0,1.38816,14.7,22.049999999999997,1.5,0.62,tp,22.05,136.71,True,2021-09-03 18:15:00,2021-09-03 18:00:00,9126.059999999998,9262.769999999997
buy,high_vol,bollinger,0.9397,1.38546,8.9,13.350000000000001,1.5,0.95,sl,-8.9,-84.55,False,2021-09-06 01:30:00,2021-09-06 01:15:00,9262.769999999997,9178.219999999998
buy,low_vol,ema_flipped,0.9957,1.38445,7.6,11.399999999999999,1.5,1.2,sl,-7.6,-91.2,False,2021-09-06 08:30:00,2021-09-06 08:15:00,9178.219999999998,9087.019999999997
buy,high_vol,bollinger,1.0,1.3837,9.8,14.700000000000001,1.5,0.93,sl,-9.8,-91.14,False,2021-09-06 10:30:00,2021-09-06 10:15:00,9087.019999999997,8995.879999999997
buy,high_vol,bollinger,0.9999,1.38338,9.5,14.25,1.5,0.95,sl,-9.5,-90.25,False,2021-09-06 10:45:00,2021-09-06 10:30:00,8995.879999999997,8905.629999999997
sell,high_vol,bollinger,0.9999,1.38449,9.6,14.399999999999999,1.5,0.93,tp,14.4,133.92,True,2021-09-06 13:00:00,2021-09-06 12:45:00,8905.629999999997,9039.549999999997
buy,high_vol,bollinger,0.9991,1.38239,9.4,14.100000000000001,1.5,0.96,tp,14.1,135.36,True,2021-09-06 15:30:00,2021-09-06 15:15:00,9039.549999999997,9174.909999999998
sell,low_vol,ema_flipped,1.0,1.38469,5.0,7.5,1.5,1.83,sl,-5.0,-91.5,False,2021-09-07 02:00:00,2021-09-07 01:45:00,9174.909999999998,9083.409999999998
buy,low_vol,ema_flipped,0.9918,1.38289,7.0,10.5,1.5,1.28,sl,-7.0,-89.6,False,2021-09-07 07:15:00,2021-09-07 07:00:00,9083.409999999998,8993.809999999998
sell,high_vol,bollinger,1.0,1.38431,10.3,15.450000000000001,1.5,0.87,tp,15.45,134.41,True,2021-09-07 08:45:00,2021-09-07 08:30:00,8993.809999999998,9128.219999999998
buy,high_vol,bollinger,1.0,1.3815,13.1,19.65,1.5,0.7,sl,-13.1,-91.7,False,2021-09-07 09:15:00,2021-09-07 09:00:00,9128.219999999998,9036.519999999997
buy,high_vol,bollinger,1.0,1.38003,15.4,23.1,1.5,0.59,sl,-15.4,-90.86,False,2021-09-07 11:30:00,2021-09-07 11:15:00,9036.519999999997,8945.659999999996
sell,high_vol,bollinger,1.0,1.37713,13.4,20.1,1.5,0.67,tp,20.1,134.67,True,2021-09-08 12:15:00,2021-09-08 12:00:00,8945.659999999996,9080.329999999996
buy,high_vol,bollinger,1.0,1.37579,12.2,18.299999999999997,1.5,0.74,sl,-12.2,-90.28,False,2021-09-08 14:15:00,2021-09-08 14:00:00,9080.329999999996,8990.049999999996
buy,high_vol,bollinger,1.0,1.37428,14.6,21.9,1.5,0.62,sl,-14.6,-90.52,False,2021-09-08 15:30:00,2021-09-08 15:15:00,8990.049999999996,8899.529999999995
sell,high_vol,bollinger,1.0,1.37975,11.6,17.4,1.5,0.77,sl,-11.6,-89.32,False,2021-09-09 09:15:00,2021-09-09 09:00:00,8899.529999999995,8810.209999999995
sell,high_vol,bollinger,1.0,1.38357,13.7,20.549999999999997,1.5,0.64,sl,-13.7,-87.68,False,2021-09-09 13:00:00,2021-09-09 12:45:00,8810.209999999995,8722.529999999995
sell,high_vol,bollinger,1.0,1.38529,16.4,24.599999999999998,1.5,0.53,timeout,17.0,90.1,True,2021-09-09 17:00:00,2021-09-09 16:45:00,8722.529999999995,8812.629999999996
sell,high_vol,bollinger,1.0,1.38591,8.1,12.149999999999999,1.5,1.09,sl,-8.1,-88.29,False,2021-09-10 08:00:00,2021-09-10 07:45:00,8812.629999999996,8724.339999999995
sell,high_vol,bollinger,1.0,1.38802,11.7,17.549999999999997,1.5,0.75,tp,17.55,131.62,True,2021-09-10 12:30:00,2021-09-10 12:15:00,8724.339999999995,8855.959999999995
buy,low_vol,ema_flipped,0.9904,1.38388,8.1,12.149999999999999,1.5,1.08,sl,-8.1,-87.48,False,2021-09-10 20:30:00,2021-09-10 20:15:00,8855.959999999995,8768.479999999996
buy,high_vol,bollinger,1.0,1.38057,9.6,14.399999999999999,1.5,0.91,tp,14.4,131.04,True,2021-09-13 08:00:00,2021-09-13 07:45:00,8768.479999999996,8899.519999999997
buy,high_vol,bollinger,1.0,1.38022,10.5,15.75,1.5,0.85,tp,15.75,133.88,True,2021-09-13 08:15:00,2021-09-13 08:00:00,8899.519999999997,9033.399999999996
sell,high_vol,bollinger,1.0,1.38299,13.1,19.65,1.5,0.69,sl,-13.1,-90.39,False,2021-09-13 11:15:00,2021-09-13 11:00:00,9033.399999999996,8943.009999999997
sell,high_vol,bollinger,1.0,1.38372,11.1,16.65,1.5,0.81,tp,16.65,134.87,True,2021-09-13 13:15:00,2021-09-13 13:00:00,8943.009999999997,9077.879999999997
buy,high_vol,bollinger,1.0,1.38207,14.6,21.9,1.5,0.62,tp,21.9,135.78,True,2021-09-13 15:30:00,2021-09-13 15:15:00,9077.879999999997,9213.659999999998
sell,high_vol,bollinger,0.9962,1.38637,10.0,15.0,1.5,0.92,sl,-10.0,-92.0,False,2021-09-14 08:15:00,2021-09-14 08:00:00,9213.659999999998,9121.659999999998
buy,high_vol,bollinger,1.0,1.38545,11.4,17.1,1.5,0.8,tp,17.1,136.8,True,2021-09-14 13:00:00,2021-09-14 12:45:00,9121.659999999998,9258.459999999997
sell,high_vol,bollinger,1.0,1.38837,15.2,22.799999999999997,1.5,0.61,sl,-15.2,-92.72,False,2021-09-14 13:45:00,2021-09-14 13:30:00,9258.459999999997,9165.739999999998
sell,high_vol,bollinger,1.0,1.39018,16.6,24.900000000000002,1.5,0.55,tp,24.9,136.95,True,2021-09-14 14:00:00,2021-09-14 13:45:00,9165.739999999998,9302.689999999999
sell,high_vol,bollinger,0.9787,1.38264,9.4,14.100000000000001,1.5,0.96,sl,-9.4,-90.24,False,2021-09-15 07:45:00,2021-09-15 07:30:00,9302.689999999999,9212.449999999999
sell,high_vol,bollinger,1.0,1.38363,12.9,19.35,1.5,0.71,sl,-12.9,-91.59,False,2021-09-15 14:45:00,2021-09-15 14:30:00,9212.449999999999,9120.859999999999
sell,high_vol,bollinger,1.0,1.38495,14.0,21.0,1.5,0.65,tp,21.0,136.5,True,2021-09-15 15:00:00,2021-09-15 14:45:00,9120.859999999999,9257.359999999999
buy,low_vol,ema_flipped,1.0,1.38253,5.0,7.5,1.5,1.85,sl,-5.0,-92.5,False,2021-09-16 07:15:00,2021-09-16 07:00:00,9257.359999999999,9164.859999999999
buy,high_vol,bollinger,0.6738,1.38147,7.1,10.649999999999999,1.5,0.69,tp,10.65,73.49,True,2021-09-16 08:00:00,2021-09-16 07:45:00,9164.859999999999,9238.349999999999
buy,high_vol,bollinger,1.0,1.37891,15.4,23.1,1.5,0.6,sl,-15.4,-92.4,False,2021-09-16 14:15:00,2021-09-16 14:00:00,9238.349999999999,9145.949999999999
buy,high_vol,bollinger,1.0,1.37229,9.8,14.700000000000001,1.5,0.93,sl,-9.8,-91.14,False,2021-09-20 01:15:00,2021-09-20 01:00:00,9145.949999999999,9054.81
buy,high_vol,bollinger,0.7352,1.36905,8.6,12.899999999999999,1.5,0.65,sl,-8.6,-55.9,False,2021-09-20 08:00:00,2021-09-20 07:45:00,9054.81,8998.91
buy,high_vol,bollinger,1.0,1.36759,10.1,15.149999999999999,1.5,0.89,sl,-10.1,-89.89,False,2021-09-20 08:15:00,2021-09-20 08:00:00,8998.91,8909.02
sell,high_vol,bollinger,1.0,1.36944,18.7,28.049999999999997,1.5,0.48,tp,28.05,134.64,True,2021-09-20 11:30:00,2021-09-20 11:15:00,8909.02,9043.66
buy,high_vol,bollinger,0.993,1.3654,8.9,13.350000000000001,1.5,1.01,tp,13.35,134.84,True,2021-09-21 02:00:00,2021-09-21 01:45:00,9043.66,9178.5
sell,high_vol,bollinger,0.999,1.36679,9.8,14.700000000000001,1.5,0.94,sl,-9.8,-92.12,False,2021-09-21 03:00:00,2021-09-21 02:45:00,9178.5,9086.38
buy,high_vol,bollinger,1.0,1.36779,14.8,22.200000000000003,1.5,0.61,sl,-14.8,-90.28,False,2021-09-21 11:30:00,2021-09-21 11:15:00,9086.38,8996.099999999999
buy,high_vol,bollinger,1.0,1.36593,16.2,24.299999999999997,1.5,0.56,sl,-16.2,-90.72,False,2021-09-21 14:30:00,2021-09-21 14:15:00,8996.099999999999,8905.38
sell,high_vol,bollinger,1.0,1.36661,10.5,15.75,1.5,0.85,sl,-10.5,-89.25,False,2021-09-21 20:15:00,2021-09-21 20:00:00,8905.38,8816.13
sell,high_vol,bollinger,1.0,1.36712,9.7,14.549999999999999,1.5,0.91,tp,14.55,132.4,True,2021-09-21 20:30:00,2021-09-21 20:15:00,8816.13,8948.529999999999
sell,high_vol,bollinger,0.9997,1.36702,7.8,11.7,1.5,1.15,sl,-7.8,-89.7,False,2021-09-22 02:15:00,2021-09-22 02:00:00,8948.529999999999,8858.829999999998
sell,high_vol,bollinger,0.9108,1.36752,7.5,11.25,1.5,1.03,tp,11.25,115.88,True,2021-09-22 02:30:00,2021-09-22 02:15:00,8858.829999999998,8974.709999999997
buy,high_vol,bollinger,1.0,1.36367,12.2,18.299999999999997,1.5,0.74,sl,-12.2,-90.28,False,2021-09-22 09:00:00,2021-09-22 08:45:00,8974.709999999997,8884.429999999997
sell,high_vol,bollinger,1.0,1.36846,16.4,24.599999999999998,1.5,0.54,tp,24.6,132.84,True,2021-09-22 19:15:00,2021-09-22 19:00:00,8884.429999999997,9017.269999999997
sell,high_vol,bollinger,1.0,1.36534,10.2,15.299999999999999,1.5,0.88,sl,-10.2,-89.76,False,2021-09-23 07:45:00,2021-09-23 07:30:00,9017.269999999997,8927.509999999997
sell,high_vol,bollinger,1.0,1.36976,23.5,35.25,1.5,0.38,sl,-23.5,-89.3,False,2021-09-23 12:15:00,2021-09-23 12:00:00,8927.509999999997,8838.209999999997
sell,high_vol,bollinger,1.0,1.37356,23.7,35.55,1.5,0.37,timeout,12.8,47.36,True,2021-09-23 14:45:00,2021-09-23 14:30:00,8838.209999999997,8885.569999999998
buy,high_vol,bollinger,1.0,1.37064,8.7,13.049999999999999,1.5,1.02,tp,13.05,133.11,True,2021-09-24 08:15:00,2021-09-24 08:00:00,8885.569999999998,9018.679999999998
buy,high_vol,bollinger,1.0,1.3682,15.5,23.25,1.5,0.58,sl,-15.5,-89.9,False,2021-09-24 12:15:00,2021-09-24 12:00:00,9018.679999999998,8928.779999999999
buy,high_vol,bollinger,1.0,1.36633,8.3,12.450000000000001,1.5,1.08,tp,12.45,134.46,True,2021-09-27 07:30:00,2021-09-27 07:15:00,8928.779999999999,9063.239999999998
sell,high_vol,bollinger,1.0,1.37094,17.7,26.549999999999997,1.5,0.51,tp,26.55,135.41,True,2021-09-27 12:15:00,2021-09-27 12:00:00,9063.239999999998,9198.649999999998
buy,high_vol,bollinger,0.8633,1.36939,9.4,14.100000000000001,1.5,0.79,sl,-9.4,-74.26,False,2021-09-28 07:45:00,2021-09-28 07:30:00,9198.649999999998,9124.389999999998
buy,high_vol,bollinger,1.0,1.36451,20.7,31.049999999999997,1.5,0.44,sl,-20.7,-91.08,False,2021-09-28 11:00:00,2021-09-28 10:45:00,9124.389999999998,9033.309999999998
buy,high_vol,bollinger,1.0,1.36268,21.7,32.55,1.5,0.42,sl,-21.7,-91.14,False,2021-09-28 11:15:00,2021-09-28 11:00:00,9033.309999999998,8942.169999999998
buy,high_vol,bollinger,1.0,1.35404,26.7,40.05,1.5,0.33,sl,-26.7,-88.11,False,2021-09-28 13:45:00,2021-09-28 13:30:00,8942.169999999998,8854.059999999998
buy,high_vol,bollinger,1.0,1.35395,9.2,13.799999999999999,1.5,0.96,sl,-9.2,-88.32,False,2021-09-29 08:00:00,2021-09-29 07:45:00,8854.059999999998,8765.739999999998
buy,high_vol,bollinger,1.0,1.35066,12.8,19.200000000000003,1.5,0.68,tp,19.2,130.56,True,2021-09-29 08:15:00,2021-09-29 08:00:00,8765.739999999998,8896.299999999997
buy,high_vol,bollinger,1.0,1.34864,20.9,31.349999999999998,1.5,0.43,sl,-20.9,-89.87,False,2021-09-29 12:15:00,2021-09-29 12:00:00,8896.299999999997,8806.429999999997
buy,high_vol,bollinger,1.0,1.34768,20.2,30.299999999999997,1.5,0.44,sl,-20.2,-88.88,False,2021-09-29 12:30:00,2021-09-29 12:15:00,8806.429999999997,8717.549999999997
buy,high_vol,bollinger,1.0,1.34208,13.9,20.85,1.5,0.63,tp,20.85,131.35,True,2021-09-30 08:15:00,2021-09-30 08:00:00,8717.549999999997,8848.899999999998
sell,high_vol,bollinger,1.0,1.34632,20.4,30.599999999999998,1.5,0.43,timeout,20.8,89.44,True,2021-09-30 10:45:00,2021-09-30 10:30:00,8848.899999999998,8938.339999999998
sell,high_vol,bollinger,1.0,1.34772,19.7,29.549999999999997,1.5,0.45,sl,-19.7,-88.65,False,2021-09-30 13:30:00,2021-09-30 13:15:00,8938.339999999998,8849.689999999999
sell,high_vol,bollinger,1.0,1.35066,25.9,38.849999999999994,1.5,0.34,tp,38.85,132.09,True,2021-09-30 16:15:00,2021-09-30 16:00:00,8849.689999999999,8981.779999999999
buy,high_vol,bollinger,1.0,1.34508,28.0,42.0,1.5,0.32,tp,42.0,134.4,True,2021-09-30 17:15:00,2021-09-30 17:00:00,8981.779999999999,9116.179999999998
buy,low_vol,ema_flipped,0.9998,1.3454,8.9,13.350000000000001,1.5,1.02,sl,-8.9,-90.78,False,2021-10-01 02:30:00,2021-10-01 02:15:00,9116.179999999998,9025.399999999998
buy,high_vol,bollinger,0.9998,1.34477,10.1,15.149999999999999,1.5,0.89,sl,-10.1,-89.89,False,2021-10-01 07:45:00,2021-10-01 07:30:00,9025.399999999998,8935.509999999998
buy,high_vol,bollinger,1.0,1.34402,12.8,19.200000000000003,1.5,0.7,tp,19.2,134.4,True,2021-10-01 08:15:00,2021-10-01 08:00:00,8935.509999999998,9069.909999999998
sell,high_vol,bollinger,1.0,1.34786,20.0,30.0,1.5,0.45,sl,-20.0,-90.0,False,2021-10-01 09:45:00,2021-10-01 09:30:00,9069.909999999998,8979.909999999998
sell,high_vol,bollinger,1.0,1.35633,20.5,30.75,1.5,0.44,tp,30.75,135.3,True,2021-10-01 14:30:00,2021-10-01 14:15:00,8979.909999999998,9115.209999999997
buy,high_vol,bollinger,1.0,1.35491,10.5,15.75,1.5,0.87,sl,-10.5,-91.35,False,2021-10-01 20:30:00,2021-10-01 20:15:00,9115.209999999997,9023.859999999997
buy,high_vol,bollinger,1.0,1.35584,9.6,14.399999999999999,1.5,0.94,sl,-9.6,-90.24,False,2021-10-04 02:00:00,2021-10-04 01:45:00,9023.859999999997,8933.619999999997
buy,high_vol,bollinger,1.0,1.35517,9.8,14.700000000000001,1.5,0.91,sl,-9.8,-89.18,False,2021-10-04 02:15:00,2021-10-04 02:00:00,8933.619999999997,8844.439999999997
sell,high_vol,bollinger,1.0,1.35618,11.3,16.950000000000003,1.5,0.78,tp,16.95,132.21,True,2021-10-04 08:15:00,2021-10-04 08:00:00,8844.439999999997,8976.649999999996
sell,high_vol,bollinger,1.0,1.36118,15.1,22.65,1.5,0.59,sl,-15.1,-89.09,False,2021-10-04 14:45:00,2021-10-04 14:30:00,8976.649999999996,8887.559999999996
sell,high_vol,bollinger,1.0,1.36208,15.7,23.549999999999997,1.5,0.57,sl,-15.7,-89.49,False,2021-10-04 15:00:00,2021-10-04 14:45:00,8887.559999999996,8798.069999999996
sell,high_vol,bollinger,1.0,1.36351,16.4,24.599999999999998,1.5,0.54,tp,24.6,132.84,True,2021-10-04 15:15:00,2021-10-04 15:00:00,8798.069999999996,8930.909999999996
sell,high_vol,bollinger,1.0,1.36112,11.4,17.1,1.5,0.78,sl,-11.4,-88.92,False,2021-10-05 08:30:00,2021-10-05 08:15:00,8930.909999999996,8841.989999999996
sell,high_vol,bollinger,1.0,1.36314,16.2,24.299999999999997,1.5,0.55,tp,24.3,133.65,True,2021-10-05 12:15:00,2021-10-05 12:00:00,8841.989999999996,8975.639999999996
sell,high_vol,bollinger,1.0,1.36364,16.5,24.75,1.5,0.54,tp,24.75,133.65,True,2021-10-05 12:30:00,2021-10-05 12:15:00,8975.639999999996,9109.289999999995
buy,high_vol,bollinger,1.0,1.36053,17.4,26.099999999999998,1.5,0.52,tp,26.1,135.72,True,2021-10-05 14:15:00,2021-10-05 14:00:00,9109.289999999995,9245.009999999995
buy,low_vol,ema_flipped,1.0,1.36038,8.3,12.450000000000001,1.5,1.11,sl,-8.3,-92.13,False,2021-10-06 05:30:00,2021-10-06 05:15:00,9245.009999999995,9152.879999999996
buy,high_vol,bollinger,1.0,1.35876,13.9,20.85,1.5,0.66,sl,-13.9,-91.74,False,2021-10-06 08:15:00,2021-10-06 08:00:00,9152.879999999996,9061.139999999996
buy,high_vol,bollinger,1.0,1.35544,23.0,34.5,1.5,0.39,tp,34.5,134.55,True,2021-10-06 16:30:00,2021-10-06 16:15:00,9061.139999999996,9195.689999999995
sell,low_vol,ema_flipped,1.0,1.35941,5.4,8.100000000000001,1.5,1.7,tp,8.1,137.7,True,2021-10-07 01:45:00,2021-10-07 01:30:00,9195.689999999995,9333.389999999996
buy,low_vol,ema_flipped,1.0,1.35821,7.9,11.850000000000001,1.5,1.18,sl,-7.9,-93.22,False,2021-10-07 03:30:00,2021-10-07 03:15:00,9333.389999999996,9240.169999999996
sell,high_vol,bollinger,1.0,1.36147,18.1,27.150000000000002,1.5,0.51,tp,27.15,138.47,True,2021-10-07 12:15:00,2021-10-07 12:00:00,9240.169999999996,9378.639999999996
sell,high_vol,bollinger,1.0,1.36249,18.1,27.150000000000002,1.5,0.52,tp,27.15,141.18,True,2021-10-07 15:30:00,2021-10-07 15:15:00,9378.639999999996,9519.819999999996
buy,low_vol,ema_flipped,0.9965,1.35984,9.0,13.5,1.5,1.05,sl,-9.0,-94.5,False,2021-10-08 07:45:00,2021-10-08 07:30:00,9519.819999999996,9425.319999999996
sell,high_vol,bollinger,1.0,1.36074,13.7,20.549999999999997,1.5,0.69,sl,-13.7,-94.53,False,2021-10-08 10:15:00,2021-10-08 10:00:00,9425.319999999996,9330.789999999995
sell,high_vol,bollinger,1.0,1.36418,14.7,22.049999999999997,1.5,0.63,tp,22.05,138.92,True,2021-10-08 13:45:00,2021-10-08 13:30:00,9330.789999999995,9469.709999999995
buy,high_vol,bollinger,0.9998,1.36101,9.0,13.5,1.5,1.05,tp,13.5,141.75,True,2021-10-10 22:15:00,2021-10-10 22:00:00,9469.709999999995,9611.459999999995
sell,high_vol,bollinger,1.0,1.36328,12.6,18.9,1.5,0.76,sl,-12.6,-95.76,False,2021-10-11 01:15:00,2021-10-11 01:00:00,9611.459999999995,9515.699999999995
sell,high_vol,bollinger,0.9242,1.36711,9.4,14.100000000000001,1.5,0.9,tp,14.1,126.9,True,2021-10-11 07:45:00,2021-10-11 07:30:00,9515.699999999995,9642.599999999995
buy,high_vol,bollinger,1.0,1.35868,8.7,13.049999999999999,1.5,1.11,tp,13.05,144.85,True,2021-10-11 21:00:00,2021-10-11 20:45:00,9642.599999999995,9787.449999999995
buy,high_vol,bollinger,0.9976,1.35862,7.6,11.399999999999999,1.5,1.28,tp,11.4,145.92,True,2021-10-12 00:00:00,2021-10-11 23:45:00,9787.449999999995,9933.369999999995
buy,high_vol,bollinger,0.9999,1.35915,8.9,13.350000000000001,1.5,1.12,sl,-8.9,-99.68,False,2021-10-12 08:15:00,2021-10-12 08:00:00,9933.369999999995,9833.689999999995
sell,low_vol,ema_flipped,1.0,1.36132,8.5,12.75,1.5,1.16,sl,-8.5,-98.6,False,2021-10-13 03:45:00,2021-10-13 03:30:00,9833.689999999995,9735.089999999995
sell,high_vol,bollinger,1.0,1.36234,11.8,17.700000000000003,1.5,0.83,sl,-11.8,-97.94,False,2021-10-13 08:45:00,2021-10-13 08:30:00,9735.089999999995,9637.149999999994
buy,high_vol,bollinger,1.0,1.35934,17.2,25.799999999999997,1.5,0.56,tp,25.8,144.48,True,2021-10-13 13:45:00,2021-10-13 13:30:00,9637.149999999994,9781.629999999994
sell,high_vol,bollinger,1.0,1.36543,17.1,25.650000000000002,1.5,0.57,sl,-17.1,-97.47,False,2021-10-13 18:30:00,2021-10-13 18:15:00,9781.629999999994,9684.159999999994
buy,high_vol,bollinger,1.0,1.3684,18.1,27.150000000000002,1.5,0.54,timeout,-10.8,-58.32,False,2021-10-14 16:00:00,2021-10-14 15:45:00,9684.159999999994,9625.839999999995
buy,high_vol,bollinger,0.9883,1.36721,8.5,12.75,1.5,1.11,timeout,1.1,12.21,True,2021-10-14 21:00:00,2021-10-14 20:45:00,9625.839999999995,9638.049999999994
buy,low_vol,ema_flipped,1.0,1.36752,6.3,9.45,1.5,1.53,sl,-6.3,-96.39,False,2021-10-14 23:30:00,2021-10-14 23:15:00,9638.049999999994,9541.659999999994
sell,low_vol,ema_flipped,1.0,1.36852,6.8,10.2,1.5,1.4,sl,-6.8,-95.2,False,2021-10-15 04:00:00,2021-10-15 03:45:00,9541.659999999994,9446.459999999994
sell,high_vol,bollinger,0.9994,1.36974,8.5,12.75,1.5,1.11,sl,-8.5,-94.35,False,2021-10-15 08:00:00,2021-10-15 07:45:00,9446.459999999994,9352.109999999993
sell,high_vol,bollinger,1.0,1.37114,10.3,15.450000000000001,1.5,0.91,sl,-10.3,-93.73,False,2021-10-15 08:15:00,2021-10-15 08:00:00,9352.109999999993,9258.379999999994
sell,high_vol,bollinger,0.9999,1.372,11.5,17.25,1.5,0.8,sl,-11.5,-92.0,False,2021-10-15 08:30:00,2021-10-15 08:15:00,9258.379999999994,9166.379999999994
sell,high_vol,bollinger,1.0,1.37393,15.5,23.25,1.5,0.59,sl,-15.5,-91.45,False,2021-10-15 11:45:00,2021-10-15 11:30:00,9166.379999999994,9074.929999999993
buy,low_vol,ema_flipped,0.9997,1.3723,6.6,9.899999999999999,1.5,1.37,tp,9.9,135.63,True,2021-10-18 07:30:00,2021-10-18 07:15:00,9074.929999999993,9210.559999999992
sell,low_vol,ema_flipped,0.9073,1.37386,9.0,13.5,1.5,0.89,sl,-9.0,-80.1,False,2021-10-18 08:15:00,2021-10-18 08:00:00,9210.559999999992,9130.459999999992
buy,high_vol,bollinger,1.0,1.3712,17.6,26.400000000000002,1.5,0.52,tp,26.4,137.28,True,2021-10-18 16:15:00,2021-10-18 16:00:00,9130.459999999992,9267.739999999993
sell,low_vol,ema_flipped,0.9999,1.37353,9.3,13.950000000000001,1.5,1.0,tp,13.95,139.5,True,2021-10-18 19:30:00,2021-10-18 19:15:00,9267.739999999993,9407.239999999993
buy,low_vol,ema_flipped,1.0,1.37299,8.3,12.450000000000001,1.5,1.13,sl,-8.3,-93.79,False,2021-10-18 20:00:00,2021-10-18 19:45:00,9407.239999999993,9313.449999999992
sell,low_vol,ema_flipped,1.0,1.37403,6.2,9.3,1.5,1.5,sl,-6.2,-93.0,False,2021-10-19 01:15:00,2021-10-19 01:00:00,9313.449999999992,9220.449999999992
sell,high_vol,bollinger,1.0,1.38141,13.9,20.85,1.5,0.66,sl,-13.9,-91.74,False,2021-10-19 11:00:00,2021-10-19 10:45:00,9220.449999999992,9128.709999999992
buy,high_vol,bollinger,1.0,1.38162,15.7,23.549999999999997,1.5,0.58,sl,-15.7,-91.06,False,2021-10-19 13:45:00,2021-10-19 13:30:00,9128.709999999992,9037.649999999992
buy,high_vol,bollinger,1.0,1.38053,16.8,25.200000000000003,1.5,0.54,sl,-16.8,-90.72,False,2021-10-19 14:15:00,2021-10-19 14:00:00,9037.649999999992,8946.929999999993
sell,high_vol,bollinger,0.9245,1.38034,6.9,10.350000000000001,1.5,1.16,tp,10.35,120.06,True,2021-10-22 02:15:00,2021-10-22 02:00:00,8946.929999999993,9066.989999999993
buy,high_vol,bollinger,0.9998,1.3785,10.6,15.899999999999999,1.5,0.86,sl,-10.6,-91.16,False,2021-10-22 08:15:00,2021-10-22 08:00:00,9066.989999999993,8975.829999999993
buy,high_vol,bollinger,1.0,1.37782,13.6,20.4,1.5,0.66,tp,20.4,134.64,True,2021-10-22 09:00:00,2021-10-22 08:45:00,8975.829999999993,9110.469999999992
sell,high_vol,bollinger,1.0,1.38092,19.8,29.700000000000003,1.5,0.46,tp,29.7,136.62,True,2021-10-22 10:00:00,2021-10-22 09:45:00,9110.469999999992,9247.089999999993
buy,high_vol,bollinger,1.0,1.37846,20.1,30.150000000000002,1.5,0.46,sl,-20.1,-92.46,False,2021-10-22 12:00:00,2021-10-22 11:45:00,9247.089999999993,9154.629999999994
buy,high_vol,bollinger,1.0,1.37651,15.9,23.85,1.5,0.58,sl,-15.9,-92.22,False,2021-10-22 15:45:00,2021-10-22 15:30:00,9154.629999999994,9062.409999999994
buy,high_vol,bollinger,1.0,1.37426,21.3,31.950000000000003,1.5,0.43,tp,31.95,137.39,True,2021-10-22 17:00:00,2021-10-22 16:45:00,9062.409999999994,9199.799999999994
buy,high_vol,bollinger,1.0,1.37431,9.8,14.700000000000001,1.5,0.94,tp,14.7,138.18,True,2021-10-24 22:15:00,2021-10-24 22:00:00,9199.799999999994,9337.979999999994
sell,low_vol,ema_flipped,1.0,1.37812,8.2,12.299999999999999,1.5,1.14,tp,12.3,140.22,True,2021-10-25 05:45:00,2021-10-25 05:30:00,9337.979999999994,9478.199999999993
buy,low_vol,ema_flipped,0.9784,1.37706,8.7,13.049999999999999,1.5,1.06,tp,13.05,138.33,True,2021-10-25 08:00:00,2021-10-25 07:45:00,9478.199999999993,9616.529999999993
sell,low_vol,ema_flipped,0.8398,1.37759,9.6,14.399999999999999,1.5,0.77,sl,-9.6,-73.92,False,2021-10-25 08:15:00,2021-10-25 08:00:00,9616.529999999993,9542.609999999993
buy,high_vol,bollinger,1.0,1.37527,15.4,23.1,1.5,0.62,tp,23.1,143.22,True,2021-10-25 10:30:00,2021-10-25 10:15:00,9542.609999999993,9685.829999999993
sell,high_vol,bollinger,0.9989,1.37789,8.0,12.0,1.5,1.21,tp,12.0,145.2,True,2021-10-26 08:00:00,2021-10-26 07:45:00,9685.829999999993,9831.029999999993
sell,high_vol,bollinger,1.0,1.38124,17.8,26.700000000000003,1.5,0.55,tp,26.7,146.85,True,2021-10-26 11:15:00,2021-10-26 11:00:00,9831.029999999993,9977.879999999994
buy,high_vol,bollinger,1.0,1.37756,16.4,24.599999999999998,1.5,0.61,sl,-16.4,-100.04,False,2021-10-26 16:45:00,2021-10-26 16:30:00,9977.879999999994,9877.839999999993
buy,high_vol,bollinger,1.0,1.37469,14.2,21.299999999999997,1.5,0.7,sl,-14.2,-99.4,False,2021-10-27 09:00:00,2021-10-27 08:45:00,9877.839999999993,9778.439999999993
buy,high_vol,bollinger,1.0,1.37131,19.2,28.799999999999997,1.5,0.51,tp,28.8,146.88,True,2021-10-27 12:00:00,2021-10-27 11:45:00,9778.439999999993,9925.319999999992
buy,high_vol,bollinger,1.0,1.37226,18.8,28.200000000000003,1.5,0.53,tp,28.2,149.46,True,2021-10-27 15:45:00,2021-10-27 15:30:00,9925.319999999992,10074.779999999992
buy,high_vol,bollinger,1.0,1.37156,19.9,29.849999999999998,1.5,0.51,tp,29.85,152.24,True,2021-10-27 16:00:00,2021-10-27 15:45:00,10074.779999999992,10227.019999999991
buy,high_vol,bollinger,1.0,1.3735,11.1,16.65,1.5,0.92,sl,-11.1,-102.12,False,2021-10-27 20:15:00,2021-10-27 20:00:00,10227.019999999991,10124.89999999999
sell,high_vol,bollinger,1.0,1.37694,11.7,17.549999999999997,1.5,0.87,tp,17.55,152.68,True,2021-10-28 08:45:00,2021-10-28 08:30:00,10124.89999999999,10277.57999999999
buy,high_vol,bollinger,1.0,1.37401,15.8,23.700000000000003,1.5,0.65,tp,23.7,154.05,True,2021-10-28 13:15:00,2021-10-28 13:00:00,10277.57999999999,10431.62999999999
buy,high_vol,bollinger,0.9806,1.37806,8.0,12.0,1.5,1.27,tp,12.0,152.4,True,2021-10-29 08:00:00,2021-10-29 07:45:00,10431.62999999999,10584.02999999999
buy,high_vol,bollinger,1.0,1.37724,16.7,25.049999999999997,1.5,0.63,sl,-16.7,-105.21,False,2021-10-29 13:45:00,2021-10-29 13:30:00,10584.02999999999,10478.81999999999
buy,high_vol,bollinger,1.0,1.37598,17.9,26.849999999999998,1.5,0.59,sl,-17.9,-105.61,False,2021-10-29 14:00:00,2021-10-29 13:45:00,10478.81999999999,10373.20999999999
buy,high_vol,bollinger,1.0,1.37066,21.2,31.799999999999997,1.5,0.49,sl,-21.2,-103.88,False,2021-10-29 16:00:00,2021-10-29 15:45:00,10373.20999999999,10269.32999999999
buy,high_vol,bollinger,0.9976,1.36752,8.3,12.450000000000001,1.5,1.23,sl,-8.3,-102.09,False,2021-11-01 02:00:00,2021-11-01 01:45:00,10269.32999999999,10167.23999999999
sell,high_vol,bollinger,1.0,1.36755,17.3,25.950000000000003,1.5,0.59,sl,-17.3,-102.07,False,2021-11-01 13:00:00,2021-11-01 12:45:00,10167.23999999999,10065.169999999991
buy,high_vol,bollinger,1.0,1.36607,15.5,23.25,1.5,0.65,sl,-15.5,-100.75,False,2021-11-01 18:00:00,2021-11-01 17:45:00,10065.169999999991,9964.419999999991
buy,high_vol,bollinger,0.9283,1.36432,9.2,13.799999999999999,1.5,0.97,tp,13.8,133.86,True,2021-11-02 07:15:00,2021-11-02 07:00:00,9964.419999999991,10098.279999999992
buy,high_vol,bollinger,1.0,1.36333,17.4,26.099999999999998,1.5,0.58,tp,26.1,151.38,True,2021-11-02 10:00:00,2021-11-02 09:45:00,10098.279999999992,10249.65999999999
sell,high_vol,bollinger,1.0,1.36474,16.5,24.75,1.5,0.62,sl,-16.5,-102.3,False,2021-11-02 13:00:00,2021-11-02 12:45:00,10249.65999999999,10147.359999999991
sell,high_vol,bollinger,1.0,1.3639,13.7,20.549999999999997,1.5,0.74,sl,-13.7,-101.38,False,2021-11-03 12:45:00,2021-11-03 12:30:00,10147.359999999991,10045.979999999992
sell,high_vol,bollinger,1.0,1.36527,14.1,21.15,1.5,0.71,sl,-14.1,-100.11,False,2021-11-03 13:00:00,2021-11-03 12:45:00,10045.979999999992,9945.869999999992
sell,high_vol,bollinger,1.0,1.36767,18.0,27.0,1.5,0.55,sl,-18.0,-99.0,False,2021-11-03 20:00:00,2021-11-03 19:45:00,9945.869999999992,9846.869999999992
buy,high_vol,bollinger,1.0,1.36393,11.9,17.85,1.5,0.83,sl,-11.9,-98.77,False,2021-11-04 09:15:00,2021-11-04 09:00:00,9846.869999999992,9748.099999999991
buy,high_vol,bollinger,1.0,1.35573,23.6,35.400000000000006,1.5,0.41,sl,-23.6,-96.76,False,2021-11-04 13:15:00,2021-11-04 13:00:00,9748.099999999991,9651.339999999991
buy,high_vol,bollinger,1.0,1.34765,11.7,17.549999999999997,1.5,0.82,sl,-11.7,-95.94,False,2021-11-05 09:15:00,2021-11-05 09:00:00,9651.339999999991,9555.39999999999
buy,high_vol,bollinger,1.0,1.34665,12.7,19.049999999999997,1.5,0.75,sl,-12.7,-95.25,False,2021-11-05 09:30:00,2021-11-05 09:15:00,9555.39999999999,9460.14999999999
sell,high_vol,bollinger,1.0,1.3465,23.7,35.55,1.5,0.4,sl,-23.7,-94.8,False,2021-11-05 14:15:00,2021-11-05 14:00:00,9460.14999999999,9365.349999999991
buy,high_vol,bollinger,0.9416,1.34856,9.0,13.5,1.5,0.95,sl,-9.0,-85.5,False,2021-11-07 22:30:00,2021-11-07 22:15:00,9365.349999999991,9279.849999999991
buy,high_vol,bollinger,1.0,1.34725,11.0,16.5,1.5,0.84,sl,-11.0,-92.4,False,2021-11-08 08:15:00,2021-11-08 08:00:00,9279.849999999991,9187.449999999992
buy,high_vol,bollinger,1.0,1.34554,12.7,19.049999999999997,1.5,0.72,tp,19.05,137.16,True,2021-11-08 08:30:00,2021-11-08 08:15:00,9187.449999999992,9324.609999999991
sell,high_vol,bollinger,1.0,1.35138,18.2,27.299999999999997,1.5,0.51,sl,-18.2,-92.82,False,2021-11-08 12:00:00,2021-11-08 11:45:00,9324.609999999991,9231.789999999992
sell,high_vol,bollinger,1.0,1.35621,21.7,32.55,1.5,0.43,sl,-21.7,-93.31,False,2021-11-08 15:15:00,2021-11-08 15:00:00,9231.789999999992,9138.479999999992
sell,high_vol,bollinger,1.0,1.35756,21.2,31.799999999999997,1.5,0.43,sl,-21.2,-91.16,False,2021-11-08 15:30:00,2021-11-08 15:15:00,9138.479999999992,9047.319999999992
sell,high_vol,bollinger,1.0,1.35804,15.2,22.799999999999997,1.5,0.6,sl,-15.2,-91.2,False,2021-11-09 09:15:00,2021-11-09 09:00:00,9047.319999999992,8956.119999999992
sell,high_vol,bollinger,1.0,1.35935,16.4,24.599999999999998,1.5,0.55,tp,24.6,135.3,True,2021-11-09 09:30:00,2021-11-09 09:15:00,8956.119999999992,9091.419999999991
buy,high_vol,bollinger,1.0,1.35703,16.2,24.299999999999997,1.5,0.56,sl,-16.2,-90.72,False,2021-11-09 12:00:00,2021-11-09 11:45:00,9091.419999999991,9000.699999999992
buy,high_vol,bollinger,1.0,1.35476,15.7,23.549999999999997,1.5,0.57,sl,-15.7,-89.49,False,2021-11-09 14:15:00,2021-11-09 14:00:00,9000.699999999992,8911.209999999992
buy,high_vol,bollinger,1.0,1.3537,19.8,29.700000000000003,1.5,0.45,tp,29.7,133.65,True,2021-11-09 15:15:00,2021-11-09 15:00:00,8911.209999999992,9044.859999999991
buy,low_vol,ema_flipped,1.0,1.35501,6.4,9.600000000000001,1.5,1.41,tp,9.6,135.36,True,2021-11-10 01:45:00,2021-11-10 01:30:00,9044.859999999991,9180.219999999992
sell,low_vol,ema_flipped,1.0,1.3563,8.9,13.350000000000001,1.5,1.03,tp,13.35,137.51,True,2021-11-10 03:30:00,2021-11-10 03:15:00,9180.219999999992,9317.729999999992
buy,low_vol,ema_flipped,1.0,1.35523,7.7,11.55,1.5,1.21,sl,-7.7,-93.17,False,2021-11-10 05:15:00,2021-11-10 05:00:00,9317.729999999992,9224.559999999992
buy,high_vol,bollinger,1.0,1.35408,11.3,16.950000000000003,1.5,0.82,sl,-11.3,-92.66,False,2021-11-10 08:30:00,2021-11-10 08:15:00,9224.559999999992,9131.899999999992
buy,high_vol,bollinger,1.0,1.35341,12.7,19.049999999999997,1.5,0.72,sl,-12.7,-91.44,False,2021-11-10 08:45:00,2021-11-10 08:30:00,9131.899999999992,9040.459999999992
buy,high_vol,bollinger,1.0,1.35129,17.1,25.650000000000002,1.5,0.53,sl,-17.1,-90.63,False,2021-11-10 11:15:00,2021-11-10 11:00:00,9040.459999999992,8949.829999999993
buy,high_vol,bollinger,1.0,1.35083,17.1,25.650000000000002,1.5,0.52,sl,-17.1,-88.92,False,2021-11-10 11:30:00,2021-11-10 11:15:00,8949.829999999993,8860.909999999993
sell,high_vol,bollinger,1.0,1.35307,20.5,30.75,1.5,0.43,tp,30.75,132.22,True,2021-11-10 14:30:00,2021-11-10 14:15:00,8860.909999999993,8993.129999999992
buy,high_vol,bollinger,1.0,1.34264,24.5,36.75,1.5,0.37,sl,-24.5,-90.65,False,2021-11-10 18:15:00,2021-11-10 18:00:00,8993.129999999992,8902.479999999992
buy,high_vol,bollinger,1.0,1.33988,11.0,16.5,1.5,0.81,sl,-11.0,-89.1,False,2021-11-11 07:45:00,2021-11-11 07:30:00,8902.479999999992,8813.379999999992
sell,high_vol,bollinger,0.9626,1.33858,9.5,14.25,1.5,0.88,sl,-9.5,-83.6,False,2021-11-12 07:45:00,2021-11-12 07:30:00,8813.379999999992,8729.779999999992
sell,high_vol,bollinger,1.0,1.33978,12.8,19.200000000000003,1.5,0.68,sl,-12.8,-87.04,False,2021-11-12 08:45:00,2021-11-12 08:30:00,8729.779999999992,8642.73999999999
sell,high_vol,bollinger,1.0,1.34011,13.4,20.1,1.5,0.64,tp,20.1,128.64,True,2021-11-12 12:30:00,2021-11-12 12:15:00,8642.73999999999,8771.37999999999
sell,high_vol,bollinger,1.0,1.34153,17.6,26.400000000000002,1.5,0.5,tp,26.4,132.0,True,2021-11-12 15:15:00,2021-11-12 15:00:00,8771.37999999999,8903.37999999999
buy,high_vol,bollinger,1.0,1.34151,8.2,12.299999999999999,1.5,1.09,tp,12.3,134.07,True,2021-11-12 20:00:00,2021-11-12 19:45:00,8903.37999999999,9037.44999999999
buy,high_vol,bollinger,0.9967,1.34178,9.9,14.850000000000001,1.5,0.91,sl,-9.9,-90.09,False,2021-11-15 08:15:00,2021-11-15 08:00:00,9037.44999999999,8947.35999999999
buy,high_vol,bollinger,1.0,1.34059,11.7,17.549999999999997,1.5,0.76,tp,17.55,133.38,True,2021-11-15 08:45:00,2021-11-15 08:30:00,8947.35999999999,9080.739999999989
sell,high_vol,bollinger,1.0,1.34391,15.4,23.1,1.5,0.59,tp,23.1,136.29,True,2021-11-15 12:00:00,2021-11-15 11:45:00,9080.739999999989,9217.02999999999
sell,high_vol,bollinger,1.0,1.34452,17.9,26.849999999999998,1.5,0.51,tp,26.85,136.94,True,2021-11-15 15:15:00,2021-11-15 15:00:00,9217.02999999999,9353.96999999999
buy,high_vol,bollinger,0.9685,1.34148,10.4,15.600000000000001,1.5,0.86,sl,-10.4,-89.44,False,2021-11-15 20:45:00,2021-11-15 20:30:00,9353.96999999999,9264.52999999999
buy,high_vol,bollinger,0.9343,1.34068,9.5,14.25,1.5,0.88,tp,14.25,125.4,True,2021-11-15 21:00:00,2021-11-15 20:45:00,9264.52999999999,9389.92999999999
buy,low_vol,ema_flipped,0.9856,1.34103,8.7,13.049999999999999,1.5,1.06,tp,13.05,138.33,True,2021-11-15 22:00:00,2021-11-15 21:45:00,9389.92999999999,9528.25999999999
sell,low_vol,ema_flipped,1.0,1.34334,8.8,13.200000000000001,1.5,1.08,tp,13.2,142.56,True,2021-11-16 03:00:00,2021-11-16 02:45:00,9528.25999999999,9670.819999999989
sell,high_vol,bollinger,1.0,1.34449,9.6,14.399999999999999,1.5,1.01,sl,-9.6,-96.96,False,2021-11-16 07:15:00,2021-11-16 07:00:00,9670.819999999989,9573.85999999999
buy,high_vol,bollinger,1.0,1.34252,19.3,28.950000000000003,1.5,0.5,timeout,4.4,22.0,True,2021-11-16 14:15:00,2021-11-16 14:00:00,9573.85999999999,9595.85999999999
sell,high_vol,bollinger,1.0,1.3437,16.0,24.0,1.5,0.6,timeout,5.9,35.4,True,2021-11-16 18:15:00,2021-11-16 18:00:00,9595.85999999999,9631.25999999999
buy,low_vol,ema_flipped,0.9996,1.3429,10.5,15.75,1.5,0.92,sl,-10.5,-96.6,False,2021-11-16 20:00:00,2021-11-16 19:45:00,9631.25999999999,9534.659999999989
buy,high_vol,bollinger,1.0,1.34044,11.6,17.4,1.5,0.82,tp,17.4,142.68,True,2021-11-17 03:45:00,2021-11-17 03:30:00,9534.659999999989,9677.33999999999
sell,high_vol,bollinger,1.0,1.34383,11.9,17.85,1.5,0.81,sl,-11.9,-96.39,False,2021-11-17 06:45:00,2021-11-17 06:30:00,9677.33999999999,9580.94999999999
sell,high_vol,bollinger,1.0,1.34518,13.5,20.25,1.5,0.71,sl,-13.5,-95.85,False,2021-11-17 07:15:00,2021-11-17 07:00:00,9580.94999999999,9485.09999999999
sell,high_vol,bollinger,1.0,1.34756,17.5,26.25,1.5,0.54,sl,-17.5,-94.5,False,2021-11-17 14:30:00,2021-11-17 14:15:00,9485.09999999999,9390.59999999999
sell,high_vol,bollinger,1.0,1.34856,18.4,27.599999999999998,1.5,0.51,tp,27.6,140.76,True,2021-11-17 14:45:00,2021-11-17 14:30:00,9390.59999999999,9531.35999999999
sell,high_vol,bollinger,1.0,1.34841,19.0,28.5,1.5,0.5,sl,-19.0,-95.0,False,2021-11-18 16:45:00,2021-11-18 16:30:00,9531.35999999999,9436.35999999999
buy,low_vol,ema_flipped,1.0,1.34816,7.0,10.5,1.5,1.35,tp,10.5,141.75,True,2021-11-19 05:00:00,2021-11-19 04:45:00,9436.35999999999,9578.10999999999
sell,low_vol,ema_flipped,1.0,1.34912,6.6,9.899999999999999,1.5,1.45,sl,-6.6,-95.7,False,2021-11-19 06:30:00,2021-11-19 06:15:00,9578.10999999999,9482.409999999989
buy,high_vol,bollinger,0.9358,1.34797,11.4,17.1,1.5,0.76,sl,-11.4,-86.64,False,2021-11-19 08:45:00,2021-11-19 08:30:00,9482.409999999989,9395.76999999999
buy,high_vol,bollinger,1.0,1.34505,14.3,21.450000000000003,1.5,0.66,sl,-14.3,-94.38,False,2021-11-19 09:00:00,2021-11-19 08:45:00,9395.76999999999,9301.38999999999
buy,high_vol,bollinger,0.9189,1.34432,12.4,18.6,1.5,0.66,sl,-12.4,-81.84,False,2021-11-19 21:00:00,2021-11-19 20:45:00,9301.38999999999,9219.54999999999
buy,high_vol,bollinger,0.9935,1.34323,11.1,16.65,1.5,0.82,sl,-11.1,-91.02,False,2021-11-21 23:30:00,2021-11-21 23:15:00,9219.54999999999,9128.52999999999
buy,high_vol,bollinger,0.7506,1.3429,11.2,16.799999999999997,1.5,0.52,tp,16.8,87.36,True,2021-11-22 08:00:00,2021-11-22 07:45:00,9128.52999999999,9215.88999999999
buy,high_vol,bollinger,1.0,1.34189,15.5,23.25,1.5,0.59,sl,-15.5,-91.45,False,2021-11-22 14:15:00,2021-11-22 14:00:00,9215.88999999999,9124.43999999999
buy,high_vol,bollinger,1.0,1.34075,16.2,24.299999999999997,1.5,0.56,sl,-16.2,-90.72,False,2021-11-22 14:30:00,2021-11-22 14:15:00,9124.43999999999,9033.71999999999
sell,high_vol,bollinger,1.0,1.34018,10.8,16.200000000000003,1.5,0.84,tp,16.2,136.08,True,2021-11-23 07:30:00,2021-11-23 07:15:00,9033.71999999999,9169.79999999999
buy,high_vol,bollinger,1.0,1.33608,19.4,29.099999999999998,1.5,0.47,sl,-19.4,-91.18,False,2021-11-23 11:00:00,2021-11-23 10:45:00,9169.79999999999,9078.61999999999
buy,high_vol,bollinger,1.0,1.33554,17.4,26.099999999999998,1.5,0.52,sl,-17.4,-90.48,False,2021-11-24 10:00:00,2021-11-24 09:45:00,9078.61999999999,8988.13999999999
buy,high_vol,bollinger,1.0,1.33219,17.1,25.650000000000002,1.5,0.53,timeout,18.1,95.93,True,2021-11-24 17:30:00,2021-11-24 17:15:00,8988.13999999999,9084.06999999999
sell,high_vol,bollinger,0.9355,1.33285,9.9,14.850000000000001,1.5,0.83,sl,-9.9,-82.17,False,2021-11-24 19:45:00,2021-11-24 19:30:00,9084.06999999999,9001.89999999999
buy,high_vol,bollinger,0.9999,1.33098,12.3,18.450000000000003,1.5,0.73,tp,18.45,134.69,True,2021-11-25 12:45:00,2021-11-25 12:30:00,9001.89999999999,9136.589999999991
buy,high_vol,bollinger,1.0,1.32873,10.7,16.049999999999997,1.5,0.85,tp,16.05,136.43,True,2021-11-26 08:15:00,2021-11-26 08:00:00,9136.589999999991,9273.019999999991
sell,high_vol,bollinger,1.0,1.33274,17.5,26.25,1.5,0.53,sl,-17.5,-92.75,False,2021-11-26 09:15:00,2021-11-26 09:00:00,9273.019999999991,9180.269999999991
buy,high_vol,bollinger,1.0,1.33179,20.5,30.75,1.5,0.45,tp,30.75,138.37,True,2021-11-26 16:30:00,2021-11-26 16:15:00,9180.269999999991,9318.639999999992
sell,high_vol,bollinger,1.0,1.33505,22.7,34.05,1.5,0.41,tp,34.05,139.61,True,2021-11-26 20:45:00,2021-11-26 20:30:00,9318.639999999992,9458.249999999993
sell,high_vol,bollinger,0.9995,1.33506,12.7,19.049999999999997,1.5,0.74,sl,-12.7,-93.98,False,2021-11-29 09:15:00,2021-11-29 09:00:00,9458.249999999993,9364.269999999993
sell,low_vol,ema_flipped,1.0,1.33237,7.9,11.850000000000001,1.5,1.19,tp,11.85,141.01,True,2021-11-30 03:15:00,2021-11-30 03:00:00,9364.269999999993,9505.279999999993
buy,low_vol,ema_flipped,1.0,1.33083,7.3,10.95,1.5,1.3,tp,10.95,142.35,True,2021-11-30 06:15:00,2021-11-30 06:00:00,9505.279999999993,9647.629999999994
sell,low_vol,ema_flipped,1.0,1.33217,8.6,12.899999999999999,1.5,1.12,sl,-8.6,-96.32,False,2021-11-30 06:45:00,2021-11-30 06:30:00,9647.629999999994,9551.309999999994
sell,high_vol,bollinger,1.0,1.33452,14.8,22.200000000000003,1.5,0.65,sl,-14.8,-96.2,False,2021-11-30 08:45:00,2021-11-30 08:30:00,9551.309999999994,9455.109999999993
buy,high_vol,bollinger,1.0,1.33419,15.3,22.950000000000003,1.5,0.62,tp,22.95,142.29,True,2021-11-30 11:30:00,2021-11-30 11:15:00,9455.109999999993,9597.399999999994
sell,high_vol,bollinger,1.0,1.33572,14.5,21.75,1.5,0.66,tp,21.75,143.55,True,2021-11-30 15:00:00,2021-11-30 14:45:00,9597.399999999994,9740.949999999993
buy,high_vol,bollinger,1.0,1.33255,19.6,29.400000000000002,1.5,0.5,sl,-19.6,-98.0,False,2021-11-30 15:45:00,2021-11-30 15:30:00,9740.949999999993,9642.949999999993
buy,high_vol,bollinger,1.0,1.32343,29.4,44.099999999999994,1.5,0.33,tp,44.1,145.53,True,2021-11-30 16:00:00,2021-11-30 15:45:00,9642.949999999993,9788.479999999994
sell,low_vol,ema_flipped,1.0,1.33212,10.0,15.0,1.5,0.98,timeout,-0.2,-1.96,False,2021-12-01 05:00:00,2021-12-01 04:45:00,9788.479999999994,9786.519999999995
buy,high_vol,bollinger,0.9612,1.33065,11.3,16.950000000000003,1.5,0.82,sl,-11.3,-92.66,False,2021-12-01 08:15:00,2021-12-01 08:00:00,9786.519999999995,9693.859999999995
buy,high_vol,bollinger,0.9999,1.32924,12.5,18.75,1.5,0.78,sl,-12.5,-97.5,False,2021-12-01 08:30:00,2021-12-01 08:15:00,9693.859999999995,9596.359999999995
buy,high_vol,bollinger,1.0,1.33106,16.8,25.200000000000003,1.5,0.57,tp,25.2,143.64,True,2021-12-01 13:15:00,2021-12-01 13:00:00,9596.359999999995,9739.999999999995
sell,high_vol,bollinger,1.0,1.33424,17.7,26.549999999999997,1.5,0.55,tp,26.55,146.03,True,2021-12-01 14:00:00,2021-12-01 13:45:00,9739.999999999995,9886.029999999995
buy,high_vol,bollinger,1.0,1.3295,18.8,28.200000000000003,1.5,0.53,sl,-18.8,-99.64,False,2021-12-01 18:15:00,2021-12-01 18:00:00,9886.029999999995,9786.389999999996
sell,high_vol,bollinger,0.9997,1.33065,12.4,18.6,1.5,0.79,sl,-12.4,-97.96,False,2021-12-02 09:00:00,2021-12-02 08:45:00,9786.389999999996,9688.429999999997
sell,high_vol,bollinger,0.9936,1.32872,12.9,19.35,1.5,0.74,tp,19.35,143.19,True,2021-12-03 09:30:00,2021-12-03 09:15:00,9688.429999999997,9831.619999999997
buy,high_vol,bollinger,1.0,1.32595,18.1,27.150000000000002,1.5,0.54,tp,27.15,146.61,True,2021-12-03 11:15:00,2021-12-03 11:00:00,9831.619999999997,9978.229999999998
sell,high_vol,bollinger,1.0,1.32843,19.9,29.849999999999998,1.5,0.5,tp,29.85,149.25,True,2021-12-03 13:45:00,2021-12-03 13:30:00,9978.229999999998,10127.479999999998
buy,high_vol,bollinger,1.0,1.32481,23.7,35.55,1.5,0.43,sl,-23.7,-101.91,False,2021-12-03 14:45:00,2021-12-03 14:30:00,10127.479999999998,10025.569999999998
buy,high_vol,bollinger,1.0,1.3222,25.4,38.099999999999994,1.5,0.39,tp,38.1,148.59,True,2021-12-03 15:15:00,2021-12-03 15:00:00,10025.569999999998,10174.159999999998
sell,high_vol,bollinger,0.8357,1.32617,12.4,18.6,1.5,0.63,sl,-12.4,-78.12,False,2021-12-06 19:00:00,2021-12-06 18:45:00,10174.159999999998,10096.039999999997
buy,high_vol,bollinger,0.9998,1.32625,12.2,18.299999999999997,1.5,0.83,timeout,-5.7,-47.31,False,2021-12-07 09:00:00,2021-12-07 08:45:00,10096.039999999997,10048.729999999998
buy,high_vol,bollinger,1.0,1.32381,16.2,24.299999999999997,1.5,0.62,sl,-16.2,-100.44,False,2021-12-07 13:30:00,2021-12-07 13:15:00,10048.729999999998,9948.289999999997
buy,high_vol,bollinger,1.0,1.3228,17.2,25.799999999999997,1.5,0.58,sl,-17.2,-99.76,False,2021-12-07 13:45:00,2021-12-07 13:30:00,9948.289999999997,9848.529999999997
sell,low_vol,ema_flipped,1.0,1.32584,7.6,11.399999999999999,1.5,1.3,tp,11.4,148.2,True,2021-12-08 03:30:00,2021-12-08 03:15:00,9848.529999999997,9996.729999999998
buy,low_vol,ema_flipped,1.0,1.32421,9.3,13.950000000000001,1.5,1.07,sl,-9.3,-99.51,False,2021-12-08 08:00:00,2021-12-08 07:45:00,9996.729999999998,9897.219999999998
buy,high_vol,bollinger,1.0,1.32177,18.9,28.349999999999998,1.5,0.52,sl,-18.9,-98.28,False,2021-12-08 10:30:00,2021-12-08 10:15:00,9897.219999999998,9798.939999999997
buy,high_vol,bollinger,1.0,1.3201,19.6,29.400000000000002,1.5,0.5,sl,-19.6,-98.0,False,2021-12-08 10:45:00,2021-12-08 10:30:00,9798.939999999997,9700.939999999997
buy,high_vol,bollinger,0.968,1.32254,10.7,16.049999999999997,1.5,0.87,sl,-10.7,-93.09,False,2021-12-08 21:00:00,2021-12-08 20:45:00,9700.939999999997,9607.849999999997
buy,high_vol,bollinger,0.9454,1.32194,11.0,16.5,1.5,0.81,sl,-11.0,-89.1,False,2021-12-08 21:15:00,2021-12-08 21:00:00,9607.849999999997,9518.749999999996
buy,high_vol,bollinger,0.9149,1.32116,11.2,16.799999999999997,1.5,0.75,sl,-11.2,-84.0,False,2021-12-08 21:30:00,2021-12-08 21:15:00,9518.749999999996,9434.749999999996
buy,high_vol,bollinger,1.0,1.31859,14.0,21.0,1.5,0.67,timeout,1.2,8.04,True,2021-12-09 10:45:00,2021-12-09 10:30:00,9434.749999999996,9442.789999999997
sell,high_vol,bollinger,1.0,1.32068,15.5,23.25,1.5,0.61,sl,-15.5,-94.55,False,2021-12-09 13:30:00,2021-12-09 13:15:00,9442.789999999997,9348.239999999998
buy,low_vol,ema_flipped,0.9887,1.31996,11.6,17.4,1.5,0.79,sl,-11.6,-91.64,False,2021-12-10 09:15:00,2021-12-10 09:00:00,9348.239999999998,9256.599999999999
sell,high_vol,bollinger,1.0,1.32283,16.1,24.150000000000002,1.5,0.57,sl,-16.1,-91.77,False,2021-12-10 14:00:00,2021-12-10 13:45:00,9256.599999999999,9164.829999999998
sell,high_vol,bollinger,1.0,1.32547,22.0,33.0,1.5,0.42,timeout,0.1,0.42,True,2021-12-10 16:45:00,2021-12-10 16:30:00,9164.829999999998,9165.249999999998
buy,high_vol,bollinger,1.0,1.32312,19.6,29.400000000000002,1.5,0.47,sl,-19.6,-92.12,False,2021-12-13 16:00:00,2021-12-13 15:45:00,9165.249999999998,9073.129999999997
buy,high_vol,bollinger,0.7146,1.32097,10.2,15.299999999999999,1.5,0.53,sl,-10.2,-54.06,False,2021-12-13 21:00:00,2021-12-13 20:45:00,9073.129999999997,9019.069999999998
buy,high_vol,bollinger,1.0,1.32335,12.7,19.049999999999997,1.5,0.71,sl,-12.7,-90.17,False,2021-12-14 14:00:00,2021-12-14 13:45:00,9019.069999999998,8928.899999999998
buy,low_vol,ema_flipped,1.0,1.32221,7.3,10.95,1.5,1.22,tp,10.95,133.59,True,2021-12-14 21:00:00,2021-12-14 20:45:00,8928.899999999998,9062.489999999998
sell,low_vol,ema_flipped,1.0,1.32274,7.7,11.55,1.5,1.18,sl,-7.7,-90.86,False,2021-12-14 21:30:00,2021-12-14 21:15:00,9062.489999999998,8971.629999999997
buy,low_vol,ema_flipped,1.0,1.32253,6.9,10.350000000000001,1.5,1.3,tp,10.35,134.55,True,2021-12-14 22:30:00,2021-12-14 22:15:00,8971.629999999997,9106.179999999997
sell,low_vol,ema_flipped,1.0,1.32261,6.6,9.899999999999999,1.5,1.38,sl,-6.6,-91.08,False,2021-12-14 22:45:00,2021-12-14 22:30:00,9106.179999999997,9015.099999999997
sell,high_vol,bollinger,0.9653,1.325,9.4,14.100000000000001,1.5,0.91,sl,-9.4,-85.54,False,2021-12-15 08:00:00,2021-12-15 07:45:00,9015.099999999997,8929.559999999996
sell,high_vol,bollinger,1.0,1.32658,11.5,17.25,1.5,0.78,sl,-11.5,-89.7,False,2021-12-15 08:15:00,2021-12-15 08:00:00,8929.559999999996,8839.859999999995
buy,high_vol,bollinger,1.0,1.32371,13.8,20.700000000000003,1.5,0.64,sl,-13.8,-88.32,False,2021-12-15 14:45:00,2021-12-15 14:30:00,8839.859999999995,8751.539999999995
buy,high_vol,bollinger,1.0,1.32178,14.2,21.299999999999997,1.5,0.62,timeout,0.8,4.96,True,2021-12-15 15:00:00,2021-12-15 14:45:00,8751.539999999995,8756.499999999995
buy,high_vol,bollinger,1.0,1.31941,17.2,25.799999999999997,1.5,0.51,tp,25.8,131.58,True,2021-12-15 19:30:00,2021-12-15 19:15:00,8756.499999999995,8888.079999999994
sell,high_vol,bollinger,1.0,1.32377,22.1,33.150000000000006,1.5,0.4,sl,-22.1,-88.4,False,2021-12-15 20:00:00,2021-12-15 19:45:00,8888.079999999994,8799.679999999995
sell,high_vol,bollinger,1.0,1.32513,23.4,35.099999999999994,1.5,0.38,sl,-23.4,-88.92,False,2021-12-15 20:15:00,2021-12-15 20:00:00,8799.679999999995,8710.759999999995
sell,high_vol,bollinger,1.0,1.32651,17.0,25.5,1.5,0.51,sl,-17.0,-86.7,False,2021-12-15 23:15:00,2021-12-15 23:00:00,8710.759999999995,8624.059999999994
sell,high_vol,bollinger,0.9852,1.32811,8.9,13.350000000000001,1.5,0.95,sl,-8.9,-84.55,False,2021-12-16 08:15:00,2021-12-16 08:00:00,8624.059999999994,8539.509999999995
sell,high_vol,bollinger,1.0,1.33621,24.0,36.0,1.5,0.36,tp,36.0,129.6,True,2021-12-16 12:15:00,2021-12-16 12:00:00,8539.509999999995,8669.109999999995
sell,high_vol,bollinger,0.9981,1.33234,9.7,14.549999999999999,1.5,0.89,sl,-9.7,-86.33,False,2021-12-16 21:00:00,2021-12-16 20:45:00,8669.109999999995,8582.779999999995
buy,high_vol,bollinger,1.0,1.32943,17.2,25.799999999999997,1.5,0.5,sl,-17.2,-86.0,False,2021-12-17 10:30:00,2021-12-17 10:15:00,8582.779999999995,8496.779999999995
buy,high_vol,bollinger,0.9982,1.31835,13.2,19.799999999999997,1.5,0.64,tp,19.8,126.72,True,2021-12-20 09:30:00,2021-12-20 09:15:00,8496.779999999995,8623.499999999995
sell,high_vol,bollinger,1.0,1.32291,14.0,21.0,1.5,0.62,sl,-14.0,-86.8,False,2021-12-20 13:15:00,2021-12-20 13:00:00,8623.499999999995,8536.699999999995
buy,high_vol,bollinger,1.0,1.32132,14.6,21.9,1.5,0.58,sl,-14.6,-84.68,False,2021-12-20 15:45:00,2021-12-20 15:30:00,8536.699999999995,8452.019999999995
buy,high_vol,bollinger,1.0,1.3202,11.0,16.5,1.5,0.77,tp,16.5,127.05,True,2021-12-20 20:00:00,2021-12-20 19:45:00,8452.019999999995,8579.069999999994
sell,high_vol,bollinger,0.9942,1.32364,9.7,14.549999999999999,1.5,0.88,sl,-9.7,-85.36,False,2021-12-21 08:15:00,2021-12-21 08:00:00,8579.069999999994,8493.709999999994
sell,high_vol,bollinger,0.961,1.32426,10.7,16.049999999999997,1.5,0.75,sl,-10.7,-80.25,False,2021-12-21 08:30:00,2021-12-21 08:15:00,8493.709999999994,8413.459999999994
buy,high_vol,bollinger,0.9999,1.34036,14.8,22.200000000000003,1.5,0.57,tp,22.2,126.54,True,2021-12-23 14:15:00,2021-12-23 14:00:00,8413.459999999994,8539.999999999995
buy,high_vol,bollinger,1.0,1.33932,15.7,23.549999999999997,1.5,0.54,tp,23.55,127.17,True,2021-12-24 16:15:00,2021-12-24 16:00:00,8539.999999999995,8667.169999999995
sell,high_vol,bollinger,1.0,1.34014,19.7,29.549999999999997,1.5,0.44,sl,-19.7,-86.68,False,2021-12-24 19:30:00,2021-12-24 19:15:00,8667.169999999995,8580.489999999994
sell,low_vol,ema_flipped,0.6874,1.34012,13.0,19.5,1.5,0.37,sl,-13.0,-48.1,False,2021-12-24 21:45:00,2021-12-24 21:30:00,8580.489999999994,8532.389999999994
sell,low_vol,ema_flipped,0.9995,1.34013,11.2,16.799999999999997,1.5,0.76,sl,-11.2,-85.12,False,2021-12-27 00:00:00,2021-12-26 23:45:00,8532.389999999994,8447.269999999993
buy,high_vol,bollinger,1.0,1.34235,14.0,21.0,1.5,0.6,sl,-14.0,-84.0,False,2021-12-28 15:45:00,2021-12-28 15:30:00,8447.269999999993,8363.269999999993
buy,low_vol,ema_flipped,0.7395,1.34242,11.8,17.700000000000003,1.5,0.45,sl,-11.8,-53.1,False,2021-12-28 18:45:00,2021-12-28 18:30:00,8363.269999999993,8310.169999999993
sell,high_vol,bollinger,0.9913,1.34323,13.0,19.5,1.5,0.63,sl,-13.0,-81.9,False,2021-12-29 11:45:00,2021-12-29 11:30:00,8310.169999999993,8228.269999999993
sell,high_vol,bollinger,1.0,1.35065,12.2,18.299999999999997,1.5,0.67,tp,18.3,122.61,True,2021-12-30 12:45:00,2021-12-30 12:30:00,8228.269999999993,8350.879999999994
sell,high_vol,bollinger,1.0,1.35153,12.1,18.15,1.5,0.69,tp,18.15,125.23,True,2021-12-30 13:00:00,2021-12-30 12:45:00,8350.879999999994,8476.109999999993
sell,high_vol,bollinger,0.9999,1.35081,11.3,16.950000000000003,1.5,0.75,tp,16.95,127.13,True,2021-12-30 20:00:00,2021-12-30 19:45:00,8476.109999999993,8603.239999999993
buy,high_vol,bollinger,1.0,1.35029,12.5,18.75,1.5,0.69,sl,-12.5,-86.25,False,2021-12-31 10:45:00,2021-12-31 10:30:00,8603.239999999993,8516.989999999993
buy,high_vol,bollinger,1.0,1.34976,12.8,19.200000000000003,1.5,0.67,sl,-12.8,-85.76,False,2021-12-31 11:00:00,2021-12-31 10:45:00,8516.989999999993,8431.229999999992
sell,high_vol,bollinger,1.0,1.35032,18.0,27.0,1.5,0.47,sl,-18.0,-84.6,False,2021-12-31 14:00:00,2021-12-31 13:45:00,8431.229999999992,8346.629999999992
buy,high_vol,bollinger,0.9303,1.35242,8.6,12.899999999999999,1.5,0.87,sl,-8.6,-74.82,False,2021-12-31 21:00:00,2021-12-31 20:45:00,8346.629999999992,8271.809999999992
buy,low_vol,ema_flipped,0.9999,1.34999,9.4,14.100000000000001,1.5,0.88,tp,14.1,124.08,True,2022-01-03 04:00:00,2022-01-03 03:45:00,8271.809999999992,8395.889999999992
buy,low_vol,ema_flipped,0.9952,1.35029,9.8,14.700000000000001,1.5,0.85,sl,-9.8,-83.3,False,2022-01-03 12:45:00,2022-01-03 12:30:00,8395.889999999992,8312.589999999993
buy,high_vol,bollinger,1.0,1.34711,8.8,13.200000000000001,1.5,0.94,tp,13.2,124.08,True,2022-01-03 22:15:00,2022-01-03 22:00:00,8312.589999999993,8436.669999999993
sell,high_vol,bollinger,0.9978,1.34876,10.4,15.600000000000001,1.5,0.81,sl,-10.4,-84.24,False,2022-01-04 08:00:00,2022-01-04 07:45:00,8436.669999999993,8352.429999999993
sell,high_vol,bollinger,0.9991,1.34973,10.8,16.200000000000003,1.5,0.77,sl,-10.8,-83.16,False,2022-01-04 08:15:00,2022-01-04 08:00:00,8352.429999999993,8269.269999999993
sell,high_vol,bollinger,1.0,1.35143,16.1,24.150000000000002,1.5,0.51,sl,-16.1,-82.11,False,2022-01-04 14:00:00,2022-01-04 13:45:00,8269.269999999993,8187.1599999999935
buy,high_vol,bollinger,1.0,1.35251,13.5,20.25,1.5,0.61,timeout,-2.6,-15.86,False,2022-01-04 18:45:00,2022-01-04 18:30:00,8187.1599999999935,8171.299999999994
sell,high_vol,bollinger,1.0,1.35515,15.1,22.65,1.5,0.54,sl,-15.1,-81.54,False,2022-01-05 13:45:00,2022-01-05 13:30:00,8171.299999999994,8089.759999999994
sell,high_vol,bollinger,1.0,1.35643,16.0,24.0,1.5,0.51,sl,-16.0,-81.6,False,2022-01-05 16:00:00,2022-01-05 15:45:00,8089.759999999994,8008.1599999999935
sell,high_vol,bollinger,1.0,1.35545,6.3,9.45,1.5,1.27,tp,9.45,120.01,True,2022-01-05 23:30:00,2022-01-05 23:15:00,8008.1599999999935,8128.169999999994
sell,high_vol,bollinger,1.0,1.35558,5.7,8.55,1.5,1.43,tp,8.55,122.27,True,2022-01-05 23:45:00,2022-01-05 23:30:00,8128.169999999994,8250.439999999993
buy,low_vol,ema_flipped,0.9999,1.35357,9.9,14.850000000000001,1.5,0.83,sl,-9.9,-82.17,False,2022-01-06 04:15:00,2022-01-06 04:00:00,8250.439999999993,8168.269999999993
sell,high_vol,bollinger,1.0,1.35333,17.3,25.950000000000003,1.5,0.47,sl,-17.3,-81.31,False,2022-01-06 10:30:00,2022-01-06 10:15:00,8168.269999999993,8086.959999999993
sell,low_vol,ema_flipped,1.0,1.35383,5.3,7.949999999999999,1.5,1.53,sl,-5.3,-81.09,False,2022-01-07 01:15:00,2022-01-07 01:00:00,8086.959999999993,8005.869999999993
sell,high_vol,bollinger,1.0,1.3566,18.0,27.0,1.5,0.44,sl,-18.0,-79.2,False,2022-01-07 14:45:00,2022-01-07 14:30:00,8005.869999999993,7926.669999999993
sell,high_vol,bollinger,1.0,1.35811,22.1,33.150000000000006,1.5,0.36,sl,-22.1,-79.56,False,2022-01-07 17:00:00,2022-01-07 16:45:00,7926.669999999993,7847.109999999992
buy,high_vol,bollinger,1.0,1.35718,13.9,20.85,1.5,0.56,sl,-13.9,-77.84,False,2022-01-10 12:45:00,2022-01-10 12:30:00,7847.109999999992,7769.269999999992
sell,low_vol,ema_flipped,0.9999,1.35778,8.1,12.149999999999999,1.5,0.96,sl,-8.1,-77.76,False,2022-01-10 21:45:00,2022-01-10 21:30:00,7769.269999999992,7691.509999999992
sell,high_vol,bollinger,1.0,1.36117,10.2,15.299999999999999,1.5,0.75,timeout,3.7,27.75,True,2022-01-11 08:15:00,2022-01-11 08:00:00,7691.509999999992,7719.259999999992
buy,high_vol,bollinger,1.0,1.35861,13.7,20.549999999999997,1.5,0.56,sl,-13.7,-76.72,False,2022-01-11 12:00:00,2022-01-11 11:45:00,7719.259999999992,7642.539999999992
sell,high_vol,bollinger,1.0,1.35926,17.2,25.799999999999997,1.5,0.44,sl,-17.2,-75.68,False,2022-01-11 15:30:00,2022-01-11 15:15:00,7642.539999999992,7566.8599999999915
sell,high_vol,bollinger,1.0,1.36178,18.1,27.150000000000002,1.5,0.42,sl,-18.1,-76.02,False,2022-01-11 16:15:00,2022-01-11 16:00:00,7566.8599999999915,7490.839999999991
sell,high_vol,bollinger,1.0,1.36759,13.0,19.5,1.5,0.58,sl,-13.0,-75.4,False,2022-01-12 13:45:00,2022-01-12 13:30:00,7490.839999999991,7415.439999999991
sell,high_vol,bollinger,1.0,1.36962,17.9,26.849999999999998,1.5,0.41,sl,-17.9,-73.39,False,2022-01-12 16:45:00,2022-01-12 16:30:00,7415.439999999991,7342.049999999991
buy,high_vol,bollinger,1.0,1.37249,16.2,24.299999999999997,1.5,0.45,sl,-16.2,-72.9,False,2022-01-13 12:15:00,2022-01-13 12:00:00,7342.049999999991,7269.149999999991
buy,low_vol,ema_flipped,1.0,1.37056,7.2,10.8,1.5,1.01,tp,10.8,109.08,True,2022-01-13 22:45:00,2022-01-13 22:15:00,7269.149999999991,7378.229999999991
sell,low_vol,ema_flipped,1.0,1.37185,7.3,10.95,1.5,1.01,sl,-7.3,-73.73,False,2022-01-14 02:30:00,2022-01-14 02:15:00,7378.229999999991,7304.499999999992
buy,high_vol,bollinger,0.9998,1.37239,12.2,18.299999999999997,1.5,0.6,sl,-12.2,-73.2,False,2022-01-14 11:45:00,2022-01-14 11:30:00,7304.499999999992,7231.299999999992
buy,high_vol,bollinger,0.9997,1.37197,12.1,18.15,1.5,0.6,sl,-12.1,-72.6,False,2022-01-14 12:00:00,2022-01-14 11:45:00,7231.299999999992,7158.699999999992
buy,high_vol,bollinger,1.0,1.37087,12.7,19.049999999999997,1.5,0.56,sl,-12.7,-71.12,False,2022-01-14 12:30:00,2022-01-14 12:15:00,7158.699999999992,7087.579999999992
buy,high_vol,bollinger,1.0,1.36612,12.5,18.75,1.5,0.57,sl,-12.5,-71.25,False,2022-01-17 11:45:00,2022-01-17 11:30:00,7087.579999999992,7016.329999999992
buy,high_vol,bollinger,1.0,1.363,9.9,14.850000000000001,1.5,0.71,tp,14.85,105.43,True,2022-01-18 03:45:00,2022-01-18 03:30:00,7016.329999999992,7121.759999999992
sell,high_vol,bollinger,1.0,1.36433,9.7,14.549999999999999,1.5,0.73,sl,-9.7,-70.81,False,2022-01-18 07:45:00,2022-01-18 07:30:00,7121.759999999992,7050.949999999992
buy,high_vol,bollinger,1.0,1.36245,14.9,22.35,1.5,0.47,sl,-14.9,-70.03,False,2022-01-18 09:45:00,2022-01-18 09:30:00,7050.949999999992,6980.919999999992
buy,high_vol,bollinger,1.0,1.36036,15.7,23.549999999999997,1.5,0.44,sl,-15.7,-69.08,False,2022-01-18 12:00:00,2022-01-18 11:45:00,6980.919999999992,6911.839999999992
buy,high_vol,bollinger,1.0,1.35966,15.3,22.950000000000003,1.5,0.45,sl,-15.3,-68.85,False,2022-01-18 12:15:00,2022-01-18 12:00:00,6911.839999999992,6842.989999999992
buy,high_vol,bollinger,0.6653,1.36,7.9,11.850000000000001,1.5,0.45,sl,-7.9,-35.55,False,2022-01-19 07:15:00,2022-01-19 07:00:00,6842.989999999992,6807.439999999991
sell,high_vol,bollinger,1.0,1.3614,15.0,22.5,1.5,0.45,sl,-15.0,-67.5,False,2022-01-19 09:45:00,2022-01-19 09:30:00,6807.439999999991,6739.939999999991
buy,low_vol,ema_flipped,1.0,1.36115,7.0,10.5,1.5,0.96,tp,10.5,100.8,True,2022-01-19 23:00:00,2022-01-19 22:45:00,6739.939999999991,6840.739999999992
sell,low_vol,ema_flipped,1.0,1.36316,7.5,11.25,1.5,0.91,tp,11.25,102.38,True,2022-01-20 01:30:00,2022-01-20 01:15:00,6840.739999999992,6943.119999999992
buy,high_vol,bollinger,0.9889,1.36206,11.9,17.85,1.5,0.57,sl,-11.9,-67.83,False,2022-01-20 10:30:00,2022-01-20 10:15:00,6943.119999999992,6875.289999999992
sell,high_vol,bollinger,1.0,1.36276,12.6,18.9,1.5,0.55,sl,-12.6,-69.3,False,2022-01-20 13:45:00,2022-01-20 13:30:00,6875.289999999992,6805.989999999992
buy,high_vol,bollinger,0.9993,1.36074,10.3,15.450000000000001,1.5,0.66,sl,-10.3,-67.98,False,2022-01-20 20:15:00,2022-01-20 20:00:00,6805.989999999992,6738.009999999992
buy,high_vol,bollinger,0.9952,1.35966,11.3,16.950000000000003,1.5,0.59,sl,-11.3,-66.67,False,2022-01-20 20:45:00,2022-01-20 20:30:00,6738.009999999992,6671.339999999992
buy,high_vol,bollinger,0.9962,1.35901,8.3,12.450000000000001,1.5,0.8,sl,-8.3,-66.4,False,2022-01-21 00:30:00,2022-01-21 00:15:00,6671.339999999992,6604.939999999992
buy,high_vol,bollinger,0.9423,1.35792,9.0,13.5,1.5,0.67,sl,-9.0,-60.3,False,2022-01-21 07:45:00,2022-01-21 07:30:00,6604.939999999992,6544.639999999992
buy,high_vol,bollinger,0.9977,1.35631,10.8,16.200000000000003,1.5,0.6,sl,-10.8,-64.8,False,2022-01-21 08:15:00,2022-01-21 08:00:00,6544.639999999992,6479.839999999992
buy,high_vol,bollinger,0.9995,1.35566,12.5,18.75,1.5,0.52,tp,18.75,97.5,True,2022-01-21 11:30:00,2022-01-21 11:15:00,6479.839999999992,6577.339999999992
buy,high_vol,bollinger,1.0,1.35552,13.3,19.950000000000003,1.5,0.49,timeout,1.7,8.33,True,2022-01-21 15:15:00,2022-01-21 15:00:00,6577.339999999992,6585.669999999992
sell,high_vol,bollinger,0.9796,1.3564,11.7,17.549999999999997,1.5,0.55,tp,17.55,96.52,True,2022-01-21 18:45:00,2022-01-21 18:30:00,6585.669999999992,6682.189999999992
buy,high_vol,bollinger,1.0,1.35159,14.0,21.0,1.5,0.48,sl,-14.0,-67.2,False,2022-01-24 10:15:00,2022-01-24 10:00:00,6682.189999999992,6614.9899999999925
buy,high_vol,bollinger,1.0,1.34581,15.4,23.1,1.5,0.43,sl,-15.4,-66.22,False,2022-01-24 15:15:00,2022-01-24 15:00:00,6614.9899999999925,6548.769999999992
sell,high_vol,bollinger,1.0,1.34706,20.2,30.299999999999997,1.5,0.32,sl,-20.2,-64.64,False,2022-01-24 18:15:00,2022-01-24 18:00:00,6548.769999999992,6484.129999999992
sell,high_vol,bollinger,0.9994,1.34904,12.5,18.75,1.5,0.52,tp,18.75,97.5,True,2022-01-25 08:45:00,2022-01-25 08:30:00,6484.129999999992,6581.629999999992
buy,high_vol,bollinger,1.0,1.34684,15.7,23.549999999999997,1.5,0.42,sl,-15.7,-65.94,False,2022-01-25 10:30:00,2022-01-25 10:15:00,6581.629999999992,6515.689999999992
buy,high_vol,bollinger,1.0,1.35063,11.7,17.549999999999997,1.5,0.56,sl,-11.7,-65.52,False,2022-01-26 13:30:00,2022-01-26 13:15:00,6515.689999999992,6450.169999999992
buy,high_vol,bollinger,1.0,1.35046,11.2,16.799999999999997,1.5,0.58,sl,-11.2,-64.96,False,2022-01-26 19:00:00,2022-01-26 18:45:00,6450.169999999992,6385.209999999992
buy,high_vol,bollinger,1.0,1.34696,16.4,24.599999999999998,1.5,0.39,sl,-16.4,-63.96,False,2022-01-26 19:45:00,2022-01-26 19:30:00,6385.209999999992,6321.249999999992
buy,high_vol,bollinger,0.7369,1.34138,9.1,13.649999999999999,1.5,0.43,sl,-9.1,-39.13,False,2022-01-27 08:00:00,2022-01-27 07:45:00,6321.249999999992,6282.119999999992
buy,high_vol,bollinger,1.0,1.34069,16.1,24.150000000000002,1.5,0.39,sl,-16.1,-62.79,False,2022-01-27 11:00:00,2022-01-27 10:45:00,6282.119999999992,6219.329999999992
buy,high_vol,bollinger,1.0,1.33812,16.8,25.200000000000003,1.5,0.37,sl,-16.8,-62.16,False,2022-01-27 11:45:00,2022-01-27 11:30:00,6219.329999999992,6157.169999999992
sell,high_vol,bollinger,1.0,1.34168,18.4,27.599999999999998,1.5,0.33,tp,27.6,91.08,True,2022-01-28 13:45:00,2022-01-28 13:30:00,6157.169999999992,6248.249999999992
sell,high_vol,bollinger,1.0,1.34259,19.0,28.5,1.5,0.33,tp,28.5,94.05,True,2022-01-28 14:00:00,2022-01-28 13:45:00,6248.249999999992,6342.299999999992
buy,high_vol,bollinger,1.0,1.33941,19.9,29.849999999999998,1.5,0.32,sl,-19.9,-63.68,False,2022-01-28 17:45:00,2022-01-28 17:30:00,6342.299999999992,6278.619999999992
sell,low_vol,ema_flipped,1.0,1.34055,8.7,13.049999999999999,1.5,0.72,sl,-8.7,-62.64,False,2022-01-31 00:45:00,2022-01-31 00:30:00,6278.619999999992,6215.979999999991
sell,high_vol,bollinger,0.9999,1.34334,8.2,12.299999999999999,1.5,0.76,sl,-8.2,-62.32,False,2022-01-31 08:00:00,2022-01-31 07:45:00,6215.979999999991,6153.659999999992
buy,high_vol,bollinger,1.0,1.34043,14.2,21.299999999999997,1.5,0.43,tp,21.3,91.59,True,2022-01-31 12:00:00,2022-01-31 11:45:00,6153.659999999992,6245.249999999992
sell,high_vol,bollinger,1.0,1.3442,17.4,26.099999999999998,1.5,0.36,tp,26.1,93.96,True,2022-01-31 14:00:00,2022-01-31 13:45:00,6245.249999999992,6339.209999999992
sell,high_vol,bollinger,1.0,1.34701,8.6,12.899999999999999,1.5,0.74,sl,-8.6,-63.64,False,2022-02-01 07:30:00,2022-02-01 07:15:00,6339.209999999992,6275.5699999999915
sell,high_vol,bollinger,0.9999,1.35844,10.4,15.600000000000001,1.5,0.6,tp,15.6,93.6,True,2022-02-02 19:45:00,2022-02-02 19:30:00,6275.5699999999915,6369.169999999992
buy,high_vol,bollinger,0.9999,1.35464,11.9,17.85,1.5,0.54,tp,17.85,96.39,True,2022-02-03 10:45:00,2022-02-03 10:30:00,6369.169999999992,6465.559999999992
sell,high_vol,bollinger,1.0,1.3623,21.9,32.849999999999994,1.5,0.3,tp,32.85,98.55,True,2022-02-03 12:15:00,2022-02-03 12:00:00,6465.559999999992,6564.109999999992
buy,high_vol,bollinger,1.0,1.35916,13.2,19.799999999999997,1.5,0.5,tp,19.8,99.0,True,2022-02-03 19:45:00,2022-02-03 19:30:00,6564.109999999992,6663.109999999992
buy,high_vol,bollinger,1.0,1.35706,11.2,16.799999999999997,1.5,0.59,sl,-11.2,-66.08,False,2022-02-04 08:45:00,2022-02-04 08:30:00,6663.109999999992,6597.0299999999925
buy,high_vol,bollinger,1.0,1.35115,17.0,25.5,1.5,0.39,tp,25.5,99.45,True,2022-02-04 13:45:00,2022-02-04 13:30:00,6597.0299999999925,6696.479999999992
sell,high_vol,bollinger,1.0,1.35472,26.3,39.45,1.5,0.25,timeout,22.0,55.0,True,2022-02-04 16:30:00,2022-02-04 16:15:00,6696.479999999992,6751.479999999992
buy,high_vol,bollinger,1.0,1.35291,11.9,17.85,1.5,0.57,sl,-11.9,-67.83,False,2022-02-04 20:00:00,2022-02-04 19:45:00,6751.479999999992,6683.649999999992
sell,high_vol,bollinger,1.0,1.35281,14.0,21.0,1.5,0.48,sl,-14.0,-67.2,False,2022-02-07 15:00:00,2022-02-07 14:45:00,6683.649999999992,6616.4499999999925
sell,high_vol,bollinger,0.9263,1.35339,9.3,13.950000000000001,1.5,0.64,tp,13.95,89.28,True,2022-02-07 19:45:00,2022-02-07 19:30:00,6616.4499999999925,6705.729999999992
sell,low_vol,ema_flipped,1.0,1.35326,8.3,12.450000000000001,1.5,0.81,tp,12.45,100.84,True,2022-02-07 23:45:00,2022-02-07 23:30:00,6705.729999999992,6806.569999999992
buy,low_vol,ema_flipped,1.0,1.35193,6.5,9.75,1.5,1.05,sl,-6.5,-68.25,False,2022-02-08 05:15:00,2022-02-08 05:00:00,6806.569999999992,6738.319999999992
sell,high_vol,bollinger,1.0,1.35586,12.8,19.200000000000003,1.5,0.53,tp,19.2,101.76,True,2022-02-08 11:45:00,2022-02-08 11:30:00,6738.319999999992,6840.079999999993
buy,high_vol,bollinger,1.0,1.35262,14.6,21.9,1.5,0.47,tp,21.9,102.93,True,2022-02-08 13:00:00,2022-02-08 12:45:00,6840.079999999993,6943.009999999993
buy,high_vol,bollinger,0.9995,1.35399,6.9,10.350000000000001,1.5,1.01,tp,10.35,104.53,True,2022-02-09 07:45:00,2022-02-09 07:30:00,6943.009999999993,7047.539999999993
buy,high_vol,bollinger,1.0,1.35407,15.5,23.25,1.5,0.45,sl,-15.5,-69.75,False,2022-02-10 13:45:00,2022-02-10 13:30:00,7047.539999999993,6977.789999999993
buy,high_vol,bollinger,1.0,1.35345,11.5,17.25,1.5,0.61,tp,17.25,105.22,True,2022-02-11 00:30:00,2022-02-11 00:15:00,6977.789999999993,7083.009999999993
buy,high_vol,bollinger,0.9924,1.35211,9.8,14.700000000000001,1.5,0.71,tp,14.7,104.37,True,2022-02-11 06:45:00,2022-02-11 06:30:00,7083.009999999993,7187.379999999993
sell,high_vol,bollinger,1.0,1.35518,14.9,22.35,1.5,0.48,sl,-14.9,-71.52,False,2022-02-11 08:30:00,2022-02-11 08:15:00,7187.379999999993,7115.859999999992
sell,high_vol,bollinger,1.0,1.35814,15.4,23.1,1.5,0.46,sl,-15.4,-70.84,False,2022-02-11 12:15:00,2022-02-11 12:00:00,7115.859999999992,7045.019999999992
buy,high_vol,bollinger,1.0,1.35738,19.3,28.950000000000003,1.5,0.37,sl,-19.3,-71.41,False,2022-02-11 18:45:00,2022-02-11 18:30:00,7045.019999999992,6973.609999999992
buy,high_vol,bollinger,0.9999,1.35242,10.3,15.450000000000001,1.5,0.68,sl,-10.3,-70.04,False,2022-02-14 08:15:00,2022-02-14 08:00:00,6973.609999999992,6903.569999999992
buy,high_vol,bollinger,1.0,1.35113,12.2,18.299999999999997,1.5,0.57,sl,-12.2,-69.54,False,2022-02-14 08:30:00,2022-02-14 08:15:00,6903.569999999992,6834.0299999999925
sell,high_vol,bollinger,1.0,1.35391,16.6,24.900000000000002,1.5,0.41,tp,24.9,102.09,True,2022-02-14 12:45:00,2022-02-14 12:30:00,6834.0299999999925,6936.119999999993
sell,high_vol,bollinger,1.0,1.35377,16.0,24.0,1.5,0.43,sl,-16.0,-68.8,False,2022-02-14 18:15:00,2022-02-14 18:00:00,6936.119999999993,6867.319999999992
sell,low_vol,ema_flipped,0.9999,1.35428,7.5,11.25,1.5,0.92,tp,11.25,103.5,True,2022-02-15 01:30:00,2022-02-15 01:15:00,6867.319999999992,6970.819999999992
buy,low_vol,ema_flipped,0.9971,1.35308,6.3,9.45,1.5,1.1,tp,9.45,103.95,True,2022-02-15 07:00:00,2022-02-15 06:45:00,6970.819999999992,7074.769999999992
sell,high_vol,bollinger,1.0,1.35506,11.7,17.549999999999997,1.5,0.6,sl,-11.7,-70.2,False,2022-02-15 08:15:00,2022-02-15 08:00:00,7074.769999999992,7004.569999999992
sell,high_vol,bollinger,1.0,1.35594,13.1,19.65,1.5,0.53,timeout,7.8,41.34,True,2022-02-15 08:30:00,2022-02-15 08:15:00,7004.569999999992,7045.909999999993
buy,high_vol,bollinger,1.0,1.35467,16.9,25.349999999999998,1.5,0.42,sl,-16.9,-70.98,False,2022-02-15 11:30:00,2022-02-15 11:15:00,7045.909999999993,6974.929999999993
buy,high_vol,bollinger,1.0,1.35415,14.4,21.6,1.5,0.48,sl,-14.4,-69.12,False,2022-02-15 11:45:00,2022-02-15 11:30:00,6974.929999999993,6905.809999999993
buy,high_vol,bollinger,1.0,1.35225,18.2,27.299999999999997,1.5,0.38,sl,-18.2,-69.16,False,2022-02-15 14:30:00,2022-02-15 14:15:00,6905.809999999993,6836.649999999993
buy,high_vol,bollinger,1.0,1.34902,23.3,34.95,1.5,0.29,tp,34.95,101.36,True,2022-02-15 15:00:00,2022-02-15 14:45:00,6836.649999999993,6938.009999999993
sell,high_vol,bollinger,1.0,1.35655,10.6,15.899999999999999,1.5,0.65,tp,15.9,103.35,True,2022-02-16 09:00:00,2022-02-16 08:45:00,6938.009999999993,7041.359999999993
sell,high_vol,bollinger,1.0,1.35772,17.2,25.799999999999997,1.5,0.41,sl,-17.2,-70.52,False,2022-02-16 14:45:00,2022-02-16 14:30:00,7041.359999999993,6970.839999999993
sell,high_vol,bollinger,1.0,1.35873,15.9,23.85,1.5,0.44,tp,23.85,104.94,True,2022-02-16 17:30:00,2022-02-16 17:15:00,6970.839999999993,7075.7799999999925
sell,high_vol,bollinger,1.0,1.35909,13.7,20.549999999999997,1.5,0.52,tp,20.55,106.86,True,2022-02-16 19:15:00,2022-02-16 19:00:00,7075.7799999999925,7182.639999999992
buy,high_vol,bollinger,1.0,1.35621,10.1,15.149999999999999,1.5,0.71,tp,15.15,107.56,True,2022-02-17 04:00:00,2022-02-17 03:45:00,7182.639999999992,7290.1999999999925
sell,high_vol,bollinger,1.0,1.3594,16.9,25.349999999999998,1.5,0.43,tp,25.35,109.0,True,2022-02-17 06:30:00,2022-02-17 06:15:00,7290.1999999999925,7399.1999999999925
sell,high_vol,bollinger,1.0,1.36337,18.0,27.0,1.5,0.41,tp,27.0,110.7,True,2022-02-17 14:30:00,2022-02-17 14:15:00,7399.1999999999925,7509.899999999992
buy,high_vol,bollinger,0.985,1.35874,9.1,13.649999999999999,1.5,0.81,tp,13.65,110.57,True,2022-02-20 22:00:00,2022-02-18 21:45:00,7509.899999999992,7620.469999999992
buy,high_vol,bollinger,0.9859,1.35883,9.7,14.549999999999999,1.5,0.77,tp,14.55,112.03,True,2022-02-20 22:15:00,2022-02-20 22:00:00,7620.469999999992,7732.499999999992
sell,low_vol,ema_flipped,1.0,1.36139,9.3,13.950000000000001,1.5,0.83,sl,-9.3,-77.19,False,2022-02-21 02:45:00,2022-02-21 02:30:00,7732.499999999992,7655.309999999992
buy,high_vol,bollinger,1.0,1.362,11.8,17.700000000000003,1.5,0.65,sl,-11.8,-76.7,False,2022-02-21 11:30:00,2022-02-21 11:15:00,7655.309999999992,7578.609999999992
buy,high_vol,bollinger,1.0,1.36131,11.8,17.700000000000003,1.5,0.64,sl,-11.8,-75.52,False,2022-02-21 11:45:00,2022-02-21 11:30:00,7578.609999999992,7503.089999999992
buy,high_vol,bollinger,0.9926,1.35678,9.7,14.549999999999999,1.5,0.77,sl,-9.7,-74.69,False,2022-02-22 07:45:00,2022-02-22 07:30:00,7503.089999999992,7428.399999999992
buy,high_vol,bollinger,1.0,1.35545,18.7,28.049999999999997,1.5,0.4,tp,28.05,112.2,True,2022-02-22 12:00:00,2022-02-22 11:45:00,7428.399999999992,7540.599999999992
sell,high_vol,bollinger,1.0,1.35684,15.3,22.950000000000003,1.5,0.49,sl,-15.3,-74.97,False,2022-02-22 15:45:00,2022-02-22 15:30:00,7540.599999999992,7465.629999999992
sell,high_vol,bollinger,1.0,1.35898,18.3,27.450000000000003,1.5,0.41,sl,-18.3,-75.03,False,2022-02-22 16:00:00,2022-02-22 15:45:00,7465.629999999992,7390.599999999992
buy,high_vol,bollinger,1.0,1.35864,16.0,24.0,1.5,0.46,sl,-16.0,-73.6,False,2022-02-23 12:00:00,2022-02-23 11:45:00,7390.599999999992,7316.999999999992
buy,high_vol,bollinger,1.0,1.34762,18.2,27.299999999999997,1.5,0.4,sl,-18.2,-72.8,False,2022-02-24 07:30:00,2022-02-24 07:15:00,7316.999999999992,7244.199999999992
sell,high_vol,bollinger,1.0,1.33865,11.3,16.950000000000003,1.5,0.64,sl,-11.3,-72.32,False,2022-02-25 00:30:00,2022-02-25 00:15:00,7244.199999999992,7171.879999999992
buy,high_vol,bollinger,1.0,1.33943,14.7,22.049999999999997,1.5,0.49,sl,-14.7,-72.03,False,2022-02-25 08:15:00,2022-02-25 08:00:00,7171.879999999992,7099.849999999992
buy,high_vol,bollinger,1.0,1.33842,15.5,23.25,1.5,0.46,sl,-15.5,-71.3,False,2022-02-25 08:30:00,2022-02-25 08:15:00,7099.849999999992,7028.549999999992
sell,high_vol,bollinger,1.0,1.3387,17.0,25.5,1.5,0.41,sl,-17.0,-69.7,False,2022-02-25 11:45:00,2022-02-25 11:30:00,7028.549999999992,6958.849999999992
sell,high_vol,bollinger,1.0,1.34008,18.0,27.0,1.5,0.39,tp,27.0,105.3,True,2022-02-25 13:00:00,2022-02-25 12:45:00,6958.849999999992,7064.149999999992
buy,high_vol,bollinger,1.0,1.33409,19.4,29.099999999999998,1.5,0.36,tp,29.1,104.76,True,2022-02-27 22:15:00,2022-02-27 22:00:00,7064.149999999992,7168.909999999993
buy,high_vol,bollinger,1.0,1.33315,20.3,30.450000000000003,1.5,0.35,tp,30.45,106.57,True,2022-02-27 22:30:00,2022-02-27 22:15:00,7168.909999999993,7275.479999999992
buy,high_vol,bollinger,1.0,1.33558,16.7,25.049999999999997,1.5,0.44,tp,25.05,110.22,True,2022-02-28 08:15:00,2022-02-28 08:00:00,7275.479999999992,7385.6999999999925
sell,high_vol,bollinger,1.0,1.34205,22.2,33.3,1.5,0.33,tp,33.3,109.89,True,2022-02-28 14:45:00,2022-02-28 14:30:00,7385.6999999999925,7495.589999999993
sell,high_vol,bollinger,0.6889,1.34307,9.0,13.5,1.5,0.46,tp,13.5,62.1,True,2022-03-01 07:15:00,2022-03-01 07:00:00,7495.589999999993,7557.689999999993
buy,high_vol,bollinger,1.0,1.3414,13.6,20.4,1.5,0.56,sl,-13.6,-76.16,False,2022-03-01 10:00:00,2022-03-01 09:45:00,7557.689999999993,7481.529999999993
buy,high_vol,bollinger,1.0,1.34054,14.1,21.15,1.5,0.53,sl,-14.1,-74.73,False,2022-03-01 10:15:00,2022-03-01 10:00:00,7481.529999999993,7406.799999999994
buy,high_vol,bollinger,1.0,1.33976,14.6,21.9,1.5,0.51,tp,21.9,111.69,True,2022-03-01 10:30:00,2022-03-01 10:15:00,7406.799999999994,7518.489999999993
buy,high_vol,bollinger,1.0,1.33676,21.1,31.650000000000002,1.5,0.36,sl,-21.1,-75.96,False,2022-03-01 15:15:00,2022-03-01 15:00:00,7518.489999999993,7442.529999999993
buy,high_vol,bollinger,0.9999,1.32914,10.3,15.450000000000001,1.5,0.72,sl,-10.3,-74.16,False,2022-03-02 06:45:00,2022-03-02 06:30:00,7442.529999999993,7368.3699999999935
buy,high_vol,bollinger,0.9992,1.32805,11.3,16.950000000000003,1.5,0.65,tp,16.95,110.18,True,2022-03-02 07:15:00,2022-03-02 07:00:00,7368.3699999999935,7478.549999999994
sell,high_vol,bollinger,1.0,1.33465,20.9,31.349999999999998,1.5,0.36,tp,31.35,112.86,True,2022-03-02 14:00:00,2022-03-02 13:45:00,7478.549999999994,7591.4099999999935
sell,high_vol,bollinger,1.0,1.33992,14.8,22.200000000000003,1.5,0.51,sl,-14.8,-75.48,False,2022-03-02 21:00:00,2022-03-02 20:45:00,7591.4099999999935,7515.929999999994
buy,high_vol,bollinger,1.0,1.33625,18.9,28.349999999999998,1.5,0.4,sl,-18.9,-75.6,False,2022-03-03 15:00:00,2022-03-03 14:45:00,7515.929999999994,7440.329999999994
buy,high_vol,bollinger,1.0,1.32407,20.9,31.349999999999998,1.5,0.36,sl,-20.9,-75.24,False,2022-03-04 13:45:00,2022-03-04 13:30:00,7440.329999999994,7365.089999999994
sell,high_vol,bollinger,1.0,1.32359,22.0,33.0,1.5,0.33,tp,33.0,108.9,True,2022-03-04 18:15:00,2022-03-04 18:00:00,7365.089999999994,7473.989999999993
buy,high_vol,bollinger,1.0,1.32199,16.8,25.200000000000003,1.5,0.44,tp,25.2,110.88,True,2022-03-04 20:00:00,2022-03-04 19:45:00,7473.989999999993,7584.8699999999935
buy,high_vol,bollinger,1.0,1.32118,19.0,28.5,1.5,0.4,sl,-19.0,-76.0,False,2022-03-06 23:15:00,2022-03-06 23:00:00,7584.8699999999935,7508.8699999999935
sell,high_vol,bollinger,1.0,1.3213,19.7,29.549999999999997,1.5,0.38,tp,29.55,112.29,True,2022-03-07 03:30:00,2022-03-07 03:15:00,7508.8699999999935,7621.1599999999935
buy,high_vol,bollinger,1.0,1.31877,16.6,24.900000000000002,1.5,0.46,sl,-16.6,-76.36,False,2022-03-07 08:15:00,2022-03-07 08:00:00,7621.1599999999935,7544.799999999994
sell,high_vol,bollinger,1.0,1.3195,24.8,37.2,1.5,0.3,tp,37.2,111.6,True,2022-03-07 12:30:00,2022-03-07 12:15:00,7544.799999999994,7656.399999999994
buy,high_vol,bollinger,1.0,1.31658,30.8,46.2,1.5,0.25,sl,-30.8,-77.0,False,2022-03-07 14:45:00,2022-03-07 14:30:00,7656.399999999994,7579.399999999994
buy,high_vol,bollinger,0.9916,1.30872,12.2,18.299999999999997,1.5,0.61,tp,18.3,111.63,True,2022-03-08 07:15:00,2022-03-08 07:00:00,7579.399999999994,7691.029999999994
sell,low_vol,ema_flipped,1.0,1.31192,11.1,16.65,1.5,0.69,sl,-11.1,-76.59,False,2022-03-09 07:30:00,2022-03-09 07:15:00,7691.029999999994,7614.439999999994
sell,high_vol,bollinger,0.9999,1.31269,13.7,20.549999999999997,1.5,0.56,sl,-13.7,-76.72,False,2022-03-09 08:15:00,2022-03-09 08:00:00,7614.439999999994,7537.719999999994
sell,high_vol,bollinger,0.9983,1.31331,15.3,22.950000000000003,1.5,0.49,sl,-15.3,-74.97,False,2022-03-09 08:30:00,2022-03-09 08:15:00,7537.719999999994,7462.749999999994
sell,high_vol,bollinger,1.0,1.31697,19.9,29.849999999999998,1.5,0.38,sl,-19.9,-75.62,False,2022-03-09 14:15:00,2022-03-09 14:00:00,7462.749999999994,7387.129999999994
sell,high_vol,bollinger,1.0,1.31793,20.0,30.0,1.5,0.37,tp,30.0,111.0,True,2022-03-09 14:30:00,2022-03-09 14:15:00,7387.129999999994,7498.129999999994
buy,high_vol,bollinger,1.0,1.31529,14.3,21.450000000000003,1.5,0.52,tp,21.45,111.54,True,2022-03-10 08:30:00,2022-03-10 08:15:00,7498.129999999994,7609.669999999994
buy,high_vol,bollinger,1.0,1.31428,22.2,33.3,1.5,0.34,sl,-22.2,-75.48,False,2022-03-10 14:30:00,2022-03-10 14:15:00,7609.669999999994,7534.189999999994
buy,high_vol,bollinger,1.0,1.31335,23.4,35.099999999999994,1.5,0.32,sl,-23.4,-74.88,False,2022-03-10 14:45:00,2022-03-10 14:30:00,7534.189999999994,7459.309999999994
buy,high_vol,bollinger,1.0,1.30616,19.0,28.5,1.5,0.39,tp,28.5,111.15,True,2022-03-11 08:45:00,2022-03-11 08:30:00,7459.309999999994,7570.459999999994
buy,high_vol,bollinger,1.0,1.30589,20.9,31.349999999999998,1.5,0.36,sl,-20.9,-75.24,False,2022-03-11 16:30:00,2022-03-11 16:15:00,7570.459999999994,7495.219999999994
buy,high_vol,bollinger,0.9991,1.30275,15.7,23.549999999999997,1.5,0.48,tp,23.55,113.04,True,2022-03-14 12:30:00,2022-03-14 12:15:00,7495.219999999994,7608.259999999994
sell,high_vol,bollinger,1.0,1.30709,17.7,26.549999999999997,1.5,0.43,tp,26.55,114.17,True,2022-03-14 13:45:00,2022-03-14 13:30:00,7608.259999999994,7722.429999999994
buy,high_vol,bollinger,1.0,1.30337,18.5,27.75,1.5,0.42,sl,-18.5,-77.7,False,2022-03-14 18:00:00,2022-03-14 17:45:00,7722.429999999994,7644.729999999994
sell,low_vol,ema_flipped,1.0,1.30457,11.3,16.950000000000003,1.5,0.68,tp,16.95,115.26,True,2022-03-15 06:30:00,2022-03-15 06:15:00,7644.729999999994,7759.989999999994
buy,high_vol,bollinger,0.9967,1.30212,15.8,23.700000000000003,1.5,0.49,tp,23.7,116.13,True,2022-03-15 09:30:00,2022-03-15 09:15:00,7759.989999999994,7876.119999999994
sell,high_vol,bollinger,1.0,1.30676,16.9,25.349999999999998,1.5,0.47,sl,-16.9,-79.43,False,2022-03-15 13:15:00,2022-03-15 13:00:00,7876.119999999994,7796.689999999994
buy,high_vol,bollinger,0.9995,1.30616,15.9,23.85,1.5,0.49,tp,23.85,116.87,True,2022-03-15 16:15:00,2022-03-15 16:00:00,7796.689999999994,7913.559999999994
buy,high_vol,bollinger,1.0,1.30493,17.6,26.400000000000002,1.5,0.45,sl,-17.6,-79.2,False,2022-03-15 17:15:00,2022-03-15 17:00:00,7913.559999999994,7834.359999999994
buy,high_vol,bollinger,0.9924,1.30265,16.3,24.450000000000003,1.5,0.48,tp,24.45,117.36,True,2022-03-15 19:30:00,2022-03-15 19:15:00,7834.359999999994,7951.719999999994
buy,low_vol,ema_flipped,1.0,1.30363,9.5,14.25,1.5,0.84,tp,14.25,119.7,True,2022-03-15 22:15:00,2022-03-15 22:00:00,7951.719999999994,8071.419999999994
sell,low_vol,ema_flipped,1.0,1.30436,9.5,14.25,1.5,0.85,sl,-9.5,-80.75,False,2022-03-16 01:30:00,2022-03-16 01:15:00,8071.419999999994,7990.669999999994
buy,low_vol,ema_flipped,1.0,1.30387,8.3,12.450000000000001,1.5,0.96,tp,12.45,119.52,True,2022-03-16 02:00:00,2022-03-16 01:45:00,7990.669999999994,8110.189999999994
sell,low_vol,ema_flipped,1.0,1.30452,9.1,13.649999999999999,1.5,0.89,sl,-9.1,-80.99,False,2022-03-16 02:45:00,2022-03-16 02:30:00,8110.189999999994,8029.199999999994
sell,high_vol,bollinger,1.0,1.30773,19.0,28.5,1.5,0.42,sl,-19.0,-79.8,False,2022-03-16 12:15:00,2022-03-16 12:00:00,8029.199999999994,7949.399999999994
sell,high_vol,bollinger,1.0,1.31035,20.1,30.150000000000002,1.5,0.4,tp,30.15,120.6,True,2022-03-16 12:45:00,2022-03-16 12:30:00,7949.399999999994,8069.9999999999945
sell,high_vol,bollinger,1.0,1.31071,22.8,34.2,1.5,0.35,tp,34.2,119.7,True,2022-03-16 15:30:00,2022-03-16 15:15:00,8069.9999999999945,8189.699999999994
buy,high_vol,bollinger,1.0,1.30635,22.7,34.05,1.5,0.36,tp,34.05,122.58,True,2022-03-16 19:15:00,2022-03-16 19:00:00,8189.699999999994,8312.279999999995
buy,high_vol,bollinger,1.0,1.31291,14.9,22.35,1.5,0.56,tp,22.35,125.16,True,2022-03-16 23:45:00,2022-03-16 23:30:00,8312.279999999995,8437.439999999995
sell,high_vol,bollinger,0.9999,1.31929,16.4,24.599999999999998,1.5,0.51,sl,-16.4,-83.64,False,2022-03-17 12:15:00,2022-03-17 12:00:00,8437.439999999995,8353.799999999996
buy,high_vol,bollinger,1.0,1.31135,26.2,39.3,1.5,0.32,sl,-26.2,-83.84,False,2022-03-17 13:15:00,2022-03-17 13:00:00,8353.799999999996,8269.959999999995
sell,high_vol,bollinger,1.0,1.31283,31.5,47.25,1.5,0.26,sl,-31.5,-81.9,False,2022-03-17 15:45:00,2022-03-17 15:30:00,8269.959999999995,8188.059999999996
sell,high_vol,bollinger,1.0,1.31567,23.1,34.650000000000006,1.5,0.35,sl,-23.1,-80.85,False,2022-03-17 17:00:00,2022-03-17 16:45:00,8188.059999999996,8107.2099999999955
sell,high_vol,bollinger,0.992,1.31769,10.5,15.75,1.5,0.76,tp,15.75,119.7,True,2022-03-18 01:15:00,2022-03-18 01:00:00,8107.2099999999955,8226.909999999996
buy,low_vol,ema_flipped,0.9993,1.31353,15.2,22.799999999999997,1.5,0.54,sl,-15.2,-82.08,False,2022-03-18 10:45:00,2022-03-18 10:30:00,8226.909999999996,8144.829999999996
buy,low_vol,ema_flipped,1.0,1.31536,6.2,9.3,1.5,1.31,sl,-6.2,-81.22,False,2022-03-21 06:30:00,2022-03-21 06:15:00,8144.829999999996,8063.609999999996
sell,high_vol,bollinger,0.9958,1.31745,14.4,21.6,1.5,0.56,sl,-14.4,-80.64,False,2022-03-21 14:15:00,2022-03-21 14:00:00,8063.609999999996,7982.969999999996
buy,high_vol,bollinger,0.9685,1.31907,17.9,26.849999999999998,1.5,0.43,sl,-17.9,-76.97,False,2022-03-21 18:15:00,2022-03-21 18:00:00,7982.969999999996,7905.999999999995
buy,high_vol,bollinger,0.9948,1.31763,19.5,29.25,1.5,0.4,sl,-19.5,-78.0,False,2022-03-21 18:30:00,2022-03-21 18:15:00,7905.999999999995,7827.999999999995
buy,low_vol,ema_flipped,1.0,1.31545,8.7,13.049999999999999,1.5,0.9,sl,-8.7,-78.3,False,2022-03-22 01:30:00,2022-03-22 01:15:00,7827.999999999995,7749.699999999995
sell,high_vol,bollinger,0.9973,1.31549,14.0,21.0,1.5,0.55,sl,-14.0,-77.0,False,2022-03-22 09:15:00,2022-03-22 09:00:00,7749.699999999995,7672.699999999995
sell,high_vol,bollinger,1.0,1.31875,17.7,26.549999999999997,1.5,0.43,timeout,0.5,2.15,True,2022-03-22 09:45:00,2022-03-22 09:30:00,7672.699999999995,7674.849999999995
sell,high_vol,bollinger,1.0,1.32098,22.3,33.45,1.5,0.34,sl,-22.3,-75.82,False,2022-03-22 12:00:00,2022-03-22 11:45:00,7674.849999999995,7599.029999999995
buy,high_vol,bollinger,0.9701,1.32613,10.9,16.35,1.5,0.67,sl,-10.9,-73.03,False,2022-03-23 08:15:00,2022-03-23 08:00:00,7599.029999999995,7525.999999999995
buy,high_vol,bollinger,1.0,1.3161,18.2,27.299999999999997,1.5,0.41,tp,27.3,111.93,True,2022-03-24 10:00:00,2022-03-24 09:45:00,7525.999999999995,7637.929999999996
buy,high_vol,bollinger,1.0,1.31796,22.0,33.0,1.5,0.35,tp,33.0,115.5,True,2022-03-24 14:15:00,2022-03-24 14:00:00,7637.929999999996,7753.429999999996
sell,low_vol,ema_flipped,1.0,1.32046,9.6,14.399999999999999,1.5,0.81,sl,-9.6,-77.76,False,2022-03-25 02:45:00,2022-03-25 02:30:00,7753.429999999996,7675.6699999999955
sell,high_vol,bollinger,1.0,1.32193,17.8,26.700000000000003,1.5,0.43,tp,26.7,114.81,True,2022-03-25 15:45:00,2022-03-25 15:30:00,7675.6699999999955,7790.479999999996
sell,high_vol,bollinger,0.9999,1.31617,15.8,23.700000000000003,1.5,0.49,tp,23.7,116.13,True,2022-03-28 10:00:00,2022-03-28 09:45:00,7790.479999999996,7906.609999999996
buy,high_vol,bollinger,1.0,1.31304,18.2,27.299999999999997,1.5,0.43,tp,27.3,117.39,True,2022-03-28 10:15:00,2022-03-28 10:00:00,7906.609999999996,8023.999999999996
buy,high_vol,bollinger,1.0,1.30604,22.1,33.150000000000006,1.5,0.36,tp,33.15,119.34,True,2022-03-29 10:00:00,2022-03-29 09:45:00,8023.999999999996,8143.3399999999965
sell,high_vol,bollinger,1.0,1.31278,30.8,46.2,1.5,0.26,sl,-30.8,-80.08,False,2022-03-29 13:00:00,2022-03-29 12:45:00,8143.3399999999965,8063.259999999997
buy,high_vol,bollinger,1.0,1.31112,23.6,35.400000000000006,1.5,0.34,sl,-23.6,-80.24,False,2022-03-29 17:15:00,2022-03-29 17:00:00,8063.259999999997,7983.019999999997
buy,high_vol,bollinger,1.0,1.30983,23.4,35.099999999999994,1.5,0.34,sl,-23.4,-79.56,False,2022-03-29 17:30:00,2022-03-29 17:15:00,7983.019999999997,7903.459999999996
sell,low_vol,ema_flipped,1.0,1.3116,10.1,15.149999999999999,1.5,0.78,sl,-10.1,-78.78,False,2022-03-30 06:45:00,2022-03-30 06:30:00,7903.459999999996,7824.679999999997
sell,high_vol,bollinger,1.0,1.31393,20.2,30.299999999999997,1.5,0.39,sl,-20.2,-78.78,False,2022-03-30 10:00:00,2022-03-30 09:45:00,7824.679999999997,7745.899999999997
sell,high_vol,bollinger,1.0,1.31726,20.2,30.299999999999997,1.5,0.38,timeout,8.6,32.68,True,2022-03-30 15:00:00,2022-03-30 14:45:00,7745.899999999997,7778.579999999997
buy,high_vol,bollinger,1.0,1.31503,18.5,27.75,1.5,0.42,sl,-18.5,-77.7,False,2022-03-30 17:00:00,2022-03-30 16:45:00,7778.579999999997,7700.879999999997
buy,low_vol,ema_flipped,1.0,1.31201,10.4,15.600000000000001,1.5,0.74,sl,-10.4,-76.96,False,2022-03-31 04:15:00,2022-03-31 04:00:00,7700.879999999997,7623.919999999997
sell,low_vol,ema_flipped,0.988,1.31345,13.1,19.65,1.5,0.57,tp,19.65,112.0,True,2022-03-31 09:00:00,2022-03-31 08:45:00,7623.919999999997,7735.919999999997
buy,high_vol,bollinger,0.9847,1.31156,15.7,23.549999999999997,1.5,0.48,tp,23.55,113.04,True,2022-03-31 09:45:00,2022-03-31 09:30:00,7735.919999999997,7848.959999999997
sell,high_vol,bollinger,1.0,1.31349,17.0,25.5,1.5,0.46,tp,25.5,117.3,True,2022-03-31 12:15:00,2022-03-31 12:00:00,7848.959999999997,7966.2599999999975
buy,low_vol,ema_flipped,1.0,1.31263,8.7,13.049999999999999,1.5,0.92,sl,-8.7,-80.04,False,2022-04-01 04:15:00,2022-04-01 04:00:00,7966.2599999999975,7886.2199999999975
buy,high_vol,bollinger,0.8141,1.3123,13.2,19.799999999999997,1.5,0.44,sl,-13.2,-58.08,False,2022-04-01 13:30:00,2022-04-01 13:15:00,7886.2199999999975,7828.139999999998
buy,high_vol,bollinger,0.9637,1.3114,14.5,21.75,1.5,0.51,sl,-14.5,-73.95,False,2022-04-01 13:45:00,2022-04-01 13:30:00,7828.139999999998,7754.189999999998
sell,low_vol,ema_flipped,1.0,1.31228,5.5,8.25,1.5,1.41,sl,-5.5,-77.55,False,2022-04-04 06:45:00,2022-04-04 06:30:00,7754.189999999998,7676.639999999998
sell,low_vol,ema_flipped,1.0,1.31194,7.2,10.8,1.5,1.07,tp,10.8,115.56,True,2022-04-05 03:15:00,2022-04-05 03:00:00,7676.639999999998,7792.199999999998
sell,high_vol,bollinger,0.9696,1.30907,15.0,22.5,1.5,0.5,sl,-15.0,-75.0,False,2022-04-06 09:45:00,2022-04-06 09:30:00,7792.199999999998,7717.199999999998
buy,high_vol,bollinger,0.996,1.30702,14.8,22.200000000000003,1.5,0.52,tp,22.2,115.44,True,2022-04-06 15:15:00,2022-04-06 15:00:00,7717.199999999998,7832.639999999998
buy,high_vol,bollinger,1.0,1.3063,15.4,23.1,1.5,0.51,sl,-15.4,-78.54,False,2022-04-06 19:15:00,2022-04-06 19:00:00,7832.639999999998,7754.099999999998
buy,high_vol,bollinger,0.9998,1.30549,15.4,23.1,1.5,0.5,tp,23.1,115.5,True,2022-04-06 19:30:00,2022-04-06 19:15:00,7754.099999999998,7869.599999999998
buy,high_vol,bollinger,1.0,1.30556,18.8,28.200000000000003,1.5,0.42,tp,28.2,118.44,True,2022-04-06 22:15:00,2022-04-06 22:00:00,7869.599999999998,7988.039999999997
sell,low_vol,ema_flipped,1.0,1.30808,6.5,9.75,1.5,1.23,sl,-6.5,-79.95,False,2022-04-07 06:45:00,2022-04-07 06:30:00,7988.039999999997,7908.089999999997
sell,high_vol,bollinger,0.8075,1.30719,15.7,23.549999999999997,1.5,0.37,timeout,-1.8,-6.66,False,2022-04-07 18:30:00,2022-04-07 18:15:00,7908.089999999997,7901.429999999998
buy,high_vol,bollinger,0.8475,1.30033,14.3,21.450000000000003,1.5,0.43,sl,-14.3,-61.49,False,2022-04-08 14:30:00,2022-04-08 14:15:00,7901.429999999998,7839.939999999998
buy,high_vol,bollinger,0.9684,1.29919,15.2,22.799999999999997,1.5,0.49,tp,22.8,111.72,True,2022-04-08 14:45:00,2022-04-08 14:30:00,7839.939999999998,7951.659999999998
buy,high_vol,bollinger,0.8022,1.29936,10.3,15.450000000000001,1.5,0.55,tp,15.45,84.97,True,2022-04-11 07:30:00,2022-04-11 07:15:00,7951.659999999998,8036.629999999998
sell,high_vol,bollinger,1.0,1.30514,17.2,25.799999999999997,1.5,0.47,tp,25.8,121.26,True,2022-04-11 11:00:00,2022-04-11 10:45:00,8036.629999999998,8157.8899999999985
sell,high_vol,bollinger,1.0,1.30322,13.8,20.700000000000003,1.5,0.59,sl,-13.8,-81.42,False,2022-04-12 13:45:00,2022-04-12 13:30:00,8157.8899999999985,8076.469999999998
sell,high_vol,bollinger,1.0,1.30479,15.2,22.799999999999997,1.5,0.53,tp,22.8,120.84,True,2022-04-12 14:00:00,2022-04-12 13:45:00,8076.469999999998,8197.309999999998
buy,high_vol,bollinger,1.0,1.3018,17.9,26.849999999999998,1.5,0.46,sl,-17.9,-82.34,False,2022-04-12 17:45:00,2022-04-12 17:30:00,8197.309999999998,8114.9699999999975
buy,high_vol,bollinger,0.9996,1.29827,13.0,19.5,1.5,0.62,tp,19.5,120.9,True,2022-04-13 08:00:00,2022-04-13 07:45:00,8114.9699999999975,8235.869999999997
sell,high_vol,bollinger,0.9994,1.30188,13.7,20.549999999999997,1.5,0.6,tp,20.55,123.3,True,2022-04-13 12:30:00,2022-04-13 12:15:00,8235.869999999997,8359.169999999996
buy,high_vol,bollinger,0.9998,1.31252,14.6,21.9,1.5,0.57,sl,-14.6,-83.22,False,2022-04-14 11:30:00,2022-04-14 11:15:00,8359.169999999996,8275.949999999997
sell,high_vol,bollinger,0.9997,1.31442,14.4,21.6,1.5,0.57,tp,21.6,123.12,True,2022-04-14 12:45:00,2022-04-14 12:30:00,8275.949999999997,8399.069999999998
buy,high_vol,bollinger,1.0,1.31171,16.5,24.75,1.5,0.51,sl,-16.5,-84.15,False,2022-04-14 13:00:00,2022-04-14 12:45:00,8399.069999999998,8314.919999999998
buy,high_vol,bollinger,1.0,1.30675,11.6,17.4,1.5,0.72,sl,-11.6,-83.52,False,2022-04-15 00:45:00,2022-04-15 00:30:00,8314.919999999998,8231.399999999998
buy,high_vol,bollinger,1.0,1.30631,13.6,20.4,1.5,0.61,sl,-13.6,-82.96,False,2022-04-15 01:00:00,2022-04-15 00:45:00,8231.399999999998,8148.439999999998
sell,high_vol,bollinger,1.0,1.30714,17.0,25.5,1.5,0.48,tp,25.5,122.4,True,2022-04-15 09:00:00,2022-04-15 08:45:00,8148.439999999998,8270.839999999998
buy,high_vol,bollinger,0.9376,1.30627,10.1,15.149999999999999,1.5,0.75,sl,-10.1,-75.75,False,2022-04-15 12:15:00,2022-04-15 12:00:00,8270.839999999998,8195.089999999998
buy,high_vol,bollinger,0.9908,1.30593,10.5,15.75,1.5,0.77,sl,-10.5,-80.85,False,2022-04-15 12:30:00,2022-04-15 12:15:00,8195.089999999998,8114.239999999998
buy,high_vol,bollinger,0.9972,1.30086,12.7,19.049999999999997,1.5,0.64,sl,-12.7,-81.28,False,2022-04-18 17:15:00,2022-04-18 17:00:00,8114.239999999998,8032.959999999998
sell,high_vol,bollinger,1.0,1.30289,12.3,18.450000000000003,1.5,0.65,sl,-12.3,-79.95,False,2022-04-19 09:30:00,2022-04-19 09:15:00,8032.959999999998,7953.009999999998
buy,high_vol,bollinger,1.0,1.29875,18.9,28.349999999999998,1.5,0.42,tp,28.35,119.07,True,2022-04-19 14:15:00,2022-04-19 14:00:00,7953.009999999998,8072.079999999998
buy,high_vol,bollinger,0.9792,1.29975,13.2,19.799999999999997,1.5,0.59,tp,19.8,116.82,True,2022-04-19 19:15:00,2022-04-19 19:00:00,8072.079999999998,8188.899999999998
sell,low_vol,ema_flipped,1.0,1.30204,7.3,10.95,1.5,1.12,sl,-7.3,-81.76,False,2022-04-20 02:15:00,2022-04-20 02:00:00,8188.899999999998,8107.139999999998
sell,high_vol,bollinger,1.0,1.30657,14.9,22.35,1.5,0.54,tp,22.35,120.69,True,2022-04-20 19:15:00,2022-04-20 19:00:00,8107.139999999998,8227.829999999998
sell,high_vol,bollinger,0.9912,1.30765,11.0,16.5,1.5,0.74,tp,16.5,122.1,True,2022-04-21 07:45:00,2022-04-21 07:30:00,8227.829999999998,8349.929999999998
sell,high_vol,bollinger,1.0,1.30843,15.8,23.700000000000003,1.5,0.53,tp,23.7,125.61,True,2022-04-21 11:30:00,2022-04-21 11:15:00,8349.929999999998,8475.539999999999
buy,high_vol,bollinger,1.0,1.30268,19.3,28.950000000000003,1.5,0.44,sl,-19.3,-84.92,False,2022-04-21 19:15:00,2022-04-21 19:00:00,8475.539999999999,8390.619999999999
buy,high_vol,bollinger,0.9994,1.30075,13.1,19.65,1.5,0.64,sl,-13.1,-83.84,False,2022-04-22 07:30:00,2022-04-22 07:15:00,8390.619999999999,8306.779999999999
buy,high_vol,bollinger,1.0,1.29788,15.6,23.4,1.5,0.53,sl,-15.6,-82.68,False,2022-04-22 07:45:00,2022-04-22 07:30:00,8306.779999999999,8224.099999999999
buy,high_vol,bollinger,1.0,1.2843,23.9,35.849999999999994,1.5,0.34,sl,-23.9,-81.26,False,2022-04-22 16:00:00,2022-04-22 15:45:00,8224.099999999999,8142.839999999998
buy,high_vol,bollinger,1.0,1.28248,13.0,19.5,1.5,0.63,sl,-13.0,-81.9,False,2022-04-22 20:00:00,2022-04-22 19:45:00,8142.839999999998,8060.939999999999
buy,high_vol,bollinger,1.0,1.27748,12.3,18.450000000000003,1.5,0.66,sl,-12.3,-81.18,False,2022-04-25 07:15:00,2022-04-25 07:00:00,8060.939999999999,7979.759999999998
buy,high_vol,bollinger,1.0,1.27565,14.2,21.299999999999997,1.5,0.56,sl,-14.2,-79.52,False,2022-04-25 07:30:00,2022-04-25 07:15:00,7979.759999999998,7900.239999999998
buy,high_vol,bollinger,1.0,1.27138,21.4,32.099999999999994,1.5,0.37,tp,32.1,118.77,True,2022-04-25 16:00:00,2022-04-25 15:45:00,7900.239999999998,8019.009999999998
buy,high_vol,bollinger,1.0,1.27202,12.1,18.15,1.5,0.66,tp,18.15,119.79,True,2022-04-25 22:30:00,2022-04-25 22:15:00,8019.009999999998,8138.799999999998
buy,high_vol,bollinger,0.9999,1.27338,10.1,15.149999999999999,1.5,0.81,tp,15.15,122.71,True,2022-04-26 01:15:00,2022-04-26 01:00:00,8138.799999999998,8261.509999999998
buy,high_vol,bollinger,1.0,1.27,19.9,29.849999999999998,1.5,0.42,sl,-19.9,-83.58,False,2022-04-26 12:30:00,2022-04-26 12:15:00,8261.509999999998,8177.9299999999985
buy,high_vol,bollinger,1.0,1.26893,19.9,29.849999999999998,1.5,0.41,sl,-19.9,-81.59,False,2022-04-26 12:45:00,2022-04-26 12:30:00,8177.9299999999985,8096.339999999998
buy,high_vol,bollinger,1.0,1.26695,21.3,31.950000000000003,1.5,0.38,sl,-21.3,-80.94,False,2022-04-26 15:15:00,2022-04-26 15:00:00,8096.339999999998,8015.399999999999
buy,high_vol,bollinger,1.0,1.26609,21.8,32.7,1.5,0.37,sl,-21.8,-80.66,False,2022-04-26 15:30:00,2022-04-26 15:15:00,8015.399999999999,7934.739999999999
buy,high_vol,bollinger,1.0,1.26277,24.1,36.150000000000006,1.5,0.33,sl,-24.1,-79.53,False,2022-04-26 15:45:00,2022-04-26 15:30:00,7934.739999999999,7855.209999999999
buy,high_vol,bollinger,0.9291,1.25722,11.8,17.700000000000003,1.5,0.6,sl,-11.8,-70.8,False,2022-04-26 21:45:00,2022-04-26 21:30:00,7855.209999999999,7784.409999999999
buy,high_vol,bollinger,1.0,1.25646,14.0,21.0,1.5,0.56,sl,-14.0,-78.4,False,2022-04-27 08:15:00,2022-04-27 08:00:00,7784.409999999999,7706.009999999999
buy,high_vol,bollinger,1.0,1.25427,16.2,24.299999999999997,1.5,0.48,tp,24.3,116.64,True,2022-04-27 08:30:00,2022-04-27 08:15:00,7706.009999999999,7822.65
buy,high_vol,bollinger,1.0,1.25666,27.2,40.8,1.5,0.29,sl,-27.2,-78.88,False,2022-04-27 13:00:00,2022-04-27 12:45:00,7822.65,7743.7699999999995
buy,high_vol,bollinger,1.0,1.25333,25.3,37.95,1.5,0.31,tp,37.95,117.64,True,2022-04-27 13:45:00,2022-04-27 13:30:00,7743.7699999999995,7861.41
buy,high_vol,bollinger,1.0,1.25446,17.7,26.549999999999997,1.5,0.44,sl,-17.7,-77.88,False,2022-04-27 19:30:00,2022-04-27 19:15:00,7861.41,7783.53
buy,high_vol,bollinger,1.0,1.25201,15.5,23.25,1.5,0.5,sl,-15.5,-77.5,False,2022-04-28 04:30:00,2022-04-28 04:15:00,7783.53,7706.03
buy,high_vol,bollinger,0.9955,1.24479,12.8,19.200000000000003,1.5,0.6,tp,19.2,115.2,True,2022-04-28 22:15:00,2022-04-28 22:00:00,7706.03,7821.23
sell,high_vol,bollinger,0.9042,1.24808,10.2,15.299999999999999,1.5,0.66,sl,-10.2,-67.32,False,2022-04-29 01:15:00,2022-04-29 01:00:00,7821.23,7753.91
sell,high_vol,bollinger,0.8612,1.24844,10.0,15.0,1.5,0.62,sl,-10.0,-62.0,False,2022-04-29 01:30:00,2022-04-29 01:15:00,7753.91,7691.91
sell,high_vol,bollinger,0.9994,1.25074,13.0,19.5,1.5,0.59,sl,-13.0,-76.7,False,2022-04-29 06:15:00,2022-04-29 06:00:00,7691.91,7615.21
sell,high_vol,bollinger,1.0,1.25587,16.4,24.599999999999998,1.5,0.46,sl,-16.4,-75.44,False,2022-04-29 08:45:00,2022-04-29 08:30:00,7615.21,7539.77
sell,high_vol,bollinger,1.0,1.25754,21.1,31.650000000000002,1.5,0.36,tp,31.65,113.94,True,2022-04-29 11:45:00,2022-04-29 11:30:00,7539.77,7653.71
sell,high_vol,bollinger,1.0,1.25715,29.1,43.650000000000006,1.5,0.26,sl,-29.1,-75.66,False,2022-04-29 16:15:00,2022-04-29 16:00:00,7653.71,7578.05
sell,high_vol,bollinger,1.0,1.25991,25.3,37.95,1.5,0.3,tp,37.95,113.85,True,2022-04-29 18:30:00,2022-04-29 18:15:00,7578.05,7691.900000000001
sell,high_vol,bollinger,1.0,1.25958,12.8,19.200000000000003,1.5,0.6,tp,19.2,115.2,True,2022-05-02 01:15:00,2022-05-02 01:00:00,7691.900000000001,7807.1
buy,high_vol,bollinger,1.0,1.25122,20.1,30.150000000000002,1.5,0.39,sl,-20.1,-78.39,False,2022-05-02 15:15:00,2022-05-02 15:00:00,7807.1,7728.71
buy,high_vol,bollinger,1.0,1.24983,22.5,33.75,1.5,0.34,sl,-22.5,-76.5,False,2022-05-02 18:00:00,2022-05-02 17:45:00,7728.71,7652.21
sell,high_vol,bollinger,1.0,1.25354,18.9,28.349999999999998,1.5,0.4,sl,-18.9,-75.6,False,2022-05-03 08:30:00,2022-05-03 08:15:00,7652.21,7576.61
buy,high_vol,bollinger,1.0,1.24952,19.2,28.799999999999997,1.5,0.39,tp,28.8,112.32,True,2022-05-03 12:00:00,2022-05-03 11:45:00,7576.61,7688.929999999999
sell,high_vol,bollinger,1.0,1.25456,20.2,30.299999999999997,1.5,0.38,sl,-20.2,-76.76,False,2022-05-03 13:15:00,2022-05-03 13:00:00,7688.929999999999,7612.169999999999
sell,high_vol,bollinger,1.0,1.25322,14.7,22.049999999999997,1.5,0.52,tp,22.05,114.66,True,2022-05-04 13:45:00,2022-05-04 13:30:00,7612.169999999999,7726.829999999999
sell,high_vol,bollinger,1.0,1.25071,19.5,29.25,1.5,0.4,sl,-19.5,-78.0,False,2022-05-04 19:15:00,2022-05-04 19:00:00,7726.829999999999,7648.829999999999
sell,high_vol,bollinger,1.0,1.25434,28.6,42.900000000000006,1.5,0.27,sl,-28.6,-77.22,False,2022-05-04 19:45:00,2022-05-04 19:30:00,7648.829999999999,7571.609999999999
sell,high_vol,bollinger,1.0,1.25733,33.4,50.099999999999994,1.5,0.23,sl,-33.4,-76.82,False,2022-05-04 20:00:00,2022-05-04 19:45:00,7571.609999999999,7494.789999999999
buy,high_vol,bollinger,1.0,1.26126,20.6,30.900000000000002,1.5,0.36,sl,-20.6,-74.16,False,2022-05-04 23:45:00,2022-05-04 23:30:00,7494.789999999999,7420.629999999999
sell,high_vol,bollinger,0.9996,1.26252,15.0,22.5,1.5,0.49,tp,22.5,110.25,True,2022-05-05 02:30:00,2022-05-05 02:15:00,7420.629999999999,7530.879999999999
buy,high_vol,bollinger,1.0,1.25197,20.8,31.200000000000003,1.5,0.36,tp,31.2,112.32,True,2022-05-05 08:30:00,2022-05-05 08:15:00,7530.879999999999,7643.199999999999
buy,high_vol,bollinger,1.0,1.24585,30.9,46.349999999999994,1.5,0.25,sl,-30.9,-77.25,False,2022-05-05 12:15:00,2022-05-05 12:00:00,7643.199999999999,7565.949999999999
buy,high_vol,bollinger,1.0,1.24296,34.1,51.150000000000006,1.5,0.22,sl,-34.1,-75.02,False,2022-05-05 12:30:00,2022-05-05 12:15:00,7565.949999999999,7490.9299999999985
buy,high_vol,bollinger,1.0,1.23396,34.7,52.050000000000004,1.5,0.22,sl,-34.7,-76.34,False,2022-05-05 16:30:00,2022-05-05 16:15:00,7490.9299999999985,7414.589999999998
buy,high_vol,bollinger,1.0,1.23469,16.9,25.349999999999998,1.5,0.44,tp,25.35,111.54,True,2022-05-06 02:30:00,2022-05-06 02:15:00,7414.589999999998,7526.129999999998
buy,high_vol,bollinger,1.0,1.22788,17.7,26.549999999999997,1.5,0.43,tp,26.55,114.17,True,2022-05-06 08:00:00,2022-05-06 07:45:00,7526.129999999998,7640.299999999998
sell,high_vol,bollinger,1.0,1.23688,30.7,46.05,1.5,0.25,tp,46.05,115.12,True,2022-05-06 11:45:00,2022-05-06 11:30:00,7640.299999999998,7755.419999999998
buy,high_vol,bollinger,1.0,1.23042,31.5,47.25,1.5,0.25,tp,47.25,118.13,True,2022-05-06 14:45:00,2022-05-06 14:30:00,7755.419999999998,7873.549999999998
buy,high_vol,bollinger,1.0,1.2335,23.6,35.400000000000006,1.5,0.33,sl,-23.6,-77.88,False,2022-05-06 19:00:00,2022-05-06 18:45:00,7873.549999999998,7795.669999999998
sell,high_vol,bollinger,1.0,1.23063,23.2,34.8,1.5,0.34,tp,34.8,118.32,True,2022-05-09 09:30:00,2022-05-09 09:15:00,7795.669999999998,7913.989999999998
sell,high_vol,bollinger,1.0,1.23157,28.3,42.45,1.5,0.28,sl,-28.3,-79.24,False,2022-05-09 11:00:00,2022-05-09 10:45:00,7913.989999999998,7834.749999999998
sell,high_vol,bollinger,1.0,1.23873,27.1,40.650000000000006,1.5,0.29,tp,40.65,117.88,True,2022-05-09 13:15:00,2022-05-09 13:00:00,7834.749999999998,7952.629999999998
sell,high_vol,bollinger,1.0,1.2353,28.0,42.0,1.5,0.28,sl,-28.0,-78.4,False,2022-05-09 17:15:00,2022-05-09 17:00:00,7952.629999999998,7874.229999999999
sell,high_vol,bollinger,1.0,1.23743,29.1,43.650000000000006,1.5,0.27,tp,43.65,117.85,True,2022-05-09 17:30:00,2022-05-09 17:15:00,7874.229999999999,7992.079999999999
buy,high_vol,bollinger,0.8891,1.23463,14.0,21.0,1.5,0.48,sl,-14.0,-67.2,False,2022-05-10 08:00:00,2022-05-10 07:45:00,7992.079999999999,7924.879999999999
buy,high_vol,bollinger,0.9997,1.23299,15.7,23.549999999999997,1.5,0.5,sl,-15.7,-78.5,False,2022-05-10 08:15:00,2022-05-10 08:00:00,7924.879999999999,7846.379999999999
buy,high_vol,bollinger,1.0,1.22994,25.1,37.650000000000006,1.5,0.31,timeout,19.4,60.14,True,2022-05-10 16:15:00,2022-05-10 16:00:00,7846.379999999999,7906.5199999999995
sell,low_vol,ema_flipped,1.0,1.23265,11.3,16.950000000000003,1.5,0.7,sl,-11.3,-79.1,False,2022-05-11 05:15:00,2022-05-11 05:00:00,7906.5199999999995,7827.419999999999
sell,high_vol,bollinger,0.9997,1.2372,18.6,27.900000000000002,1.5,0.42,tp,27.9,117.18,True,2022-05-11 10:00:00,2022-05-11 09:45:00,7827.419999999999,7944.599999999999
sell,high_vol,bollinger,1.0,1.23869,20.0,30.0,1.5,0.4,tp,30.0,120.0,True,2022-05-11 10:15:00,2022-05-11 10:00:00,7944.599999999999,8064.599999999999
buy,high_vol,bollinger,1.0,1.23009,28.0,42.0,1.5,0.29,tp,42.0,121.8,True,2022-05-11 13:45:00,2022-05-11 13:30:00,8064.599999999999,8186.4
buy,high_vol,bollinger,1.0,1.22886,29.9,44.849999999999994,1.5,0.27,tp,44.85,121.1,True,2022-05-11 14:00:00,2022-05-11 13:45:00,8186.4,8307.5
buy,high_vol,bollinger,1.0,1.22439,20.9,31.349999999999998,1.5,0.4,sl,-20.9,-83.6,False,2022-05-11 20:45:00,2022-05-11 20:30:00,8307.5,8223.9
buy,high_vol,bollinger,1.0,1.21803,25.6,38.400000000000006,1.5,0.32,tp,38.4,122.88,True,2022-05-12 10:00:00,2022-05-12 09:45:00,8223.9,8346.779999999999
sell,high_vol,bollinger,1.0,1.22367,26.8,40.2,1.5,0.31,tp,40.2,124.62,True,2022-05-12 13:45:00,2022-05-12 13:30:00,8346.779999999999,8471.4
buy,high_vol,bollinger,1.0,1.21884,21.6,32.400000000000006,1.5,0.39,sl,-21.6,-84.24,False,2022-05-13 10:30:00,2022-05-13 10:15:00,8471.4,8387.16
buy,high_vol,bollinger,1.0,1.21652,20.1,30.150000000000002,1.5,0.42,tp,30.15,126.63,True,2022-05-13 14:30:00,2022-05-13 14:15:00,8387.16,8513.789999999999
buy,high_vol,bollinger,0.9124,1.22279,17.0,25.5,1.5,0.44,tp,25.5,112.2,True,2022-05-13 19:00:00,2022-05-13 18:45:00,8513.789999999999,8625.99
sell,high_vol,bollinger,0.9999,1.22488,20.9,31.349999999999998,1.5,0.41,sl,-20.9,-85.69,False,2022-05-16 11:30:00,2022-05-16 11:15:00,8625.99,8540.3
sell,high_vol,bollinger,1.0,1.22649,19.6,29.400000000000002,1.5,0.44,sl,-19.6,-86.24,False,2022-05-16 12:00:00,2022-05-16 11:45:00,8540.3,8454.06
buy,high_vol,bollinger,0.995,1.22409,18.1,27.150000000000002,1.5,0.46,tp,27.15,124.89,True,2022-05-16 15:00:00,2022-05-16 14:45:00,8454.06,8578.949999999999
sell,high_vol,bollinger,1.0,1.22664,20.8,31.200000000000003,1.5,0.41,sl,-20.8,-85.28,False,2022-05-16 15:15:00,2022-05-16 15:00:00,8578.949999999999,8493.669999999998
sell,high_vol,bollinger,1.0,1.23812,15.7,23.549999999999997,1.5,0.54,sl,-15.7,-84.78,False,2022-05-17 07:45:00,2022-05-17 07:30:00,8493.669999999998,8408.889999999998
sell,high_vol,bollinger,1.0,1.24939,28.3,42.45,1.5,0.3,tp,42.45,127.35,True,2022-05-17 12:45:00,2022-05-17 12:30:00,8408.889999999998,8536.239999999998
buy,high_vol,bollinger,0.9855,1.24452,17.0,25.5,1.5,0.49,sl,-17.0,-83.3,False,2022-05-18 07:45:00,2022-05-18 07:30:00,8536.239999999998,8452.939999999999
sell,high_vol,bollinger,1.0,1.24566,25.7,38.55,1.5,0.33,sl,-25.7,-84.81,False,2022-05-19 14:30:00,2022-05-19 14:15:00,8452.939999999999,8368.13
sell,high_vol,bollinger,1.0,1.24746,26.2,39.3,1.5,0.32,sl,-26.2,-83.84,False,2022-05-19 14:45:00,2022-05-19 14:30:00,8368.13,8284.289999999999
sell,high_vol,bollinger,1.0,1.25881,24.8,37.2,1.5,0.33,tp,37.2,122.76,True,2022-05-23 10:15:00,2022-05-23 10:00:00,8284.289999999999,8407.05
sell,high_vol,bollinger,1.0,1.25986,22.1,33.150000000000006,1.5,0.38,tp,33.15,125.97,True,2022-05-23 12:15:00,2022-05-23 12:00:00,8407.05,8533.019999999999
buy,high_vol,bollinger,1.0,1.24849,26.9,40.349999999999994,1.5,0.32,tp,40.35,129.12,True,2022-05-24 09:45:00,2022-05-24 09:30:00,8533.019999999999,8662.14
buy,high_vol,bollinger,1.0,1.24795,22.8,34.2,1.5,0.38,tp,34.2,129.96,True,2022-05-24 13:30:00,2022-05-24 13:15:00,8662.14,8792.099999999999
sell,high_vol,bollinger,1.0,1.25413,25.8,38.7,1.5,0.34,timeout,4.8,16.32,True,2022-05-24 17:00:00,2022-05-24 16:45:00,8792.099999999999,8808.419999999998
sell,high_vol,bollinger,1.0,1.25497,26.3,39.45,1.5,0.33,timeout,13.2,43.56,True,2022-05-24 17:15:00,2022-05-24 17:00:00,8808.419999999998,8851.979999999998
buy,high_vol,bollinger,0.6608,1.25187,18.6,27.900000000000002,1.5,0.25,tp,27.9,69.75,True,2022-05-24 19:30:00,2022-05-24 19:15:00,8851.979999999998,8921.729999999998
sell,low_vol,ema_flipped,1.0,1.25408,7.3,10.95,1.5,1.22,tp,10.95,133.59,True,2022-05-25 01:00:00,2022-05-25 00:45:00,8921.729999999998,9055.319999999998
buy,low_vol,ema_flipped,1.0,1.25325,8.7,13.049999999999999,1.5,1.04,sl,-8.7,-90.48,False,2022-05-25 01:15:00,2022-05-25 01:00:00,9055.319999999998,8964.839999999998
sell,low_vol,ema_flipped,0.9999,1.25512,13.0,19.5,1.5,0.69,tp,19.5,134.55,True,2022-05-25 08:00:00,2022-05-25 07:45:00,8964.839999999998,9099.389999999998
sell,high_vol,bollinger,0.9165,1.25168,22.7,34.05,1.5,0.35,sl,-22.7,-79.45,False,2022-05-25 14:30:00,2022-05-25 14:15:00,9099.389999999998,9019.939999999997
sell,high_vol,bollinger,1.0,1.25618,21.5,32.25,1.5,0.42,sl,-21.5,-90.3,False,2022-05-25 19:15:00,2022-05-25 19:00:00,9019.939999999997,8929.639999999998
buy,high_vol,bollinger,1.0,1.2573,25.7,38.55,1.5,0.35,tp,38.55,134.92,True,2022-05-26 13:15:00,2022-05-26 13:00:00,8929.639999999998,9064.559999999998
sell,high_vol,bollinger,1.0,1.26568,13.1,19.65,1.5,0.69,tp,19.65,135.58,True,2022-05-27 03:00:00,2022-05-27 02:45:00,9064.559999999998,9200.139999999998
buy,high_vol,bollinger,0.9078,1.26109,18.7,28.049999999999997,1.5,0.43,sl,-18.7,-80.41,False,2022-05-27 10:15:00,2022-05-27 10:00:00,9200.139999999998,9119.729999999998
buy,high_vol,bollinger,0.8368,1.25993,18.7,28.049999999999997,1.5,0.37,tp,28.05,103.78,True,2022-05-27 10:45:00,2022-05-27 10:30:00,9119.729999999998,9223.509999999998
buy,low_vol,ema_flipped,1.0,1.26131,8.7,13.049999999999999,1.5,1.06,tp,13.05,138.33,True,2022-05-31 02:00:00,2022-05-31 01:45:00,9223.509999999998,9361.839999999998
buy,high_vol,bollinger,0.9592,1.25621,19.2,28.799999999999997,1.5,0.46,sl,-19.2,-88.32,False,2022-06-01 14:30:00,2022-06-01 14:15:00,9361.839999999998,9273.519999999999
buy,high_vol,bollinger,0.9967,1.25454,20.7,31.049999999999997,1.5,0.45,sl,-20.7,-93.15,False,2022-06-01 14:45:00,2022-06-01 14:30:00,9273.519999999999,9180.369999999999
buy,high_vol,bollinger,1.0,1.25077,24.2,36.3,1.5,0.38,sl,-24.2,-91.96,False,2022-06-01 15:15:00,2022-06-01 15:00:00,9180.369999999999,9088.41
sell,low_vol,ema_flipped,0.9999,1.25413,16.4,24.599999999999998,1.5,0.55,timeout,-9.9,-54.45,False,2022-06-02 10:30:00,2022-06-02 10:15:00,9088.41,9033.96
buy,high_vol,bollinger,0.9999,1.25674,13.6,20.4,1.5,0.66,tp,20.4,134.64,True,2022-06-02 20:00:00,2022-06-02 19:45:00,9033.96,9168.599999999999
buy,high_vol,bollinger,1.0,1.25229,15.1,22.65,1.5,0.61,tp,22.65,138.16,True,2022-06-03 13:45:00,2022-06-03 13:30:00,9168.599999999999,9306.759999999998
sell,high_vol,bollinger,0.9987,1.25274,12.5,18.75,1.5,0.74,sl,-12.5,-92.5,False,2022-06-06 07:45:00,2022-06-06 07:30:00,9306.759999999998,9214.259999999998
sell,high_vol,bollinger,0.7932,1.25345,13.3,19.950000000000003,1.5,0.49,sl,-13.3,-65.17,False,2022-06-06 08:00:00,2022-06-06 07:45:00,9214.259999999998,9149.089999999998
buy,high_vol,bollinger,0.9999,1.25264,19.4,29.099999999999998,1.5,0.47,sl,-19.4,-91.18,False,2022-06-06 16:30:00,2022-06-06 16:15:00,9149.089999999998,9057.909999999998
buy,low_vol,ema_flipped,1.0,1.2531,7.2,10.8,1.5,1.26,sl,-7.2,-90.72,False,2022-06-06 23:15:00,2022-06-06 23:00:00,9057.909999999998,8967.189999999999
buy,high_vol,bollinger,0.9999,1.24685,16.2,24.299999999999997,1.5,0.55,sl,-16.2,-89.1,False,2022-06-07 06:30:00,2022-06-07 06:15:00,8967.189999999999,8878.089999999998
sell,high_vol,bollinger,1.0,1.25238,30.3,45.45,1.5,0.29,sl,-30.3,-87.87,False,2022-06-07 09:15:00,2022-06-07 09:00:00,8878.089999999998,8790.219999999998
sell,high_vol,bollinger,1.0,1.25935,25.1,37.650000000000006,1.5,0.35,tp,37.65,131.78,True,2022-06-07 17:15:00,2022-06-07 17:00:00,8790.219999999998,8921.999999999998
buy,high_vol,bollinger,0.8582,1.25238,18.2,27.299999999999997,1.5,0.39,tp,27.3,106.47,True,2022-06-08 09:45:00,2022-06-08 09:30:00,8921.999999999998,9028.469999999998
sell,high_vol,bollinger,0.9986,1.25497,19.7,29.549999999999997,1.5,0.46,timeout,-8.1,-37.26,False,2022-06-08 12:15:00,2022-06-08 12:00:00,9028.469999999998,8991.209999999997
buy,high_vol,bollinger,0.9459,1.25275,17.2,25.799999999999997,1.5,0.48,tp,25.8,123.84,True,2022-06-09 13:45:00,2022-06-09 13:30:00,8991.209999999997,9115.049999999997
buy,high_vol,bollinger,1.0,1.24557,19.6,29.400000000000002,1.5,0.47,sl,-19.6,-92.12,False,2022-06-10 11:00:00,2022-06-10 10:45:00,9115.049999999997,9022.929999999997
buy,high_vol,bollinger,1.0,1.23839,27.0,40.5,1.5,0.33,sl,-27.0,-89.1,False,2022-06-10 14:00:00,2022-06-10 13:45:00,9022.929999999997,8933.829999999996
buy,high_vol,bollinger,1.0,1.22573,15.4,23.1,1.5,0.58,sl,-15.4,-89.32,False,2022-06-13 07:15:00,2022-06-13 07:00:00,8933.829999999996,8844.509999999997
buy,high_vol,bollinger,1.0,1.2186,22.1,33.150000000000006,1.5,0.4,sl,-22.1,-88.4,False,2022-06-13 12:15:00,2022-06-13 12:00:00,8844.509999999997,8756.109999999997
buy,high_vol,bollinger,1.0,1.21748,22.1,33.150000000000006,1.5,0.4,tp,33.15,132.6,True,2022-06-13 12:30:00,2022-06-13 12:15:00,8756.109999999997,8888.709999999997
buy,high_vol,bollinger,1.0,1.21459,32.8,49.199999999999996,1.5,0.27,tp,49.2,132.84,True,2022-06-13 15:30:00,2022-06-13 15:15:00,8888.709999999997,9021.549999999997
buy,high_vol,bollinger,1.0,1.21415,22.3,33.45,1.5,0.4,sl,-22.3,-89.2,False,2022-06-13 20:00:00,2022-06-13 19:45:00,9021.549999999997,8932.349999999997
buy,high_vol,bollinger,1.0,1.2121,25.0,37.5,1.5,0.36,tp,37.5,135.0,True,2022-06-13 20:30:00,2022-06-13 20:15:00,8932.349999999997,9067.349999999997
sell,high_vol,bollinger,0.9941,1.21415,11.9,17.85,1.5,0.76,sl,-11.9,-90.44,False,2022-06-14 01:00:00,2022-06-14 00:45:00,9067.349999999997,8976.909999999996
sell,high_vol,bollinger,0.997,1.21466,13.3,19.950000000000003,1.5,0.67,sl,-13.3,-89.11,False,2022-06-14 01:15:00,2022-06-14 01:00:00,8976.909999999996,8887.799999999996
sell,high_vol,bollinger,0.9596,1.21547,14.5,21.75,1.5,0.58,sl,-14.5,-84.1,False,2022-06-14 01:30:00,2022-06-14 01:15:00,8887.799999999996,8803.699999999995
buy,high_vol,bollinger,1.0,1.20131,33.7,50.550000000000004,1.5,0.26,sl,-33.7,-87.62,False,2022-06-14 15:15:00,2022-06-14 15:00:00,8803.699999999995,8716.079999999994
sell,high_vol,bollinger,1.0,1.20281,18.3,27.450000000000003,1.5,0.48,sl,-18.3,-87.84,False,2022-06-15 07:30:00,2022-06-15 07:15:00,8716.079999999994,8628.239999999994
sell,high_vol,bollinger,1.0,1.20591,28.1,42.150000000000006,1.5,0.31,sl,-28.1,-87.11,False,2022-06-15 09:15:00,2022-06-15 09:00:00,8628.239999999994,8541.129999999994
sell,high_vol,bollinger,1.0,1.2088,30.3,45.45,1.5,0.28,sl,-30.3,-84.84,False,2022-06-15 09:45:00,2022-06-15 09:30:00,8541.129999999994,8456.289999999994
sell,high_vol,bollinger,1.0,1.21115,30.1,45.150000000000006,1.5,0.28,tp,45.15,126.42,True,2022-06-15 12:15:00,2022-06-15 12:00:00,8456.289999999994,8582.709999999994
sell,high_vol,bollinger,1.0,1.21202,29.1,43.650000000000006,1.5,0.29,tp,43.65,126.58,True,2022-06-15 12:30:00,2022-06-15 12:15:00,8582.709999999994,8709.289999999994
sell,high_vol,bollinger,1.0,1.20838,21.8,32.7,1.5,0.4,sl,-21.8,-87.2,False,2022-06-15 18:30:00,2022-06-15 18:15:00,8709.289999999994,8622.089999999993
sell,high_vol,bollinger,1.0,1.20908,21.0,31.5,1.5,0.41,sl,-21.0,-86.1,False,2022-06-15 18:45:00,2022-06-15 18:30:00,8622.089999999993,8535.989999999993
sell,high_vol,bollinger,1.0,1.21533,43.0,64.5,1.5,0.2,sl,-43.0,-86.0,False,2022-06-15 19:45:00,2022-06-15 19:30:00,8535.989999999993,8449.989999999993
buy,high_vol,bollinger,1.0,1.21623,19.4,29.099999999999998,1.5,0.44,sl,-19.4,-85.36,False,2022-06-15 23:45:00,2022-06-15 23:30:00,8449.989999999993,8364.629999999992
sell,high_vol,bollinger,1.0,1.21851,9.5,14.25,1.5,0.88,tp,14.25,125.4,True,2022-06-16 01:15:00,2022-06-16 01:00:00,8364.629999999992,8490.029999999992
buy,high_vol,bollinger,0.9994,1.21516,15.1,22.65,1.5,0.56,sl,-15.1,-84.56,False,2022-06-16 02:45:00,2022-06-16 02:30:00,8490.029999999992,8405.469999999992
buy,high_vol,bollinger,0.9904,1.21443,15.4,23.1,1.5,0.54,tp,23.1,124.74,True,2022-06-16 03:00:00,2022-06-16 02:45:00,8405.469999999992,8530.209999999992
buy,high_vol,bollinger,1.0,1.21229,16.8,25.200000000000003,1.5,0.51,sl,-16.8,-85.68,False,2022-06-16 07:45:00,2022-06-16 07:30:00,8530.209999999992,8444.529999999992
buy,high_vol,bollinger,1.0,1.20872,20.1,30.150000000000002,1.5,0.42,sl,-20.1,-84.42,False,2022-06-16 08:15:00,2022-06-16 08:00:00,8444.529999999992,8360.109999999991
buy,high_vol,bollinger,1.0,1.20664,22.3,33.45,1.5,0.37,tp,33.45,123.76,True,2022-06-16 08:30:00,2022-06-16 08:15:00,8360.109999999991,8483.869999999992
sell,high_vol,bollinger,1.0,1.21706,38.5,57.75,1.5,0.22,tp,57.75,127.05,True,2022-06-16 11:15:00,2022-06-16 11:00:00,8483.869999999992,8610.919999999991
buy,high_vol,bollinger,1.0,1.205,50.1,75.15,1.5,0.17,tp,75.15,127.75,True,2022-06-16 12:15:00,2022-06-16 12:00:00,8610.919999999991,8738.669999999991
sell,high_vol,bollinger,1.0,1.23036,51.9,77.85,1.5,0.17,sl,-51.9,-88.23,False,2022-06-16 16:15:00,2022-06-16 16:00:00,8738.669999999991,8650.439999999991
buy,high_vol,bollinger,1.0,1.22637,38.3,57.449999999999996,1.5,0.23,sl,-38.3,-88.09,False,2022-06-17 13:00:00,2022-06-17 12:45:00,8650.439999999991,8562.349999999991
buy,high_vol,bollinger,0.9943,1.22266,19.7,29.549999999999997,1.5,0.43,tp,29.55,127.07,True,2022-06-20 09:00:00,2022-06-20 08:45:00,8562.349999999991,8689.419999999991
sell,high_vol,bollinger,0.7651,1.22451,21.0,31.5,1.5,0.27,sl,-21.0,-56.7,False,2022-06-20 10:00:00,2022-06-20 09:45:00,8689.419999999991,8632.71999999999
sell,high_vol,bollinger,0.7027,1.22566,21.7,32.55,1.5,0.23,sl,-21.7,-49.91,False,2022-06-20 10:15:00,2022-06-20 10:00:00,8632.71999999999,8582.80999999999
buy,high_vol,bollinger,1.0,1.22332,22.4,33.599999999999994,1.5,0.38,timeout,30.5,115.9,True,2022-06-20 14:15:00,2022-06-20 14:00:00,8582.80999999999,8698.70999999999
buy,high_vol,bollinger,0.9978,1.22642,23.6,35.400000000000006,1.5,0.37,sl,-23.6,-87.32,False,2022-06-21 12:15:00,2022-06-21 12:00:00,8698.70999999999,8611.38999999999
buy,low_vol,ema_flipped,1.0,1.22617,9.8,14.700000000000001,1.5,0.88,sl,-9.8,-86.24,False,2022-06-22 01:30:00,2022-06-22 01:15:00,8611.38999999999,8525.14999999999
buy,high_vol,bollinger,0.9931,1.22169,16.0,24.0,1.5,0.53,sl,-16.0,-84.8,False,2022-06-22 07:45:00,2022-06-22 07:30:00,8525.14999999999,8440.349999999991
buy,high_vol,bollinger,1.0,1.21834,20.7,31.049999999999997,1.5,0.41,tp,31.05,127.3,True,2022-06-22 08:15:00,2022-06-22 08:00:00,8440.349999999991,8567.64999999999
sell,high_vol,bollinger,0.9993,1.22633,25.0,37.5,1.5,0.34,sl,-25.0,-85.0,False,2022-06-22 14:15:00,2022-06-22 14:00:00,8567.64999999999,8482.64999999999
sell,high_vol,bollinger,1.0,1.22915,26.0,39.0,1.5,0.33,tp,39.0,128.7,True,2022-06-22 14:45:00,2022-06-22 14:30:00,8482.64999999999,8611.349999999991
sell,high_vol,bollinger,1.0,1.23079,30.2,45.3,1.5,0.29,tp,45.3,131.37,True,2022-06-22 15:45:00,2022-06-22 15:30:00,8611.349999999991,8742.719999999992
buy,low_vol,ema_flipped,1.0,1.22497,7.3,10.95,1.5,1.2,tp,10.95,131.4,True,2022-06-23 01:30:00,2022-06-23 01:15:00,8742.719999999992,8874.119999999992
buy,high_vol,bollinger,0.8481,1.22429,14.2,21.299999999999997,1.5,0.49,sl,-14.2,-69.58,False,2022-06-23 07:15:00,2022-06-23 07:00:00,8874.119999999992,8804.539999999992
buy,high_vol,bollinger,1.0,1.21997,18.2,27.299999999999997,1.5,0.48,sl,-18.2,-87.36,False,2022-06-23 08:30:00,2022-06-23 08:15:00,8804.539999999992,8717.179999999991
sell,high_vol,bollinger,1.0,1.22243,23.5,35.25,1.5,0.37,sl,-23.5,-86.95,False,2022-06-23 13:00:00,2022-06-23 12:45:00,8717.179999999991,8630.22999999999
sell,high_vol,bollinger,1.0,1.22512,22.7,34.05,1.5,0.38,sl,-22.7,-86.26,False,2022-06-23 13:30:00,2022-06-23 13:15:00,8630.22999999999,8543.96999999999
sell,high_vol,bollinger,1.0,1.22466,22.1,33.150000000000006,1.5,0.39,sl,-22.1,-86.19,False,2022-06-23 19:45:00,2022-06-23 19:30:00,8543.96999999999,8457.77999999999
sell,high_vol,bollinger,1.0,1.22511,20.7,31.049999999999997,1.5,0.41,sl,-20.7,-84.87,False,2022-06-23 20:00:00,2022-06-23 19:45:00,8457.77999999999,8372.909999999989
buy,high_vol,bollinger,1.0,1.22446,19.1,28.650000000000002,1.5,0.44,tp,28.65,126.06,True,2022-06-24 09:15:00,2022-06-24 09:00:00,8372.909999999989,8498.969999999988
sell,high_vol,bollinger,1.0,1.23016,26.7,40.05,1.5,0.32,tp,40.05,128.16,True,2022-06-24 15:15:00,2022-06-24 15:00:00,8498.969999999988,8627.129999999988
sell,high_vol,bollinger,1.0,1.23266,17.1,25.650000000000002,1.5,0.5,tp,25.65,128.25,True,2022-06-27 08:30:00,2022-06-27 08:15:00,8627.129999999988,8755.379999999988
buy,high_vol,bollinger,0.9998,1.22445,20.2,30.299999999999997,1.5,0.43,tp,30.3,130.29,True,2022-06-27 13:45:00,2022-06-27 13:30:00,8755.379999999988,8885.66999999999
buy,low_vol,ema_flipped,0.9998,1.22653,12.5,18.75,1.5,0.71,tp,18.75,133.13,True,2022-06-27 21:00:00,2022-06-27 20:45:00,8885.66999999999,9018.799999999988
buy,high_vol,bollinger,1.0,1.21887,24.1,36.150000000000006,1.5,0.37,timeout,-5.3,-19.61,False,2022-06-28 16:30:00,2022-06-28 16:15:00,9018.799999999988,8999.189999999988
buy,high_vol,bollinger,1.0,1.21559,23.1,34.650000000000006,1.5,0.39,sl,-23.1,-90.09,False,2022-06-29 11:00:00,2022-06-29 10:45:00,8999.189999999988,8909.099999999988
buy,high_vol,bollinger,1.0,1.21181,29.2,43.8,1.5,0.31,tp,43.8,135.78,True,2022-06-29 14:45:00,2022-06-29 14:30:00,8909.099999999988,9044.879999999988
buy,high_vol,bollinger,1.0,1.21093,28.7,43.05,1.5,0.32,tp,43.05,137.76,True,2022-06-29 15:00:00,2022-06-29 14:45:00,9044.879999999988,9182.639999999989
sell,high_vol,bollinger,1.0,1.21535,30.0,45.0,1.5,0.31,tp,45.0,139.5,True,2022-06-29 17:00:00,2022-06-29 16:45:00,9182.639999999989,9322.139999999989
sell,high_vol,bollinger,1.0,1.21428,23.3,34.95,1.5,0.4,sl,-23.3,-93.2,False,2022-06-30 14:15:00,2022-06-30 14:00:00,9322.139999999989,9228.939999999988
sell,high_vol,bollinger,0.9999,1.21559,24.5,36.75,1.5,0.38,sl,-24.5,-93.1,False,2022-06-30 14:30:00,2022-06-30 14:15:00,9228.939999999988,9135.839999999987
buy,low_vol,ema_flipped,0.9995,1.21349,11.5,17.25,1.5,0.79,sl,-11.5,-90.85,False,2022-07-01 04:15:00,2022-07-01 04:00:00,9135.839999999987,9044.989999999987
buy,high_vol,bollinger,1.0,1.20775,23.2,34.8,1.5,0.39,sl,-23.2,-90.48,False,2022-07-01 10:30:00,2022-07-01 10:15:00,9044.989999999987,8954.509999999987
sell,high_vol,bollinger,1.0,1.20284,29.8,44.7,1.5,0.3,sl,-29.8,-89.4,False,2022-07-01 16:30:00,2022-07-01 16:15:00,8954.509999999987,8865.109999999988
sell,high_vol,bollinger,1.0,1.20536,31.0,46.5,1.5,0.29,sl,-31.0,-89.9,False,2022-07-01 16:45:00,2022-07-01 16:30:00,8865.109999999988,8775.209999999988
sell,high_vol,bollinger,1.0,1.2082,20.9,31.349999999999998,1.5,0.42,sl,-20.9,-87.78,False,2022-07-01 19:30:00,2022-07-01 19:15:00,8775.209999999988,8687.429999999988
sell,high_vol,bollinger,1.0,1.21013,21.5,32.25,1.5,0.4,sl,-21.5,-86.0,False,2022-07-01 19:45:00,2022-07-01 19:30:00,8687.429999999988,8601.429999999988
sell,high_vol,bollinger,0.9319,1.21132,13.2,19.799999999999997,1.5,0.59,tp,19.8,116.82,True,2022-07-03 23:15:00,2022-07-03 23:00:00,8601.429999999988,8718.249999999987
sell,low_vol,ema_flipped,0.8787,1.21065,12.3,18.450000000000003,1.5,0.59,tp,18.45,108.86,True,2022-07-03 23:45:00,2022-07-03 23:30:00,8718.249999999987,8827.109999999988
buy,low_vol,ema_flipped,1.0,1.21035,11.2,16.799999999999997,1.5,0.79,tp,16.8,132.72,True,2022-07-04 19:30:00,2022-07-04 19:15:00,8827.109999999988,8959.829999999987
sell,low_vol,ema_flipped,1.0,1.21174,12.6,18.9,1.5,0.71,tp,18.9,134.19,True,2022-07-05 03:00:00,2022-07-05 02:45:00,8959.829999999987,9094.019999999988
buy,high_vol,bollinger,1.0,1.2081,17.5,26.25,1.5,0.52,sl,-17.5,-91.0,False,2022-07-05 08:15:00,2022-07-05 08:00:00,9094.019999999988,9003.019999999988
buy,high_vol,bollinger,0.9987,1.20738,19.0,28.5,1.5,0.47,sl,-19.0,-89.3,False,2022-07-05 08:30:00,2022-07-05 08:15:00,9003.019999999988,8913.719999999988
buy,high_vol,bollinger,1.0,1.20096,27.1,40.650000000000006,1.5,0.33,sl,-27.1,-89.43,False,2022-07-05 12:15:00,2022-07-05 12:00:00,8913.719999999988,8824.289999999988
buy,high_vol,bollinger,1.0,1.19163,28.8,43.2,1.5,0.31,tp,43.2,133.92,True,2022-07-05 16:00:00,2022-07-05 15:45:00,8824.289999999988,8958.209999999988
buy,high_vol,bollinger,1.0,1.19025,29.7,44.55,1.5,0.3,tp,44.55,133.65,True,2022-07-05 16:15:00,2022-07-05 16:00:00,8958.209999999988,9091.859999999988
sell,high_vol,bollinger,1.0,1.19846,22.8,34.2,1.5,0.4,tp,34.2,136.8,True,2022-07-06 08:30:00,2022-07-06 08:15:00,9091.859999999988,9228.659999999987
sell,high_vol,bollinger,1.0,1.19319,30.5,45.75,1.5,0.3,sl,-30.5,-91.5,False,2022-07-06 18:15:00,2022-07-06 18:00:00,9228.659999999987,9137.159999999987
sell,low_vol,ema_flipped,1.0,1.19454,13.3,19.950000000000003,1.5,0.69,sl,-13.3,-91.77,False,2022-07-07 05:15:00,2022-07-07 05:00:00,9137.159999999987,9045.389999999987
sell,high_vol,bollinger,1.0,1.19708,24.9,37.349999999999994,1.5,0.36,sl,-24.9,-89.64,False,2022-07-07 09:15:00,2022-07-07 09:00:00,9045.389999999987,8955.749999999987
sell,high_vol,bollinger,1.0,1.20053,27.4,41.099999999999994,1.5,0.33,sl,-27.4,-90.42,False,2022-07-07 15:00:00,2022-07-07 14:45:00,8955.749999999987,8865.329999999987
buy,high_vol,bollinger,1.0,1.19621,19.7,29.549999999999997,1.5,0.45,sl,-19.7,-88.65,False,2022-07-08 08:30:00,2022-07-08 08:15:00,8865.329999999987,8776.679999999988
buy,high_vol,bollinger,1.0,1.19292,22.6,33.900000000000006,1.5,0.39,tp,33.9,132.21,True,2022-07-08 08:45:00,2022-07-08 08:30:00,8776.679999999988,8908.889999999987
sell,high_vol,bollinger,1.0,1.19748,32.7,49.050000000000004,1.5,0.27,sl,-32.7,-88.29,False,2022-07-08 11:15:00,2022-07-08 11:00:00,8908.889999999987,8820.599999999986
sell,high_vol,bollinger,1.0,1.1989,33.5,50.25,1.5,0.26,sl,-33.5,-87.1,False,2022-07-08 11:30:00,2022-07-08 11:15:00,8820.599999999986,8733.499999999985
buy,low_vol,ema_flipped,1.0,1.19854,13.4,20.1,1.5,0.65,sl,-13.4,-87.1,False,2022-07-11 03:15:00,2022-07-11 03:00:00,8733.499999999985,8646.399999999985
buy,high_vol,bollinger,1.0,1.1945,22.7,34.05,1.5,0.38,sl,-22.7,-86.26,False,2022-07-11 10:45:00,2022-07-11 10:30:00,8646.399999999985,8560.139999999985
buy,high_vol,bollinger,0.9996,1.18437,18.8,28.200000000000003,1.5,0.46,sl,-18.8,-86.48,False,2022-07-12 08:30:00,2022-07-12 08:15:00,8560.139999999985,8473.659999999985
buy,high_vol,bollinger,0.9997,1.18353,19.1,28.650000000000002,1.5,0.44,sl,-19.1,-84.04,False,2022-07-12 08:45:00,2022-07-12 08:30:00,8473.659999999985,8389.619999999984
sell,high_vol,bollinger,1.0,1.18467,26.6,39.900000000000006,1.5,0.32,sl,-26.6,-85.12,False,2022-07-12 13:15:00,2022-07-12 13:00:00,8389.619999999984,8304.499999999984
sell,high_vol,bollinger,1.0,1.18704,24.0,36.0,1.5,0.35,sl,-24.0,-84.0,False,2022-07-12 14:30:00,2022-07-12 14:15:00,8304.499999999984,8220.499999999984
buy,low_vol,ema_flipped,1.0,1.1881,8.7,13.049999999999999,1.5,0.94,tp,13.05,122.67,True,2022-07-13 02:30:00,2022-07-13 02:15:00,8220.499999999984,8343.169999999984
sell,low_vol,ema_flipped,0.9999,1.19089,15.9,23.85,1.5,0.52,sl,-15.9,-82.68,False,2022-07-13 06:00:00,2022-07-13 05:45:00,8343.169999999984,8260.489999999983
sell,high_vol,bollinger,0.9999,1.19159,22.6,33.900000000000006,1.5,0.37,sl,-22.6,-83.62,False,2022-07-13 13:45:00,2022-07-13 13:30:00,8260.489999999983,8176.8699999999835
buy,high_vol,bollinger,1.0,1.18447,31.1,46.650000000000006,1.5,0.26,tp,46.65,121.29,True,2022-07-13 15:45:00,2022-07-13 15:30:00,8176.8699999999835,8298.159999999983
sell,high_vol,bollinger,1.0,1.19469,58.3,87.44999999999999,1.5,0.14,timeout,21.8,30.52,True,2022-07-13 18:00:00,2022-07-13 17:45:00,8298.159999999983,8328.679999999984
buy,high_vol,bollinger,1.0,1.19073,29.9,44.849999999999994,1.5,0.28,sl,-29.9,-83.72,False,2022-07-13 21:15:00,2022-07-13 21:00:00,8328.679999999984,8244.959999999985
buy,low_vol,ema_flipped,1.0,1.18907,11.0,16.5,1.5,0.75,sl,-11.0,-82.5,False,2022-07-14 00:45:00,2022-07-14 00:30:00,8244.959999999985,8162.459999999985
buy,high_vol,bollinger,1.0,1.17894,26.4,39.599999999999994,1.5,0.31,tp,39.6,122.76,True,2022-07-14 16:30:00,2022-07-14 16:15:00,8162.459999999985,8285.219999999985
buy,high_vol,bollinger,1.0,1.17681,28.2,42.3,1.5,0.29,tp,42.3,122.67,True,2022-07-14 16:45:00,2022-07-14 16:30:00,8285.219999999985,8407.889999999985
sell,high_vol,bollinger,1.0,1.1835,38.2,57.300000000000004,1.5,0.22,tp,57.3,126.06,True,2022-07-14 18:45:00,2022-07-14 18:30:00,8407.889999999985,8533.949999999984
sell,high_vol,bollinger,0.9988,1.18432,21.1,31.650000000000002,1.5,0.4,tp,31.65,126.6,True,2022-07-15 13:45:00,2022-07-15 13:30:00,8533.949999999984,8660.549999999985
sell,high_vol,bollinger,1.0,1.18649,22.9,34.349999999999994,1.5,0.38,tp,34.35,130.53,True,2022-07-15 16:15:00,2022-07-15 16:00:00,8660.549999999985,8791.079999999985
sell,high_vol,bollinger,1.0,1.19256,17.5,26.25,1.5,0.5,sl,-17.5,-87.5,False,2022-07-18 10:15:00,2022-07-18 10:00:00,8791.079999999985,8703.579999999985
sell,high_vol,bollinger,0.9986,1.19988,19.6,29.400000000000002,1.5,0.44,sl,-19.6,-86.24,False,2022-07-18 16:45:00,2022-07-18 16:30:00,8703.579999999985,8617.339999999986
buy,high_vol,bollinger,0.9175,1.1965,19.0,28.5,1.5,0.4,sl,-19.0,-76.0,False,2022-07-18 20:45:00,2022-07-18 20:30:00,8617.339999999986,8541.339999999986
sell,high_vol,bollinger,0.9267,1.20096,20.0,30.0,1.5,0.38,sl,-20.0,-76.0,False,2022-07-19 11:00:00,2022-07-19 10:45:00,8541.339999999986,8465.339999999986
buy,high_vol,bollinger,1.0,1.20105,24.2,36.3,1.5,0.35,sl,-24.2,-84.7,False,2022-07-19 15:15:00,2022-07-19 15:00:00,8465.339999999986,8380.639999999985
buy,high_vol,bollinger,1.0,1.20059,23.5,35.25,1.5,0.36,tp,35.25,126.9,True,2022-07-19 15:30:00,2022-07-19 15:15:00,8380.639999999985,8507.539999999985
buy,high_vol,bollinger,0.9108,1.20079,13.1,19.65,1.5,0.57,sl,-13.1,-74.67,False,2022-07-20 09:15:00,2022-07-20 09:00:00,8507.539999999985,8432.869999999984
buy,high_vol,bollinger,1.0,1.1979,25.5,38.25,1.5,0.33,sl,-25.5,-84.15,False,2022-07-20 13:45:00,2022-07-20 13:30:00,8432.869999999984,8348.719999999985
sell,low_vol,ema_flipped,1.0,1.19973,10.7,16.049999999999997,1.5,0.78,tp,16.05,125.19,True,2022-07-21 08:45:00,2022-07-21 08:30:00,8348.719999999985,8473.909999999985
buy,high_vol,bollinger,0.807,1.19559,17.9,26.849999999999998,1.5,0.34,sl,-17.9,-60.86,False,2022-07-21 10:30:00,2022-07-21 10:15:00,8473.909999999985,8413.049999999985
sell,high_vol,bollinger,1.0,1.1968,26.0,39.0,1.5,0.32,tp,39.0,124.8,True,2022-07-21 13:30:00,2022-07-21 13:15:00,8413.049999999985,8537.849999999984
sell,low_vol,ema_flipped,0.9998,1.19883,13.6,20.4,1.5,0.63,sl,-13.6,-85.68,False,2022-07-21 23:30:00,2022-07-21 23:15:00,8537.849999999984,8452.169999999984
sell,high_vol,bollinger,0.9951,1.19969,15.2,22.799999999999997,1.5,0.55,tp,22.8,125.4,True,2022-07-22 02:30:00,2022-07-22 02:15:00,8452.169999999984,8577.569999999983
sell,high_vol,bollinger,0.9069,1.20021,15.1,22.65,1.5,0.49,tp,22.65,110.98,True,2022-07-22 02:45:00,2022-07-22 02:30:00,8577.569999999983,8688.549999999983
buy,low_vol,ema_flipped,1.0,1.19578,10.3,15.450000000000001,1.5,0.84,tp,15.45,129.78,True,2022-07-22 08:00:00,2022-07-22 07:45:00,8688.549999999983,8818.329999999984
buy,high_vol,bollinger,1.0,1.19263,19.3,28.950000000000003,1.5,0.46,tp,28.95,133.17,True,2022-07-22 10:45:00,2022-07-22 10:30:00,8818.329999999984,8951.499999999984
sell,high_vol,bollinger,1.0,1.20351,32.5,48.75,1.5,0.28,tp,48.75,136.5,True,2022-07-22 17:00:00,2022-07-22 16:45:00,8951.499999999984,9087.999999999984
sell,high_vol,bollinger,1.0,1.20479,34.2,51.300000000000004,1.5,0.27,tp,51.3,138.51,True,2022-07-22 17:15:00,2022-07-22 17:00:00,9087.999999999984,9226.509999999984
buy,high_vol,bollinger,1.0,1.19823,22.3,33.45,1.5,0.41,sl,-22.3,-91.43,False,2022-07-22 21:15:00,2022-07-22 21:00:00,9226.509999999984,9135.079999999984
buy,low_vol,ema_flipped,1.0,1.19749,10.2,15.299999999999999,1.5,0.9,sl,-10.2,-91.8,False,2022-07-25 08:30:00,2022-07-25 08:15:00,9135.079999999984,9043.279999999984
sell,high_vol,bollinger,1.0,1.2043,24.8,37.2,1.5,0.36,sl,-24.8,-89.28,False,2022-07-25 12:15:00,2022-07-25 12:00:00,9043.279999999984,8953.999999999984
sell,high_vol,bollinger,1.0,1.20728,26.4,39.599999999999994,1.5,0.34,tp,39.6,134.64,True,2022-07-25 14:15:00,2022-07-25 14:00:00,8953.999999999984,9088.639999999983
buy,high_vol,bollinger,1.0,1.20545,23.1,34.650000000000006,1.5,0.39,sl,-23.1,-90.09,False,2022-07-25 17:30:00,2022-07-25 17:15:00,9088.639999999983,8998.549999999983
buy,high_vol,bollinger,1.0,1.20366,23.3,34.95,1.5,0.39,timeout,20.9,81.51,True,2022-07-25 17:45:00,2022-07-25 17:30:00,8998.549999999983,9080.059999999983
buy,high_vol,bollinger,0.9748,1.20423,13.0,19.5,1.5,0.67,sl,-13.0,-87.1,False,2022-07-26 10:00:00,2022-07-26 09:45:00,9080.059999999983,8992.959999999983
buy,high_vol,bollinger,1.0,1.20105,20.8,31.200000000000003,1.5,0.43,sl,-20.8,-89.44,False,2022-07-26 12:30:00,2022-07-26 12:15:00,8992.959999999983,8903.519999999982
sell,low_vol,ema_flipped,1.0,1.2038,7.9,11.850000000000001,1.5,1.13,sl,-7.9,-89.27,False,2022-07-27 02:00:00,2022-07-27 01:45:00,8903.519999999982,8814.249999999982
sell,high_vol,bollinger,1.0,1.20649,22.8,34.2,1.5,0.39,sl,-22.8,-88.92,False,2022-07-27 21:15:00,2022-07-27 21:00:00,8814.249999999982,8725.329999999982
sell,high_vol,bollinger,1.0,1.21188,31.6,47.400000000000006,1.5,0.28,sl,-31.6,-88.48,False,2022-07-27 21:45:00,2022-07-27 21:30:00,8725.329999999982,8636.849999999982
sell,high_vol,bollinger,1.0,1.21653,37.4,56.099999999999994,1.5,0.23,timeout,2.4,5.52,True,2022-07-27 22:00:00,2022-07-27 21:45:00,8636.849999999982,8642.369999999983
sell,high_vol,bollinger,1.0,1.21627,10.9,16.35,1.5,0.79,tp,16.35,129.17,True,2022-07-28 02:15:00,2022-07-28 02:00:00,8642.369999999983,8771.539999999983
sell,high_vol,bollinger,1.0,1.21823,19.7,29.549999999999997,1.5,0.45,tp,29.55,132.98,True,2022-07-28 11:00:00,2022-07-28 10:45:00,8771.539999999983,8904.519999999982
buy,high_vol,bollinger,1.0,1.21296,25.2,37.8,1.5,0.35,sl,-25.2,-88.2,False,2022-07-28 13:00:00,2022-07-28 12:45:00,8904.519999999982,8816.319999999982
sell,high_vol,bollinger,0.6835,1.22239,18.1,27.150000000000002,1.5,0.27,sl,-18.1,-48.87,False,2022-07-29 09:30:00,2022-07-29 09:15:00,8816.319999999982,8767.44999999998
sell,high_vol,bollinger,1.0,1.21824,26.2,39.3,1.5,0.33,tp,39.3,129.69,True,2022-07-29 14:00:00,2022-07-29 13:45:00,8767.44999999998,8897.139999999981
buy,high_vol,bollinger,1.0,1.21157,24.9,37.349999999999994,1.5,0.36,sl,-24.9,-89.64,False,2022-07-29 15:45:00,2022-07-29 15:30:00,8897.139999999981,8807.499999999982
sell,high_vol,bollinger,1.0,1.21613,38.1,57.150000000000006,1.5,0.23,timeout,-19.2,-44.16,False,2022-07-29 18:00:00,2022-07-29 17:45:00,8807.499999999982,8763.339999999982
sell,high_vol,bollinger,1.0,1.21738,16.1,24.150000000000002,1.5,0.54,sl,-16.1,-86.94,False,2022-07-29 22:00:00,2022-07-29 21:45:00,8763.339999999982,8676.399999999981
sell,high_vol,bollinger,0.9836,1.22297,20.8,31.200000000000003,1.5,0.41,sl,-20.8,-85.28,False,2022-08-01 12:00:00,2022-08-01 11:45:00,8676.399999999981,8591.11999999998
buy,high_vol,bollinger,1.0,1.2226,21.5,32.25,1.5,0.4,tp,32.25,129.0,True,2022-08-01 14:30:00,2022-08-01 14:15:00,8591.11999999998,8720.11999999998
sell,high_vol,bollinger,1.0,1.2281,27.9,41.849999999999994,1.5,0.31,tp,41.85,129.74,True,2022-08-01 18:00:00,2022-08-01 17:45:00,8720.11999999998,8849.85999999998
buy,high_vol,bollinger,1.0,1.22648,23.1,34.650000000000006,1.5,0.38,sl,-23.1,-87.78,False,2022-08-01 20:15:00,2022-08-01 20:00:00,8849.85999999998,8762.07999999998
buy,high_vol,bollinger,0.9988,1.22546,22.6,33.900000000000006,1.5,0.39,sl,-22.6,-88.14,False,2022-08-01 20:30:00,2022-08-01 20:15:00,8762.07999999998,8673.93999999998
sell,high_vol,bollinger,0.998,1.22366,17.6,26.400000000000002,1.5,0.49,tp,26.4,129.36,True,2022-08-02 16:15:00,2022-08-02 16:00:00,8673.93999999998,8803.299999999981
buy,high_vol,bollinger,1.0,1.21949,26.5,39.75,1.5,0.33,sl,-26.5,-87.45,False,2022-08-02 17:15:00,2022-08-02 17:00:00,8803.299999999981,8715.84999999998
buy,high_vol,bollinger,1.0,1.2192,24.4,36.599999999999994,1.5,0.36,sl,-24.4,-87.84,False,2022-08-02 20:30:00,2022-08-02 20:15:00,8715.84999999998,8628.00999999998
buy,high_vol,bollinger,1.0,1.21846,21.7,32.55,1.5,0.4,sl,-21.7,-86.8,False,2022-08-02 20:45:00,2022-08-02 20:30:00,8628.00999999998,8541.209999999981
buy,high_vol,bollinger,1.0,1.21013,30.2,45.3,1.5,0.28,sl,-30.2,-84.56,False,2022-08-04 14:15:00,2022-08-04 14:00:00,8541.209999999981,8456.649999999981
sell,high_vol,bollinger,1.0,1.21395,29.7,44.55,1.5,0.28,sl,-29.7,-83.16,False,2022-08-04 18:30:00,2022-08-04 18:15:00,8456.649999999981,8373.489999999982
buy,low_vol,ema_flipped,1.0,1.21315,9.5,14.25,1.5,0.88,tp,14.25,125.4,True,2022-08-05 04:45:00,2022-08-05 04:30:00,8373.489999999982,8498.889999999981
sell,low_vol,ema_flipped,1.0,1.2158,12.9,19.35,1.5,0.66,timeout,11.7,77.22,True,2022-08-05 10:45:00,2022-08-05 10:30:00,8498.889999999981,8576.10999999998
buy,high_vol,bollinger,1.0,1.20669,22.5,33.75,1.5,0.38,sl,-22.5,-85.5,False,2022-08-05 15:45:00,2022-08-05 15:30:00,8576.10999999998,8490.60999999998
buy,high_vol,bollinger,1.0,1.20278,25.7,38.55,1.5,0.33,tp,38.55,127.21,True,2022-08-05 16:00:00,2022-08-05 15:45:00,8490.60999999998,8617.81999999998
sell,high_vol,bollinger,1.0,1.20915,24.4,36.599999999999994,1.5,0.35,tp,36.6,128.1,True,2022-08-05 20:15:00,2022-08-05 20:00:00,8617.81999999998,8745.91999999998
sell,high_vol,bollinger,1.0,1.2104,19.0,28.5,1.5,0.46,sl,-19.0,-87.4,False,2022-08-08 14:00:00,2022-08-08 13:45:00,8745.91999999998,8658.51999999998
buy,high_vol,bollinger,0.9999,1.20994,19.0,28.5,1.5,0.46,sl,-19.0,-87.4,False,2022-08-08 18:45:00,2022-08-08 18:30:00,8658.51999999998,8571.11999999998
buy,low_vol,ema_flipped,0.9995,1.20796,14.9,22.35,1.5,0.57,sl,-14.9,-84.93,False,2022-08-08 21:15:00,2022-08-08 21:00:00,8571.11999999998,8486.18999999998
sell,low_vol,ema_flipped,0.9991,1.21173,16.7,25.049999999999997,1.5,0.51,timeout,3.2,16.32,True,2022-08-09 11:45:00,2022-08-09 11:30:00,8486.18999999998,8502.50999999998
buy,high_vol,bollinger,1.0,1.20889,20.4,30.599999999999998,1.5,0.42,sl,-20.4,-85.68,False,2022-08-09 18:00:00,2022-08-09 17:45:00,8502.50999999998,8416.82999999998
buy,high_vol,bollinger,1.0,1.20725,17.4,26.099999999999998,1.5,0.48,tp,26.1,125.28,True,2022-08-09 20:45:00,2022-08-09 20:30:00,8416.82999999998,8542.10999999998
buy,high_vol,bollinger,1.0,1.20668,12.9,19.35,1.5,0.66,tp,19.35,127.71,True,2022-08-09 21:30:00,2022-08-09 21:15:00,8542.10999999998,8669.81999999998
sell,low_vol,ema_flipped,0.9999,1.20942,12.5,18.75,1.5,0.69,sl,-12.5,-86.25,False,2022-08-10 12:00:00,2022-08-10 11:45:00,8669.81999999998,8583.56999999998
sell,high_vol,bollinger,1.0,1.22417,32.1,48.150000000000006,1.5,0.27,tp,48.15,130.01,True,2022-08-10 15:45:00,2022-08-10 15:30:00,8583.56999999998,8713.57999999998
buy,high_vol,bollinger,1.0,1.22263,20.5,30.75,1.5,0.43,sl,-20.5,-88.15,False,2022-08-10 21:30:00,2022-08-10 21:15:00,8713.57999999998,8625.42999999998
buy,high_vol,bollinger,1.0,1.22032,26.6,39.900000000000006,1.5,0.32,sl,-26.6,-85.12,False,2022-08-11 18:15:00,2022-08-11 18:00:00,8625.42999999998,8540.30999999998
buy,low_vol,ema_flipped,1.0,1.21964,11.0,16.5,1.5,0.78,sl,-11.0,-85.8,False,2022-08-11 23:45:00,2022-08-11 23:30:00,8540.30999999998,8454.50999999998
buy,high_vol,bollinger,0.9984,1.21173,20.2,30.299999999999997,1.5,0.42,sl,-20.2,-84.84,False,2022-08-12 15:45:00,2022-08-12 15:30:00,8454.50999999998,8369.66999999998
sell,high_vol,bollinger,0.9968,1.20907,22.4,33.599999999999994,1.5,0.37,sl,-22.4,-82.88,False,2022-08-15 14:00:00,2022-08-15 13:45:00,8369.66999999998,8286.78999999998
sell,high_vol,bollinger,0.9862,1.21073,21.7,32.55,1.5,0.37,timeout,20.4,75.48,True,2022-08-15 16:30:00,2022-08-15 16:15:00,8286.78999999998,8362.26999999998
buy,high_vol,bollinger,0.936,1.20215,14.4,21.6,1.5,0.53,tp,21.6,114.48,True,2022-08-16 10:15:00,2022-08-16 10:00:00,8362.26999999998,8476.74999999998
sell,high_vol,bollinger,0.8433,1.20285,15.1,22.65,1.5,0.44,sl,-15.1,-66.44,False,2022-08-16 15:15:00,2022-08-16 15:00:00,8476.74999999998,8410.30999999998
sell,high_vol,bollinger,0.8763,1.20541,17.0,25.5,1.5,0.41,sl,-17.0,-69.7,False,2022-08-16 16:00:00,2022-08-16 15:45:00,8410.30999999998,8340.609999999979
sell,high_vol,bollinger,0.9997,1.21004,16.0,24.0,1.5,0.52,sl,-16.0,-83.2,False,2022-08-16 21:15:00,2022-08-16 21:00:00,8340.609999999979,8257.409999999978
buy,high_vol,bollinger,0.9998,1.20869,21.2,31.799999999999997,1.5,0.39,sl,-21.2,-82.68,False,2022-08-17 14:15:00,2022-08-17 14:00:00,8257.409999999978,8174.729999999978
buy,high_vol,bollinger,0.9999,1.20755,21.4,32.099999999999994,1.5,0.38,sl,-21.4,-81.32,False,2022-08-17 14:30:00,2022-08-17 14:15:00,8174.729999999978,8093.409999999978
buy,high_vol,bollinger,0.9999,1.20664,20.3,30.450000000000003,1.5,0.4,sl,-20.3,-81.2,False,2022-08-17 14:45:00,2022-08-17 14:30:00,8093.409999999978,8012.209999999978
buy,high_vol,bollinger,1.0,1.20452,27.1,40.650000000000006,1.5,0.3,timeout,-5.0,-15.0,False,2022-08-17 18:00:00,2022-08-17 17:45:00,8012.209999999978,7997.209999999978
sell,high_vol,bollinger,1.0,1.20767,19.2,28.799999999999997,1.5,0.42,tp,28.8,120.96,True,2022-08-17 21:15:00,2022-08-17 21:00:00,7997.209999999978,8118.169999999978
sell,high_vol,bollinger,0.9906,1.20453,19.4,29.099999999999998,1.5,0.41,sl,-19.4,-79.54,False,2022-08-18 11:15:00,2022-08-18 11:00:00,8118.169999999978,8038.629999999978
sell,high_vol,bollinger,1.0,1.20691,23.8,35.7,1.5,0.34,tp,35.7,121.38,True,2022-08-18 13:00:00,2022-08-18 12:45:00,8038.629999999978,8160.009999999978
buy,high_vol,bollinger,1.0,1.20122,21.0,31.5,1.5,0.39,sl,-21.0,-81.9,False,2022-08-18 16:45:00,2022-08-18 16:30:00,8160.009999999978,8078.109999999979
buy,high_vol,bollinger,1.0,1.19692,24.5,36.75,1.5,0.33,sl,-24.5,-80.85,False,2022-08-18 19:00:00,2022-08-18 18:45:00,8078.109999999979,7997.259999999978
buy,high_vol,bollinger,0.9977,1.18873,20.4,30.599999999999998,1.5,0.39,sl,-20.4,-79.56,False,2022-08-19 11:15:00,2022-08-19 11:00:00,7997.259999999978,7917.699999999978
buy,high_vol,bollinger,1.0,1.17796,21.1,31.650000000000002,1.5,0.38,sl,-21.1,-80.18,False,2022-08-22 17:00:00,2022-08-22 16:45:00,7917.699999999978,7837.519999999978
sell,high_vol,bollinger,1.0,1.17727,19.0,28.5,1.5,0.41,tp,28.5,116.85,True,2022-08-23 10:45:00,2022-08-23 10:30:00,7837.519999999978,7954.369999999978
sell,high_vol,bollinger,1.0,1.17984,22.6,33.900000000000006,1.5,0.35,sl,-22.6,-79.1,False,2022-08-23 16:45:00,2022-08-23 16:30:00,7954.369999999978,7875.269999999978
sell,high_vol,bollinger,1.0,1.18412,27.0,40.5,1.5,0.29,sl,-27.0,-78.3,False,2022-08-23 17:00:00,2022-08-23 16:45:00,7875.269999999978,7796.9699999999775
sell,high_vol,bollinger,1.0,1.18663,29.9,44.849999999999994,1.5,0.26,tp,44.85,116.61,True,2022-08-23 17:15:00,2022-08-23 17:00:00,7796.9699999999775,7913.579999999977
buy,low_vol,ema_flipped,0.7531,1.17815,17.6,26.400000000000002,1.5,0.29,sl,-17.6,-51.04,False,2022-08-24 13:45:00,2022-08-24 13:30:00,7913.579999999977,7862.539999999977
buy,high_vol,bollinger,1.0,1.17649,21.9,32.849999999999994,1.5,0.36,tp,32.85,118.26,True,2022-08-24 15:45:00,2022-08-24 15:30:00,7862.539999999977,7980.799999999977
sell,high_vol,bollinger,1.0,1.18165,28.6,42.900000000000006,1.5,0.28,sl,-28.6,-80.08,False,2022-08-24 18:00:00,2022-08-24 17:45:00,7980.799999999977,7900.7199999999775
sell,low_vol,ema_flipped,1.0,1.1811,9.1,13.649999999999999,1.5,0.87,sl,-9.1,-79.17,False,2022-08-25 04:00:00,2022-08-25 03:45:00,7900.7199999999775,7821.549999999977
sell,high_vol,bollinger,1.0,1.18404,23.6,35.400000000000006,1.5,0.33,tp,35.4,116.82,True,2022-08-25 17:45:00,2022-08-25 17:30:00,7821.549999999977,7938.369999999977
buy,low_vol,ema_flipped,1.0,1.18205,9.7,14.549999999999999,1.5,0.82,sl,-9.7,-79.54,False,2022-08-26 05:15:00,2022-08-26 05:00:00,7938.369999999977,7858.829999999977
sell,low_vol,ema_flipped,1.0,1.18286,10.1,15.149999999999999,1.5,0.78,tp,15.15,118.17,True,2022-08-26 06:15:00,2022-08-26 06:00:00,7858.829999999977,7976.999999999977
buy,low_vol,ema_flipped,1.0,1.18181,8.6,12.899999999999999,1.5,0.93,sl,-8.6,-79.98,False,2022-08-26 07:45:00,2022-08-26 07:30:00,7976.999999999977,7897.019999999978
sell,high_vol,bollinger,0.903,1.18179,19.6,29.400000000000002,1.5,0.35,sl,-19.6,-68.6,False,2022-08-26 12:15:00,2022-08-26 12:00:00,7897.019999999978,7828.419999999977
sell,high_vol,bollinger,0.9985,1.18334,21.3,31.950000000000003,1.5,0.37,sl,-21.3,-78.81,False,2022-08-26 12:30:00,2022-08-26 12:15:00,7828.419999999977,7749.609999999977
buy,high_vol,bollinger,0.9997,1.18215,17.7,26.549999999999997,1.5,0.44,tp,26.55,116.82,True,2022-08-26 14:45:00,2022-08-26 14:30:00,7749.609999999977,7866.429999999977
sell,high_vol,bollinger,1.0,1.18527,20.0,30.0,1.5,0.39,sl,-20.0,-78.0,False,2022-08-26 16:00:00,2022-08-26 15:45:00,7866.429999999977,7788.429999999977
sell,high_vol,bollinger,1.0,1.18641,21.4,32.099999999999994,1.5,0.36,sl,-21.4,-77.04,False,2022-08-26 16:15:00,2022-08-26 16:00:00,7788.429999999977,7711.389999999977
buy,high_vol,bollinger,1.0,1.17442,19.6,29.400000000000002,1.5,0.39,sl,-19.6,-76.44,False,2022-08-26 22:00:00,2022-08-26 21:45:00,7711.389999999977,7634.949999999977
sell,high_vol,bollinger,1.0,1.17221,22.7,34.05,1.5,0.34,sl,-22.7,-77.18,False,2022-08-29 15:30:00,2022-08-29 15:15:00,7634.949999999977,7557.769999999977
buy,high_vol,bollinger,1.0,1.17043,15.1,22.65,1.5,0.5,timeout,8.1,40.5,True,2022-08-29 21:30:00,2022-08-29 21:15:00,7557.769999999977,7598.269999999977
sell,high_vol,bollinger,1.0,1.1735,17.9,26.849999999999998,1.5,0.42,sl,-17.9,-75.18,False,2022-08-30 10:45:00,2022-08-30 10:30:00,7598.269999999977,7523.0899999999765
buy,high_vol,bollinger,1.0,1.172,24.2,36.3,1.5,0.31,sl,-24.2,-75.02,False,2022-08-30 13:45:00,2022-08-30 13:30:00,7523.0899999999765,7448.069999999976
buy,high_vol,bollinger,1.0,1.16916,22.4,33.599999999999994,1.5,0.33,sl,-22.4,-73.92,False,2022-08-30 15:45:00,2022-08-30 15:30:00,7448.069999999976,7374.149999999976
buy,high_vol,bollinger,1.0,1.16682,25.7,38.55,1.5,0.29,sl,-25.7,-74.53,False,2022-08-30 17:15:00,2022-08-30 17:00:00,7374.149999999976,7299.619999999976
buy,high_vol,bollinger,1.0,1.16278,28.7,43.05,1.5,0.25,tp,43.05,107.63,True,2022-08-30 17:45:00,2022-08-30 17:30:00,7299.619999999976,7407.249999999976
sell,high_vol,bollinger,1.0,1.16673,16.7,25.049999999999997,1.5,0.44,sl,-16.7,-73.48,False,2022-08-30 22:15:00,2022-08-30 22:00:00,7407.249999999976,7333.769999999977
sell,high_vol,bollinger,1.0,1.16368,23.2,34.8,1.5,0.32,tp,34.8,111.36,True,2022-08-31 16:00:00,2022-08-31 15:45:00,7333.769999999977,7445.1299999999765
sell,high_vol,bollinger,1.0,1.16477,31.2,46.8,1.5,0.24,tp,46.8,112.32,True,2022-08-31 17:45:00,2022-08-31 17:30:00,7445.1299999999765,7557.449999999976
buy,high_vol,bollinger,1.0,1.15844,24.8,37.2,1.5,0.3,sl,-24.8,-74.4,False,2022-09-01 13:15:00,2022-09-01 13:00:00,7557.449999999976,7483.0499999999765
buy,high_vol,bollinger,1.0,1.15798,24.5,36.75,1.5,0.31,sl,-24.5,-75.95,False,2022-09-01 13:30:00,2022-09-01 13:15:00,7483.0499999999765,7407.099999999977
buy,high_vol,bollinger,1.0,1.15674,24.6,36.900000000000006,1.5,0.3,sl,-24.6,-73.8,False,2022-09-01 13:45:00,2022-09-01 13:30:00,7407.099999999977,7333.2999999999765
buy,high_vol,bollinger,1.0,1.15162,26.1,39.150000000000006,1.5,0.28,tp,39.15,109.62,True,2022-09-01 17:15:00,2022-09-01 17:00:00,7333.2999999999765,7442.919999999976
sell,low_vol,ema_flipped,0.9972,1.15597,15.7,23.549999999999997,1.5,0.47,sl,-15.7,-73.79,False,2022-09-02 14:15:00,2022-09-02 14:00:00,7442.919999999976,7369.1299999999765
buy,low_vol,ema_flipped,0.9875,1.15538,15.8,23.700000000000003,1.5,0.46,sl,-15.8,-72.68,False,2022-09-02 14:30:00,2022-09-02 14:15:00,7369.1299999999765,7296.449999999976
buy,high_vol,bollinger,1.0,1.15394,21.8,32.7,1.5,0.33,tp,32.7,107.91,True,2022-09-02 15:45:00,2022-09-02 15:30:00,7296.449999999976,7404.359999999976
sell,high_vol,bollinger,1.0,1.15756,33.1,49.650000000000006,1.5,0.22,tp,49.65,109.23,True,2022-09-02 17:30:00,2022-09-02 17:15:00,7404.359999999976,7513.589999999976
buy,high_vol,bollinger,1.0,1.15465,32.3,48.449999999999996,1.5,0.23,sl,-32.3,-74.29,False,2022-09-02 19:30:00,2022-09-02 19:15:00,7513.589999999976,7439.299999999976
buy,high_vol,bollinger,1.0,1.15239,32.1,48.150000000000006,1.5,0.23,sl,-32.1,-73.83,False,2022-09-02 19:45:00,2022-09-02 19:30:00,7439.299999999976,7365.469999999976
buy,high_vol,bollinger,1.0,1.14978,18.5,27.75,1.5,0.4,sl,-18.5,-74.0,False,2022-09-02 22:45:00,2022-09-02 22:30:00,7365.469999999976,7291.469999999976
buy,high_vol,bollinger,1.0,1.14863,15.6,23.4,1.5,0.47,sl,-15.6,-73.32,False,2022-09-05 00:15:00,2022-09-05 00:00:00,7291.469999999976,7218.149999999976
sell,low_vol,ema_flipped,0.9417,1.15076,16.0,24.0,1.5,0.41,sl,-16.0,-65.6,False,2022-09-05 18:15:00,2022-09-05 18:00:00,7218.149999999976,7152.549999999976
sell,high_vol,bollinger,1.0,1.15488,9.7,14.549999999999999,1.5,0.74,sl,-9.7,-71.78,False,2022-09-06 01:15:00,2022-09-06 01:00:00,7152.549999999976,7080.769999999976
buy,high_vol,bollinger,1.0,1.15475,22.1,33.150000000000006,1.5,0.32,sl,-22.1,-70.72,False,2022-09-06 16:00:00,2022-09-06 15:45:00,7080.769999999976,7010.049999999976
buy,high_vol,bollinger,1.0,1.15334,22.3,33.45,1.5,0.31,sl,-22.3,-69.13,False,2022-09-06 16:15:00,2022-09-06 16:00:00,7010.049999999976,6940.9199999999755
sell,high_vol,bollinger,1.0,1.15132,19.4,29.099999999999998,1.5,0.36,tp,29.1,104.76,True,2022-09-07 11:00:00,2022-09-07 10:45:00,6940.9199999999755,7045.679999999976
buy,high_vol,bollinger,1.0,1.14684,24.0,36.0,1.5,0.29,sl,-24.0,-69.6,False,2022-09-07 12:30:00,2022-09-07 12:15:00,7045.679999999976,6976.079999999975
buy,high_vol,bollinger,1.0,1.14444,26.5,39.75,1.5,0.26,sl,-26.5,-68.9,False,2022-09-07 14:00:00,2022-09-07 13:45:00,6976.079999999975,6907.179999999976
sell,high_vol,bollinger,1.0,1.14646,29.9,44.849999999999994,1.5,0.23,sl,-29.9,-68.77,False,2022-09-07 17:45:00,2022-09-07 17:30:00,6907.179999999976,6838.409999999975
sell,high_vol,bollinger,1.0,1.14983,27.4,41.099999999999994,1.5,0.25,sl,-27.4,-68.5,False,2022-09-07 19:45:00,2022-09-07 19:30:00,6838.409999999975,6769.909999999975
sell,high_vol,bollinger,1.0,1.15189,20.8,31.200000000000003,1.5,0.33,sl,-20.8,-68.64,False,2022-09-08 13:45:00,2022-09-08 13:30:00,6769.909999999975,6701.269999999975
sell,high_vol,bollinger,1.0,1.15389,22.5,33.75,1.5,0.3,tp,33.75,101.25,True,2022-09-08 14:00:00,2022-09-08 13:45:00,6701.269999999975,6802.519999999975
buy,high_vol,bollinger,1.0,1.14672,32.6,48.900000000000006,1.5,0.21,tp,48.9,102.69,True,2022-09-08 16:15:00,2022-09-08 16:00:00,6802.519999999975,6905.209999999975
buy,high_vol,bollinger,1.0,1.14664,36.9,55.349999999999994,1.5,0.19,tp,55.35,105.17,True,2022-09-08 19:15:00,2022-09-08 19:00:00,6905.209999999975,7010.379999999975
sell,low_vol,ema_flipped,1.0,1.15122,7.0,10.5,1.5,1.0,sl,-7.0,-70.0,False,2022-09-09 01:45:00,2022-09-09 01:30:00,7010.379999999975,6940.379999999975
sell,high_vol,bollinger,0.9999,1.1617,16.9,25.349999999999998,1.5,0.41,sl,-16.9,-69.29,False,2022-09-09 10:15:00,2022-09-09 10:00:00,6940.379999999975,6871.089999999975
sell,high_vol,bollinger,0.9999,1.16321,18.2,27.299999999999997,1.5,0.38,timeout,-11.2,-42.56,False,2022-09-09 10:30:00,2022-09-09 10:15:00,6871.089999999975,6828.529999999974
buy,high_vol,bollinger,1.0,1.15844,22.0,33.0,1.5,0.31,sl,-22.0,-68.2,False,2022-09-09 14:30:00,2022-09-09 14:15:00,6828.529999999974,6760.3299999999745
buy,high_vol,bollinger,1.0,1.15696,23.5,35.25,1.5,0.29,tp,35.25,102.22,True,2022-09-09 14:45:00,2022-09-09 14:30:00,6760.3299999999745,6862.549999999975
sell,high_vol,bollinger,1.0,1.15982,28.0,42.0,1.5,0.25,sl,-28.0,-70.0,False,2022-09-09 19:00:00,2022-09-09 18:45:00,6862.549999999975,6792.549999999975
sell,high_vol,bollinger,0.9999,1.16208,15.0,22.5,1.5,0.45,sl,-15.0,-67.5,False,2022-09-12 00:15:00,2022-09-12 00:00:00,6792.549999999975,6725.049999999975
sell,high_vol,bollinger,1.0,1.16262,15.3,22.950000000000003,1.5,0.44,tp,22.95,100.98,True,2022-09-12 00:30:00,2022-09-12 00:15:00,6725.049999999975,6826.029999999974
sell,high_vol,bollinger,1.0,1.16562,18.5,27.75,1.5,0.37,sl,-18.5,-68.45,False,2022-09-12 10:00:00,2022-09-12 09:45:00,6826.029999999974,6757.5799999999745
sell,high_vol,bollinger,1.0,1.16747,21.2,31.799999999999997,1.5,0.32,sl,-21.2,-67.84,False,2022-09-12 10:15:00,2022-09-12 10:00:00,6757.5799999999745,6689.739999999974
sell,high_vol,bollinger,0.8742,1.1697,8.7,13.049999999999999,1.5,0.63,tp,13.05,82.21,True,2022-09-13 03:15:00,2022-09-13 03:00:00,6689.739999999974,6771.949999999974
sell,high_vol,bollinger,1.0,1.17226,13.9,20.85,1.5,0.49,tp,20.85,102.16,True,2022-09-13 09:15:00,2022-09-13 09:00:00,6771.949999999974,6874.109999999974
sell,high_vol,bollinger,1.0,1.17304,19.3,28.950000000000003,1.5,0.36,tp,28.95,104.22,True,2022-09-13 14:00:00,2022-09-13 13:45:00,6874.109999999974,6978.3299999999745
buy,high_vol,bollinger,1.0,1.15922,32.3,48.449999999999996,1.5,0.22,sl,-32.3,-71.06,False,2022-09-13 15:45:00,2022-09-13 15:30:00,6978.3299999999745,6907.269999999974
buy,high_vol,bollinger,1.0,1.1556,35.8,53.699999999999996,1.5,0.19,sl,-35.8,-68.02,False,2022-09-13 16:00:00,2022-09-13 15:45:00,6907.269999999974,6839.249999999974
buy,high_vol,bollinger,1.0,1.1484,19.4,29.099999999999998,1.5,0.35,tp,29.1,101.85,True,2022-09-14 09:45:00,2022-09-14 09:30:00,6839.249999999974,6941.099999999974
sell,high_vol,bollinger,1.0,1.15462,27.2,40.8,1.5,0.26,sl,-27.2,-70.72,False,2022-09-14 11:15:00,2022-09-14 11:00:00,6941.099999999974,6870.379999999974
buy,high_vol,bollinger,1.0,1.15513,19.7,29.549999999999997,1.5,0.35,sl,-19.7,-68.95,False,2022-09-14 21:00:00,2022-09-14 20:45:00,6870.379999999974,6801.429999999974
buy,high_vol,bollinger,1.0,1.15079,19.3,28.950000000000003,1.5,0.35,sl,-19.3,-67.55,False,2022-09-15 12:15:00,2022-09-15 12:00:00,6801.429999999974,6733.879999999974
buy,high_vol,bollinger,1.0,1.14715,29.3,43.95,1.5,0.23,sl,-29.3,-67.39,False,2022-09-15 19:00:00,2022-09-15 18:45:00,6733.879999999974,6666.489999999973
sell,high_vol,bollinger,1.0,1.13996,27.0,40.5,1.5,0.25,sl,-27.0,-67.5,False,2022-09-16 13:45:00,2022-09-16 13:30:00,6666.489999999973,6598.989999999973
sell,high_vol,bollinger,1.0,1.14184,23.2,34.8,1.5,0.28,sl,-23.2,-64.96,False,2022-09-16 17:15:00,2022-09-16 17:00:00,6598.989999999973,6534.029999999973
sell,high_vol,bollinger,1.0,1.14369,24.6,36.900000000000006,1.5,0.27,tp,36.9,99.63,True,2022-09-16 17:45:00,2022-09-16 17:30:00,6534.029999999973,6633.6599999999735
sell,low_vol,ema_flipped,0.9999,1.14179,14.3,21.450000000000003,1.5,0.46,sl,-14.3,-65.78,False,2022-09-19 20:30:00,2022-09-19 20:15:00,6633.6599999999735,6567.879999999974
buy,high_vol,bollinger,1.0,1.13886,22.2,33.3,1.5,0.3,sl,-22.2,-66.6,False,2022-09-20 19:15:00,2022-09-20 19:00:00,6567.879999999974,6501.279999999973
buy,high_vol,bollinger,1.0,1.13354,20.0,30.0,1.5,0.33,timeout,-12.8,-42.24,False,2022-09-21 09:45:00,2022-09-21 09:30:00,6501.279999999973,6459.039999999974
buy,high_vol,bollinger,1.0,1.1258,23.9,35.849999999999994,1.5,0.27,tp,35.85,96.79,True,2022-09-21 21:15:00,2022-09-21 21:00:00,6459.039999999974,6555.829999999974
buy,high_vol,bollinger,1.0,1.12494,14.0,21.0,1.5,0.47,sl,-14.0,-65.8,False,2022-09-22 02:30:00,2022-09-22 02:15:00,6555.829999999974,6490.029999999973
sell,high_vol,bollinger,1.0,1.1262,20.4,30.599999999999998,1.5,0.32,sl,-20.4,-65.28,False,2022-09-22 10:45:00,2022-09-22 10:30:00,6490.029999999973,6424.749999999974
sell,high_vol,bollinger,1.0,1.12948,24.5,36.75,1.5,0.26,sl,-24.5,-63.7,False,2022-09-22 11:15:00,2022-09-22 11:00:00,6424.749999999974,6361.049999999974
sell,high_vol,bollinger,1.0,1.13312,27.8,41.7,1.5,0.23,sl,-27.8,-63.94,False,2022-09-22 11:30:00,2022-09-22 11:15:00,6361.049999999974,6297.109999999974
buy,high_vol,bollinger,1.0,1.12551,18.5,27.75,1.5,0.34,sl,-18.5,-62.9,False,2022-09-22 21:15:00,2022-09-22 21:00:00,6297.109999999974,6234.209999999975
buy,high_vol,bollinger,1.0,1.11969,15.7,23.549999999999997,1.5,0.4,sl,-15.7,-62.8,False,2022-09-23 10:15:00,2022-09-23 10:00:00,6234.209999999975,6171.409999999974
buy,high_vol,bollinger,1.0,1.11035,38.2,57.300000000000004,1.5,0.16,sl,-38.2,-61.12,False,2022-09-23 12:45:00,2022-09-23 12:30:00,6171.409999999974,6110.2899999999745
buy,high_vol,bollinger,1.0,1.08146,27.4,41.099999999999994,1.5,0.22,sl,-27.4,-60.28,False,2022-09-26 00:15:00,2022-09-26 00:00:00,6110.2899999999745,6050.009999999975
buy,high_vol,bollinger,1.0,1.07817,33.2,49.800000000000004,1.5,0.18,sl,-33.2,-59.76,False,2022-09-26 02:45:00,2022-09-26 02:30:00,6050.009999999975,5990.2499999999745
buy,high_vol,bollinger,1.0,1.04009,74.0,111.0,1.5,0.08,tp,111.0,88.8,True,2022-09-26 04:00:00,2022-09-26 03:45:00,5990.2499999999745,6079.049999999975
buy,high_vol,bollinger,1.0,1.04595,136.6,204.89999999999998,1.5,0.04,tp,204.9,81.96,True,2022-09-26 06:45:00,2022-09-26 06:30:00,6079.049999999975,6161.009999999975
sell,high_vol,bollinger,1.0,1.06251,69.9,104.85000000000001,1.5,0.09,sl,-69.9,-62.91,False,2022-09-26 09:30:00,2022-09-26 09:15:00,6161.009999999975,6098.099999999975
sell,high_vol,bollinger,1.0,1.06523,80.2,120.30000000000001,1.5,0.08,sl,-80.2,-64.16,False,2022-09-26 10:00:00,2022-09-26 09:45:00,6098.099999999975,6033.939999999975
sell,high_vol,bollinger,1.0,1.07384,79.8,119.69999999999999,1.5,0.08,sl,-79.8,-63.84,False,2022-09-26 10:30:00,2022-09-26 10:15:00,6033.939999999975,5970.099999999975
buy,high_vol,bollinger,1.0,1.06513,91.9,137.85000000000002,1.5,0.06,tp,137.85,82.71,True,2022-09-26 18:45:00,2022-09-26 18:30:00,5970.099999999975,6052.809999999975
buy,high_vol,bollinger,1.0,1.06499,24.0,36.0,1.5,0.25,tp,36.0,90.0,True,2022-09-27 01:30:00,2022-09-27 01:15:00,6052.809999999975,6142.809999999975
sell,high_vol,bollinger,1.0,1.07649,28.3,42.45,1.5,0.22,sl,-28.3,-62.26,False,2022-09-27 03:00:00,2022-09-27 02:45:00,6142.809999999975,6080.549999999975
buy,high_vol,bollinger,1.0,1.07479,30.8,46.2,1.5,0.2,tp,46.2,92.4,True,2022-09-27 05:15:00,2022-09-27 05:00:00,6080.549999999975,6172.949999999974
sell,high_vol,bollinger,1.0,1.08205,24.0,36.0,1.5,0.26,tp,36.0,93.6,True,2022-09-27 08:45:00,2022-09-27 08:30:00,6172.949999999974,6266.549999999975
buy,high_vol,bollinger,1.0,1.07717,34.9,52.349999999999994,1.5,0.18,sl,-34.9,-62.82,False,2022-09-27 16:00:00,2022-09-27 15:45:00,6266.549999999975,6203.729999999975
buy,high_vol,bollinger,1.0,1.07069,48.2,72.30000000000001,1.5,0.13,sl,-48.2,-62.66,False,2022-09-27 19:30:00,2022-09-27 19:15:00,6203.729999999975,6141.069999999975
sell,high_vol,bollinger,1.0,1.07297,33.0,49.5,1.5,0.19,timeout,0.7,1.33,True,2022-09-27 22:00:00,2022-09-27 21:45:00,6141.069999999975,6142.399999999975
sell,high_vol,bollinger,1.0,1.07191,58.1,87.15,1.5,0.11,tp,87.15,95.87,True,2022-09-28 13:15:00,2022-09-28 13:00:00,6142.399999999975,6238.269999999975
buy,high_vol,bollinger,1.0,1.05752,76.6,114.89999999999999,1.5,0.08,tp,114.9,91.92,True,2022-09-28 14:15:00,2022-09-28 14:00:00,6238.269999999975,6330.189999999975
buy,high_vol,bollinger,1.0,1.05485,78.0,117.0,1.5,0.08,tp,117.0,93.6,True,2022-09-28 14:30:00,2022-09-28 14:15:00,6330.189999999975,6423.789999999975
sell,high_vol,bollinger,1.0,1.08289,68.3,102.44999999999999,1.5,0.09,sl,-68.3,-61.47,False,2022-09-28 19:00:00,2022-09-28 18:45:00,6423.789999999975,6362.319999999975
buy,high_vol,bollinger,0.9999,1.07672,19.7,29.549999999999997,1.5,0.32,tp,29.55,94.56,True,2022-09-29 08:45:00,2022-09-29 08:30:00,6362.319999999975,6456.879999999976
sell,high_vol,bollinger,1.0,1.08338,37.2,55.800000000000004,1.5,0.17,sl,-37.2,-63.24,False,2022-09-29 12:15:00,2022-09-29 12:00:00,6456.879999999976,6393.639999999976
sell,high_vol,bollinger,1.0,1.08436,39.0,58.5,1.5,0.16,sl,-39.0,-62.4,False,2022-09-29 12:30:00,2022-09-29 12:15:00,6393.639999999976,6331.239999999976
sell,high_vol,bollinger,1.0,1.0894,43.9,65.85,1.5,0.14,tp,65.85,92.19,True,2022-09-29 12:45:00,2022-09-29 12:30:00,6331.239999999976,6423.429999999976
sell,high_vol,bollinger,1.0,1.09606,46.5,69.75,1.5,0.14,sl,-46.5,-65.1,False,2022-09-29 16:30:00,2022-09-29 16:15:00,6423.429999999976,6358.329999999975
sell,high_vol,bollinger,1.0,1.10768,34.2,51.300000000000004,1.5,0.19,sl,-34.2,-64.98,False,2022-09-29 22:45:00,2022-09-29 22:30:00,6358.329999999975,6293.349999999976
sell,high_vol,bollinger,1.0,1.11141,26.8,40.2,1.5,0.23,sl,-26.8,-61.64,False,2022-09-30 00:00:00,2022-09-29 23:45:00,6293.349999999976,6231.7099999999755
buy,high_vol,bollinger,1.0,1.10842,40.1,60.150000000000006,1.5,0.16,tp,60.15,96.24,True,2022-09-30 05:30:00,2022-09-30 05:15:00,6231.7099999999755,6327.949999999975
sell,high_vol,bollinger,1.0,1.1142,35.0,52.5,1.5,0.18,sl,-35.0,-63.0,False,2022-09-30 08:30:00,2022-09-30 08:15:00,6327.949999999975,6264.949999999975
buy,high_vol,bollinger,1.0,1.10928,50.8,76.19999999999999,1.5,0.12,sl,-50.8,-60.96,False,2022-09-30 13:30:00,2022-09-30 13:15:00,6264.949999999975,6203.989999999975
sell,high_vol,bollinger,1.0,1.11327,52.5,78.75,1.5,0.12,sl,-52.5,-63.0,False,2022-09-30 17:00:00,2022-09-30 16:45:00,6203.989999999975,6140.989999999975
sell,high_vol,bollinger,1.0,1.11849,26.6,39.900000000000006,1.5,0.23,sl,-26.6,-61.18,False,2022-10-03 08:45:00,2022-10-03 08:30:00,6140.989999999975,6079.809999999975
sell,high_vol,bollinger,1.0,1.12479,35.6,53.400000000000006,1.5,0.17,tp,53.4,90.78,True,2022-10-03 09:00:00,2022-10-03 08:45:00,6079.809999999975,6170.589999999975
sell,high_vol,bollinger,1.0,1.12546,37.6,56.400000000000006,1.5,0.16,sl,-37.6,-60.16,False,2022-10-03 17:15:00,2022-10-03 17:00:00,6170.589999999975,6110.429999999975
sell,high_vol,bollinger,1.0,1.12778,40.2,60.300000000000004,1.5,0.15,sl,-40.2,-60.3,False,2022-10-03 17:30:00,2022-10-03 17:15:00,6110.429999999975,6050.129999999975
sell,high_vol,bollinger,1.0,1.13255,46.7,70.05000000000001,1.5,0.13,timeout,5.4,7.02,True,2022-10-03 18:15:00,2022-10-03 18:00:00,6050.129999999975,6057.149999999975
sell,high_vol,bollinger,1.0,1.13028,29.6,44.400000000000006,1.5,0.2,sl,-29.6,-59.2,False,2022-10-03 21:30:00,2022-10-03 21:15:00,6057.149999999975,5997.949999999975
sell,high_vol,bollinger,1.0,1.132,26.0,39.0,1.5,0.23,timeout,-0.1,-0.23,False,2022-10-03 21:45:00,2022-10-03 21:30:00,5997.949999999975,5997.719999999976
sell,high_vol,bollinger,0.9997,1.13579,25.8,38.7,1.5,0.23,sl,-25.8,-59.34,False,2022-10-04 09:00:00,2022-10-04 08:45:00,5997.719999999976,5938.379999999976
buy,low_vol,ema_flipped,0.9497,1.13692,31.8,47.7,1.5,0.17,sl,-31.8,-54.06,False,2022-10-05 13:45:00,2022-10-05 13:30:00,5938.379999999976,5884.319999999975
sell,low_vol,ema_flipped,1.0,1.13757,24.4,36.599999999999994,1.5,0.24,tp,36.6,87.84,True,2022-10-06 06:30:00,2022-10-06 06:15:00,5884.319999999975,5972.159999999975
buy,low_vol,ema_flipped,1.0,1.13194,20.5,30.75,1.5,0.29,tp,30.75,89.17,True,2022-10-06 09:30:00,2022-10-06 09:15:00,5972.159999999975,6061.329999999975
buy,high_vol,bollinger,1.0,1.11322,43.7,65.55000000000001,1.5,0.14,tp,65.55,91.77,True,2022-10-06 19:00:00,2022-10-06 18:45:00,6061.329999999975,6153.099999999976
buy,high_vol,bollinger,1.0,1.113,30.8,46.2,1.5,0.2,sl,-30.8,-61.6,False,2022-10-07 15:45:00,2022-10-07 15:30:00,6153.099999999976,6091.499999999975
buy,high_vol,bollinger,1.0,1.10105,22.4,33.599999999999994,1.5,0.27,tp,33.6,90.72,True,2022-10-11 09:15:00,2022-10-11 09:00:00,6091.499999999975,6182.219999999976
sell,low_vol,ema_flipped,1.0,1.10888,29.9,44.849999999999994,1.5,0.21,tp,44.85,94.19,True,2022-10-11 15:00:00,2022-10-11 14:45:00,6182.219999999976,6276.409999999975
sell,high_vol,bollinger,1.0,1.1132,34.1,51.150000000000006,1.5,0.18,sl,-34.1,-61.38,False,2022-10-11 18:45:00,2022-10-11 18:30:00,6276.409999999975,6215.029999999975
sell,high_vol,bollinger,1.0,1.1165,36.1,54.150000000000006,1.5,0.17,tp,54.15,92.05,True,2022-10-11 19:00:00,2022-10-11 18:45:00,6215.029999999975,6307.079999999975
buy,high_vol,bollinger,1.0,1.10207,42.6,63.900000000000006,1.5,0.15,sl,-42.6,-63.9,False,2022-10-11 22:00:00,2022-10-11 21:45:00,6307.079999999975,6243.179999999976
sell,high_vol,bollinger,1.0,1.10191,35.4,53.099999999999994,1.5,0.18,timeout,12.6,22.68,True,2022-10-12 07:15:00,2022-10-12 07:00:00,6243.179999999976,6265.859999999976
sell,high_vol,bollinger,1.0,1.10496,51.7,77.55000000000001,1.5,0.12,sl,-51.7,-62.04,False,2022-10-12 11:30:00,2022-10-12 11:15:00,6265.859999999976,6203.819999999976
sell,high_vol,bollinger,1.0,1.10717,36.4,54.599999999999994,1.5,0.17,sl,-36.4,-61.88,False,2022-10-12 18:00:00,2022-10-12 17:45:00,6203.819999999976,6141.939999999976
sell,high_vol,bollinger,0.9998,1.108,36.4,54.599999999999994,1.5,0.17,sl,-36.4,-61.88,False,2022-10-12 18:15:00,2022-10-12 18:00:00,6141.939999999976,6080.059999999976
sell,high_vol,bollinger,1.0,1.11252,34.8,52.199999999999996,1.5,0.17,tp,52.2,88.74,True,2022-10-12 21:15:00,2022-10-12 21:00:00,6080.059999999976,6168.799999999976
sell,high_vol,bollinger,1.0,1.12637,41.1,61.650000000000006,1.5,0.15,tp,61.65,92.47,True,2022-10-13 14:45:00,2022-10-13 14:30:00,6168.799999999976,6261.269999999976
sell,high_vol,bollinger,1.0,1.1291,73.0,109.5,1.5,0.09,sl,-73.0,-65.7,False,2022-10-13 18:15:00,2022-10-13 18:00:00,6261.269999999976,6195.569999999976
buy,high_vol,bollinger,0.9026,1.12403,44.6,66.9,1.5,0.12,tp,66.9,80.28,True,2022-10-14 12:30:00,2022-10-14 12:15:00,6195.569999999976,6275.849999999976
buy,high_vol,bollinger,1.0,1.11937,52.1,78.15,1.5,0.12,tp,78.15,93.78,True,2022-10-14 14:45:00,2022-10-14 14:30:00,6275.849999999976,6369.629999999976
sell,low_vol,ema_flipped,1.0,1.12298,20.4,30.599999999999998,1.5,0.31,sl,-20.4,-63.24,False,2022-10-17 05:30:00,2022-10-17 05:15:00,6369.629999999976,6306.389999999976
sell,high_vol,bollinger,0.7193,1.13162,36.8,55.199999999999996,1.5,0.1,tp,55.2,55.2,True,2022-10-17 13:15:00,2022-10-17 13:00:00,6306.389999999976,6361.589999999976
buy,low_vol,ema_flipped,0.658,1.12877,41.4,62.099999999999994,1.5,0.08,timeout,-30.0,-24.0,False,2022-10-18 12:45:00,2022-10-18 12:30:00,6361.589999999976,6337.589999999976
sell,low_vol,ema_flipped,1.0,1.13328,12.8,19.200000000000003,1.5,0.5,sl,-12.8,-64.0,False,2022-10-19 02:00:00,2022-10-19 01:45:00,6337.589999999976,6273.589999999976
buy,low_vol,ema_flipped,0.9769,1.13011,17.3,25.950000000000003,1.5,0.35,sl,-17.3,-60.55,False,2022-10-19 09:15:00,2022-10-19 09:00:00,6273.589999999976,6213.039999999975
sell,high_vol,bollinger,0.9996,1.13305,47.0,70.5,1.5,0.13,tp,70.5,91.65,True,2022-10-20 17:30:00,2022-10-20 17:15:00,6213.039999999975,6304.689999999975
buy,low_vol,ema_flipped,0.9993,1.12109,26.0,39.0,1.5,0.24,sl,-26.0,-62.4,False,2022-10-20 22:30:00,2022-10-20 22:15:00,6304.689999999975,6242.289999999975
sell,high_vol,bollinger,1.0,1.12883,73.5,110.25,1.5,0.08,sl,-73.5,-58.8,False,2022-10-21 19:00:00,2022-10-21 18:45:00,6242.289999999975,6183.489999999975
sell,high_vol,bollinger,1.0,1.12927,41.0,61.5,1.5,0.15,sl,-41.0,-61.5,False,2022-10-21 22:15:00,2022-10-21 22:00:00,6183.489999999975,6121.989999999975
sell,high_vol,bollinger,1.0,1.13798,32.2,48.300000000000004,1.5,0.19,tp,48.3,91.77,True,2022-10-24 00:15:00,2022-10-24 00:00:00,6121.989999999975,6213.759999999976
buy,high_vol,bollinger,1.0,1.1314,38.1,57.150000000000006,1.5,0.16,tp,57.15,91.44,True,2022-10-24 05:15:00,2022-10-24 05:00:00,6213.759999999976,6305.199999999975
buy,low_vol,ema_flipped,0.9999,1.12761,39.4,59.099999999999994,1.5,0.16,tp,59.1,94.56,True,2022-10-24 20:00:00,2022-10-24 19:45:00,6305.199999999975,6399.759999999976
sell,low_vol,ema_flipped,1.0,1.13068,11.5,17.25,1.5,0.56,sl,-11.5,-64.4,False,2022-10-25 02:30:00,2022-10-25 02:15:00,6399.759999999976,6335.359999999976
buy,low_vol,ema_flipped,1.0,1.12798,15.0,22.5,1.5,0.42,tp,22.5,94.5,True,2022-10-25 09:15:00,2022-10-25 09:00:00,6335.359999999976,6429.859999999976
sell,low_vol,ema_flipped,1.0,1.13086,24.5,36.75,1.5,0.26,sl,-24.5,-63.7,False,2022-10-25 11:30:00,2022-10-25 11:15:00,6429.859999999976,6366.159999999976
sell,high_vol,bollinger,0.9999,1.15485,26.4,39.599999999999994,1.5,0.24,sl,-26.4,-63.36,False,2022-10-26 10:30:00,2022-10-26 10:15:00,6366.159999999976,6302.7999999999765
sell,high_vol,bollinger,0.6524,1.15754,29.5,44.25,1.5,0.11,sl,-29.5,-32.45,False,2022-10-26 10:45:00,2022-10-26 10:30:00,6302.7999999999765,6270.349999999977
buy,low_vol,ema_flipped,1.0,1.15605,24.0,36.0,1.5,0.26,tp,36.0,93.6,True,2022-10-27 14:00:00,2022-10-27 13:45:00,6270.349999999977,6363.949999999977
sell,low_vol,ema_flipped,0.7827,1.16181,39.4,59.099999999999994,1.5,0.11,tp,59.1,65.01,True,2022-10-27 17:15:00,2022-10-27 17:00:00,6363.949999999977,6428.959999999977
sell,low_vol,ema_flipped,0.9991,1.15865,42.0,63.0,1.5,0.15,timeout,-24.5,-36.75,False,2022-10-28 18:30:00,2022-10-28 18:15:00,6428.959999999977,6392.209999999977
buy,low_vol,ema_flipped,1.0,1.1547,18.7,28.049999999999997,1.5,0.34,sl,-18.7,-63.58,False,2022-10-31 12:00:00,2022-10-31 11:45:00,6392.209999999977,6328.629999999977
sell,low_vol,ema_flipped,1.0,1.15411,16.6,24.900000000000002,1.5,0.38,tp,24.9,94.62,True,2022-11-01 09:45:00,2022-11-01 09:30:00,6328.629999999977,6423.249999999977
buy,high_vol,bollinger,1.0,1.14998,25.0,37.5,1.5,0.26,sl,-25.0,-65.0,False,2022-11-01 17:15:00,2022-11-01 17:00:00,6423.249999999977,6358.249999999977
sell,high_vol,bollinger,0.9994,1.14841,32.9,49.349999999999994,1.5,0.19,timeout,2.6,4.94,True,2022-11-01 21:00:00,2022-11-01 20:45:00,6358.249999999977,6363.189999999977
sell,low_vol,ema_flipped,1.0,1.15159,12.2,18.299999999999997,1.5,0.52,tp,18.3,95.16,True,2022-11-02 06:15:00,2022-11-02 06:00:00,6363.189999999977,6458.349999999977
buy,low_vol,ema_flipped,1.0,1.14942,15.2,22.799999999999997,1.5,0.42,tp,22.8,95.76,True,2022-11-02 11:00:00,2022-11-02 10:45:00,6458.349999999977,6554.109999999977
sell,low_vol,ema_flipped,0.9998,1.15173,17.7,26.549999999999997,1.5,0.37,tp,26.55,98.24,True,2022-11-02 11:30:00,2022-11-02 11:15:00,6554.109999999977,6652.349999999977
buy,low_vol,ema_flipped,1.0,1.14892,19.4,29.099999999999998,1.5,0.34,sl,-19.4,-65.96,False,2022-11-02 13:15:00,2022-11-02 13:00:00,6652.349999999977,6586.389999999977
sell,low_vol,ema_flipped,1.0,1.15144,21.3,31.950000000000003,1.5,0.31,tp,31.95,99.05,True,2022-11-02 14:15:00,2022-11-02 14:00:00,6586.389999999977,6685.439999999977
buy,low_vol,ema_flipped,1.0,1.14951,21.9,32.849999999999994,1.5,0.31,sl,-21.9,-67.89,False,2022-11-02 15:30:00,2022-11-02 15:15:00,6685.439999999977,6617.5499999999765
sell,high_vol,bollinger,1.0,1.15391,27.0,40.5,1.5,0.25,tp,40.5,101.25,True,2022-11-02 21:15:00,2022-11-02 21:00:00,6617.5499999999765,6718.7999999999765
buy,high_vol,bollinger,1.0,1.13805,11.8,17.700000000000003,1.5,0.57,tp,17.7,100.89,True,2022-11-03 02:15:00,2022-11-03 02:00:00,6718.7999999999765,6819.689999999977
buy,high_vol,bollinger,1.0,1.11865,38.5,57.75,1.5,0.18,timeout,-23.5,-42.3,False,2022-11-03 15:45:00,2022-11-03 15:30:00,6819.689999999977,6777.389999999977
buy,high_vol,bollinger,1.0,1.11636,39.5,59.25,1.5,0.17,tp,59.25,100.72,True,2022-11-03 16:00:00,2022-11-03 15:45:00,6777.389999999977,6878.109999999977
sell,high_vol,bollinger,1.0,1.12662,39.1,58.650000000000006,1.5,0.18,sl,-39.1,-70.38,False,2022-11-04 16:00:00,2022-11-04 15:45:00,6878.109999999977,6807.729999999977
sell,high_vol,bollinger,1.0,1.12843,41.4,62.099999999999994,1.5,0.16,sl,-41.4,-66.24,False,2022-11-04 16:15:00,2022-11-04 16:00:00,6807.729999999977,6741.489999999977
buy,high_vol,bollinger,1.0,1.1307,27.1,40.650000000000006,1.5,0.25,tp,40.65,101.62,True,2022-11-07 00:15:00,2022-11-07 00:00:00,6741.489999999977,6843.109999999977
buy,high_vol,bollinger,1.0,1.13076,29.6,44.400000000000006,1.5,0.23,tp,44.4,102.12,True,2022-11-07 03:30:00,2022-11-07 03:15:00,6843.109999999977,6945.229999999977
sell,high_vol,bollinger,1.0,1.13695,25.1,37.650000000000006,1.5,0.28,sl,-25.1,-70.28,False,2022-11-07 10:30:00,2022-11-07 10:15:00,6945.229999999977,6874.949999999977
sell,high_vol,bollinger,0.9999,1.13931,27.2,40.8,1.5,0.25,sl,-27.2,-68.0,False,2022-11-07 10:45:00,2022-11-07 10:30:00,6874.949999999977,6806.949999999977
sell,high_vol,bollinger,1.0,1.1488,31.6,47.400000000000006,1.5,0.22,sl,-31.6,-69.52,False,2022-11-07 19:15:00,2022-11-07 19:00:00,6806.949999999977,6737.429999999977
sell,high_vol,bollinger,0.9886,1.15034,31.4,47.099999999999994,1.5,0.21,sl,-31.4,-65.94,False,2022-11-07 19:30:00,2022-11-07 19:15:00,6737.429999999977,6671.489999999977
buy,low_vol,ema_flipped,0.9997,1.14411,25.6,38.400000000000006,1.5,0.26,tp,38.4,99.84,True,2022-11-08 15:00:00,2022-11-08 14:45:00,6671.489999999977,6771.329999999977
sell,high_vol,bollinger,0.9999,1.15099,27.1,40.650000000000006,1.5,0.25,sl,-27.1,-67.75,False,2022-11-08 17:15:00,2022-11-08 17:00:00,6771.329999999977,6703.579999999977
buy,high_vol,bollinger,1.0,1.1477,29.6,44.400000000000006,1.5,0.23,sl,-29.6,-68.08,False,2022-11-09 11:45:00,2022-11-09 11:30:00,6703.579999999977,6635.499999999977
buy,high_vol,bollinger,1.0,1.14121,31.4,47.099999999999994,1.5,0.21,sl,-31.4,-65.94,False,2022-11-09 15:30:00,2022-11-09 15:15:00,6635.499999999977,6569.559999999978
buy,high_vol,bollinger,1.0,1.13615,38.6,57.900000000000006,1.5,0.17,tp,57.9,98.43,True,2022-11-09 17:45:00,2022-11-09 17:30:00,6569.559999999978,6667.989999999978
sell,high_vol,bollinger,1.0,1.15911,46.5,69.75,1.5,0.14,sl,-46.5,-65.1,False,2022-11-10 15:45:00,2022-11-10 15:30:00,6667.989999999978,6602.889999999978
buy,high_vol,bollinger,1.0,1.16389,35.4,53.099999999999994,1.5,0.19,tp,53.1,100.89,True,2022-11-10 19:45:00,2022-11-10 19:30:00,6602.889999999978,6703.779999999978
sell,high_vol,bollinger,0.8128,1.17248,27.0,40.5,1.5,0.18,sl,-27.0,-48.6,False,2022-11-11 09:30:00,2022-11-11 09:15:00,6703.779999999978,6655.179999999978
sell,high_vol,bollinger,0.9999,1.17445,29.7,44.55,1.5,0.22,sl,-29.7,-65.34,False,2022-11-11 10:00:00,2022-11-11 09:45:00,6655.179999999978,6589.839999999977
buy,high_vol,bollinger,1.0,1.17464,31.5,47.25,1.5,0.21,tp,47.25,99.23,True,2022-11-11 16:30:00,2022-11-11 16:15:00,6589.839999999977,6689.069999999977
buy,high_vol,bollinger,1.0,1.17186,34.7,52.050000000000004,1.5,0.19,tp,52.05,98.89,True,2022-11-11 16:45:00,2022-11-11 16:30:00,6689.069999999977,6787.959999999977
sell,high_vol,bollinger,1.0,1.18283,31.4,47.099999999999994,1.5,0.22,tp,47.1,103.62,True,2022-11-11 20:30:00,2022-11-11 20:15:00,6787.959999999977,6891.579999999977
buy,high_vol,bollinger,0.9913,1.17909,20.4,30.599999999999998,1.5,0.33,sl,-20.4,-67.32,False,2022-11-14 00:15:00,2022-11-14 00:00:00,6891.579999999977,6824.2599999999775
buy,high_vol,bollinger,1.0,1.17712,21.3,31.950000000000003,1.5,0.32,tp,31.95,102.24,True,2022-11-14 00:30:00,2022-11-14 00:15:00,6824.2599999999775,6926.499999999977
buy,high_vol,bollinger,1.0,1.17616,31.0,46.5,1.5,0.22,tp,46.5,102.3,True,2022-11-14 12:15:00,2022-11-14 12:00:00,6926.499999999977,7028.799999999977
sell,high_vol,bollinger,1.0,1.18091,33.4,50.099999999999994,1.5,0.21,tp,50.1,105.21,True,2022-11-14 15:00:00,2022-11-14 14:45:00,7028.799999999977,7134.0099999999775
sell,low_vol,ema_flipped,0.9991,1.17874,25.8,38.7,1.5,0.28,tp,38.7,108.36,True,2022-11-14 21:15:00,2022-11-14 21:00:00,7134.0099999999775,7242.369999999977
buy,low_vol,ema_flipped,1.0,1.17496,16.5,24.75,1.5,0.44,tp,24.75,108.9,True,2022-11-15 00:15:00,2022-11-15 00:00:00,7242.369999999977,7351.269999999977
sell,low_vol,ema_flipped,1.0,1.1765,17.9,26.849999999999998,1.5,0.41,sl,-17.9,-73.39,False,2022-11-15 06:00:00,2022-11-15 05:45:00,7351.269999999977,7277.8799999999765
sell,high_vol,bollinger,0.6999,1.19045,28.1,42.150000000000006,1.5,0.15,sl,-28.1,-42.15,False,2022-11-15 14:45:00,2022-11-15 14:30:00,7277.8799999999765,7235.729999999977
sell,high_vol,bollinger,1.0,1.19701,42.0,63.0,1.5,0.17,tp,63.0,107.1,True,2022-11-15 15:45:00,2022-11-15 15:30:00,7235.729999999977,7342.829999999977
buy,high_vol,bollinger,1.0,1.18295,38.3,57.449999999999996,1.5,0.19,sl,-38.3,-72.77,False,2022-11-15 20:30:00,2022-11-15 20:15:00,7342.829999999977,7270.059999999977
sell,high_vol,bollinger,1.0,1.18781,15.7,23.549999999999997,1.5,0.46,tp,23.55,108.33,True,2022-11-16 02:00:00,2022-11-16 01:45:00,7270.059999999977,7378.389999999977
sell,high_vol,bollinger,1.0,1.19218,39.4,59.099999999999994,1.5,0.19,tp,59.1,112.29,True,2022-11-16 12:15:00,2022-11-16 12:00:00,7378.389999999977,7490.679999999977
buy,high_vol,bollinger,1.0,1.18729,29.7,44.55,1.5,0.25,sl,-29.7,-74.25,False,2022-11-16 16:00:00,2022-11-16 15:45:00,7490.679999999977,7416.429999999977
sell,low_vol,ema_flipped,1.0,1.18785,9.7,14.549999999999999,1.5,0.76,sl,-9.7,-73.72,False,2022-11-18 02:30:00,2022-11-18 02:15:00,7416.429999999977,7342.709999999976
sell,high_vol,bollinger,0.7921,1.19335,29.3,43.95,1.5,0.18,timeout,5.8,10.44,True,2022-11-18 11:30:00,2022-11-18 11:15:00,7342.709999999976,7353.149999999976
buy,low_vol,ema_flipped,1.0,1.18841,14.5,21.75,1.5,0.51,sl,-14.5,-73.95,False,2022-11-18 23:00:00,2022-11-18 22:45:00,7353.149999999976,7279.199999999976
sell,low_vol,ema_flipped,1.0,1.18537,11.9,17.85,1.5,0.61,tp,17.85,108.88,True,2022-11-22 03:15:00,2022-11-22 03:00:00,7279.199999999976,7388.079999999976
sell,high_vol,bollinger,1.0,1.20188,25.5,38.25,1.5,0.29,sl,-25.5,-73.95,False,2022-11-23 17:00:00,2022-11-23 16:45:00,7388.079999999976,7314.1299999999765
sell,high_vol,bollinger,1.0,1.20633,32.0,48.0,1.5,0.23,sl,-32.0,-73.6,False,2022-11-23 17:45:00,2022-11-23 17:30:00,7314.1299999999765,7240.529999999976
sell,high_vol,bollinger,1.0,1.20489,24.6,36.900000000000006,1.5,0.29,sl,-24.6,-71.34,False,2022-11-23 21:15:00,2022-11-23 21:00:00,7240.529999999976,7169.189999999976
sell,high_vol,bollinger,1.0,1.20592,24.5,36.75,1.5,0.29,sl,-24.5,-71.05,False,2022-11-23 21:30:00,2022-11-23 21:15:00,7169.189999999976,7098.139999999976
sell,high_vol,bollinger,0.7279,1.21413,23.3,34.95,1.5,0.19,tp,34.95,66.41,True,2022-11-24 16:30:00,2022-11-24 16:15:00,7098.139999999976,7164.549999999976
buy,low_vol,ema_flipped,1.0,1.20934,21.4,32.099999999999994,1.5,0.33,sl,-21.4,-70.62,False,2022-11-25 14:45:00,2022-11-25 14:30:00,7164.549999999976,7093.929999999976
buy,high_vol,bollinger,0.9774,1.20669,23.5,35.25,1.5,0.29,sl,-23.5,-68.15,False,2022-11-28 00:15:00,2022-11-28 00:00:00,7093.929999999976,7025.779999999976
sell,low_vol,ema_flipped,0.9998,1.20986,24.1,36.150000000000006,1.5,0.29,tp,36.15,104.83,True,2022-11-28 11:30:00,2022-11-28 11:15:00,7025.779999999976,7130.609999999976
buy,low_vol,ema_flipped,0.9996,1.20441,27.4,41.099999999999994,1.5,0.26,timeout,-7.0,-18.2,False,2022-11-28 16:30:00,2022-11-28 16:15:00,7130.609999999976,7112.409999999976
sell,low_vol,ema_flipped,0.8102,1.20501,28.4,42.599999999999994,1.5,0.18,tp,42.6,76.68,True,2022-11-29 11:00:00,2022-11-29 10:45:00,7112.409999999976,7189.0899999999765
buy,high_vol,bollinger,1.0,1.19618,31.8,47.7,1.5,0.23,tp,47.7,109.71,True,2022-11-29 16:30:00,2022-11-29 16:15:00,7189.0899999999765,7298.7999999999765
buy,high_vol,bollinger,0.9998,1.19541,29.5,44.25,1.5,0.25,tp,44.25,110.62,True,2022-11-29 20:30:00,2022-11-29 20:15:00,7298.7999999999765,7409.419999999976
sell,low_vol,ema_flipped,0.9953,1.20137,25.9,38.849999999999994,1.5,0.28,tp,38.85,108.78,True,2022-11-30 12:00:00,2022-11-30 11:45:00,7409.419999999976,7518.199999999976
buy,high_vol,bollinger,1.0,1.19605,30.7,46.05,1.5,0.24,sl,-30.7,-73.68,False,2022-11-30 17:15:00,2022-11-30 17:00:00,7518.199999999976,7444.519999999976
sell,high_vol,bollinger,1.0,1.20001,38.3,57.449999999999996,1.5,0.19,sl,-38.3,-72.77,False,2022-11-30 20:45:00,2022-11-30 20:30:00,7444.519999999976,7371.749999999975
sell,high_vol,bollinger,1.0,1.20716,19.6,29.400000000000002,1.5,0.38,sl,-19.6,-74.48,False,2022-12-01 01:15:00,2022-12-01 01:00:00,7371.749999999975,7297.269999999976
buy,high_vol,bollinger,1.0,1.2155,34.0,51.0,1.5,0.21,tp,51.0,107.1,True,2022-12-02 15:45:00,2022-12-02 15:30:00,7297.269999999976,7404.369999999976
sell,high_vol,bollinger,1.0,1.22486,52.4,78.6,1.5,0.14,timeout,-40.4,-56.56,False,2022-12-02 18:30:00,2022-12-02 18:15:00,7404.369999999976,7347.809999999976
sell,high_vol,bollinger,1.0,1.22757,53.4,80.1,1.5,0.14,timeout,-13.3,-18.62,False,2022-12-02 18:45:00,2022-12-02 18:30:00,7347.809999999976,7329.189999999976
buy,low_vol,ema_flipped,0.9167,1.22641,32.0,48.0,1.5,0.2,tp,48.0,96.0,True,2022-12-05 13:15:00,2022-12-05 13:00:00,7329.189999999976,7425.189999999976
sell,high_vol,bollinger,1.0,1.22534,36.1,54.150000000000006,1.5,0.21,tp,54.15,113.71,True,2022-12-06 18:15:00,2022-12-06 18:00:00,7425.189999999976,7538.899999999976
buy,low_vol,ema_flipped,1.0,1.21725,19.8,29.700000000000003,1.5,0.38,tp,29.7,112.86,True,2022-12-08 12:00:00,2022-12-08 11:45:00,7538.899999999976,7651.759999999976
sell,low_vol,ema_flipped,0.9861,1.22117,27.1,40.650000000000006,1.5,0.28,sl,-27.1,-75.88,False,2022-12-08 16:00:00,2022-12-08 15:45:00,7651.759999999976,7575.879999999976
buy,low_vol,ema_flipped,1.0,1.22356,11.9,17.85,1.5,0.64,sl,-11.9,-76.16,False,2022-12-12 02:00:00,2022-12-12 01:45:00,7575.879999999976,7499.719999999976
sell,low_vol,ema_flipped,0.9998,1.22729,23.7,35.55,1.5,0.32,sl,-23.7,-75.84,False,2022-12-12 12:00:00,2022-12-12 11:45:00,7499.719999999976,7423.879999999976
sell,high_vol,bollinger,0.9999,1.22859,24.7,37.05,1.5,0.3,sl,-24.7,-74.1,False,2022-12-13 12:30:00,2022-12-13 12:15:00,7423.879999999976,7349.779999999975
sell,high_vol,bollinger,1.0,1.24265,36.6,54.900000000000006,1.5,0.2,tp,54.9,109.8,True,2022-12-13 15:45:00,2022-12-13 15:30:00,7349.779999999975,7459.579999999975
buy,high_vol,bollinger,1.0,1.23498,29.4,44.099999999999994,1.5,0.25,tp,44.1,110.25,True,2022-12-13 21:00:00,2022-12-13 20:45:00,7459.579999999975,7569.829999999975
buy,high_vol,bollinger,1.0,1.23785,24.6,36.900000000000006,1.5,0.31,sl,-24.6,-76.26,False,2022-12-14 21:15:00,2022-12-14 21:00:00,7569.829999999975,7493.569999999975
buy,high_vol,bollinger,1.0,1.24117,12.3,18.450000000000003,1.5,0.61,sl,-12.3,-75.03,False,2022-12-15 02:15:00,2022-12-15 02:00:00,7493.569999999975,7418.539999999975
buy,low_vol,ema_flipped,1.0,1.23808,12.7,19.049999999999997,1.5,0.58,sl,-12.7,-73.66,False,2022-12-15 10:00:00,2022-12-15 09:45:00,7418.539999999975,7344.879999999976
buy,high_vol,bollinger,1.0,1.23037,28.6,42.900000000000006,1.5,0.26,tp,42.9,111.54,True,2022-12-15 14:15:00,2022-12-15 14:00:00,7344.879999999976,7456.4199999999755
buy,high_vol,bollinger,1.0,1.22566,48.4,72.6,1.5,0.15,sl,-48.4,-72.6,False,2022-12-15 17:15:00,2022-12-15 17:00:00,7456.4199999999755,7383.819999999975
buy,high_vol,bollinger,1.0,1.224,48.7,73.05000000000001,1.5,0.15,sl,-48.7,-73.05,False,2022-12-15 17:30:00,2022-12-15 17:15:00,7383.819999999975,7310.769999999975
buy,high_vol,bollinger,1.0,1.21256,26.8,40.2,1.5,0.27,tp,40.2,108.54,True,2022-12-16 11:15:00,2022-12-16 11:00:00,7310.769999999975,7419.309999999975
sell,high_vol,bollinger,0.9959,1.22166,24.6,36.900000000000006,1.5,0.3,tp,36.9,110.7,True,2022-12-16 17:00:00,2022-12-16 16:45:00,7419.309999999975,7530.009999999975
sell,high_vol,bollinger,1.0,1.21861,35.5,53.25,1.5,0.21,timeout,15.8,33.18,True,2022-12-16 19:30:00,2022-12-16 19:15:00,7530.009999999975,7563.189999999975
sell,low_vol,ema_flipped,1.0,1.22076,17.5,26.25,1.5,0.43,sl,-17.5,-75.25,False,2022-12-19 11:00:00,2022-12-19 10:45:00,7563.189999999975,7487.939999999975
buy,low_vol,ema_flipped,0.9995,1.21661,23.8,35.7,1.5,0.31,sl,-23.8,-73.78,False,2022-12-19 15:15:00,2022-12-19 15:00:00,7487.939999999975,7414.159999999975
buy,high_vol,bollinger,0.9917,1.21314,25.6,38.400000000000006,1.5,0.29,tp,38.4,111.36,True,2022-12-19 18:00:00,2022-12-19 17:45:00,7414.159999999975,7525.519999999975
buy,high_vol,bollinger,0.8876,1.21662,24.6,36.900000000000006,1.5,0.26,sl,-24.6,-63.96,False,2022-12-19 20:45:00,2022-12-19 20:30:00,7525.519999999975,7461.559999999975
buy,high_vol,bollinger,0.9016,1.21594,24.4,36.599999999999994,1.5,0.26,tp,36.6,95.16,True,2022-12-19 21:00:00,2022-12-19 20:45:00,7461.559999999975,7556.719999999975
buy,high_vol,bollinger,0.9375,1.21454,23.3,34.95,1.5,0.3,tp,34.95,104.85,True,2022-12-19 21:15:00,2022-12-19 21:00:00,7556.719999999975,7661.569999999975
sell,high_vol,bollinger,1.0,1.22074,18.6,27.900000000000002,1.5,0.41,tp,27.9,114.39,True,2022-12-20 05:15:00,2022-12-20 05:00:00,7661.569999999975,7775.9599999999755
sell,high_vol,bollinger,0.9981,1.2182,28.9,43.349999999999994,1.5,0.27,tp,43.35,117.04,True,2022-12-20 11:00:00,2022-12-20 10:45:00,7775.9599999999755,7892.999999999975
buy,high_vol,bollinger,0.9962,1.21312,26.6,39.900000000000006,1.5,0.3,sl,-26.6,-79.8,False,2022-12-20 15:00:00,2022-12-20 14:45:00,7892.999999999975,7813.199999999975
buy,high_vol,bollinger,1.0,1.21093,28.3,42.45,1.5,0.28,tp,42.45,118.86,True,2022-12-20 15:15:00,2022-12-20 15:00:00,7813.199999999975,7932.059999999975
sell,low_vol,ema_flipped,1.0,1.21701,17.4,26.099999999999998,1.5,0.46,sl,-17.4,-80.04,False,2022-12-20 22:45:00,2022-12-20 22:30:00,7932.059999999975,7852.019999999975
buy,low_vol,ema_flipped,1.0,1.21517,18.0,27.0,1.5,0.44,sl,-18.0,-79.2,False,2022-12-21 11:00:00,2022-12-21 10:45:00,7852.019999999975,7772.819999999975
sell,low_vol,ema_flipped,1.0,1.21215,10.8,16.200000000000003,1.5,0.72,tp,16.2,116.64,True,2022-12-22 07:15:00,2022-12-22 07:00:00,7772.819999999975,7889.4599999999755
buy,high_vol,bollinger,0.9811,1.20134,26.5,39.75,1.5,0.29,tp,39.75,115.28,True,2022-12-22 16:30:00,2022-12-22 16:15:00,7889.4599999999755,8004.739999999975
sell,low_vol,ema_flipped,1.0,1.20631,19.7,29.549999999999997,1.5,0.41,sl,-19.7,-80.77,False,2022-12-23 12:30:00,2022-12-23 12:15:00,8004.739999999975,7923.969999999975
buy,high_vol,bollinger,0.9999,1.20447,26.0,39.0,1.5,0.3,tp,39.0,117.0,True,2022-12-23 16:00:00,2022-12-23 15:45:00,7923.969999999975,8040.969999999975
buy,low_vol,ema_flipped,0.9998,1.2044,21.3,31.950000000000003,1.5,0.38,tp,31.95,121.41,True,2022-12-23 20:30:00,2022-12-23 20:15:00,8040.969999999975,8162.379999999975
sell,low_vol,ema_flipped,1.0,1.20755,11.3,16.950000000000003,1.5,0.72,sl,-11.3,-81.36,False,2022-12-27 01:30:00,2022-12-27 01:15:00,8162.379999999975,8081.019999999975
buy,low_vol,ema_flipped,1.0,1.20524,19.0,28.5,1.5,0.43,sl,-19.0,-81.7,False,2022-12-27 13:30:00,2022-12-27 13:15:00,8081.019999999975,7999.319999999975
sell,low_vol,ema_flipped,0.9999,1.20578,20.4,30.599999999999998,1.5,0.39,sl,-20.4,-79.56,False,2022-12-28 12:45:00,2022-12-28 12:30:00,7999.319999999975,7919.759999999975
sell,high_vol,bollinger,0.9999,1.21035,21.8,32.7,1.5,0.36,tp,32.7,117.72,True,2022-12-28 16:30:00,2022-12-28 16:15:00,7919.759999999975,8037.479999999975
buy,high_vol,bollinger,1.0,1.20359,28.5,42.75,1.5,0.28,timeout,38.4,107.52,True,2022-12-28 18:00:00,2022-12-28 17:45:00,8037.479999999975,8144.999999999975
sell,high_vol,bollinger,0.9735,1.20521,20.4,30.599999999999998,1.5,0.38,sl,-20.4,-77.52,False,2022-12-29 15:45:00,2022-12-29 15:30:00,8144.999999999975,8067.479999999975
sell,high_vol,bollinger,0.9998,1.20723,23.0,34.5,1.5,0.35,tp,34.5,120.75,True,2022-12-29 16:45:00,2022-12-29 16:30:00,8067.479999999975,8188.229999999975
buy,low_vol,ema_flipped,1.0,1.20453,9.3,13.950000000000001,1.5,0.88,sl,-9.3,-81.84,False,2022-12-30 07:15:00,2022-12-30 07:00:00,8188.229999999975,8106.389999999975
sell,low_vol,ema_flipped,1.0,1.20527,8.9,13.350000000000001,1.5,0.91,tp,13.35,121.49,True,2022-12-30 07:45:00,2022-12-30 07:30:00,8106.389999999975,8227.879999999976
buy,low_vol,ema_flipped,1.0,1.20443,9.3,13.950000000000001,1.5,0.88,sl,-9.3,-81.84,False,2022-12-30 08:00:00,2022-12-30 07:45:00,8227.879999999976,8146.039999999975
sell,high_vol,bollinger,0.9975,1.20658,15.5,23.25,1.5,0.52,tp,23.25,120.9,True,2022-12-30 10:00:00,2022-12-30 09:45:00,8146.039999999975,8266.939999999975
buy,high_vol,bollinger,1.0,1.20428,18.7,28.049999999999997,1.5,0.44,tp,28.05,123.42,True,2023-01-03 00:15:00,2023-01-03 00:00:00,8266.939999999975,8390.359999999975
buy,high_vol,bollinger,1.0,1.20382,17.2,25.799999999999997,1.5,0.49,tp,25.8,126.42,True,2023-01-03 03:45:00,2023-01-03 03:30:00,8390.359999999975,8516.779999999975
sell,high_vol,bollinger,1.0,1.20751,19.0,28.5,1.5,0.45,tp,28.5,128.25,True,2023-01-03 04:45:00,2023-01-03 04:30:00,8516.779999999975,8645.029999999975
buy,high_vol,bollinger,1.0,1.20291,17.6,26.400000000000002,1.5,0.49,sl,-17.6,-86.24,False,2023-01-03 10:00:00,2023-01-03 09:45:00,8645.029999999975,8558.789999999975
buy,high_vol,bollinger,1.0,1.19603,25.3,37.95,1.5,0.34,sl,-25.3,-86.02,False,2023-01-03 10:15:00,2023-01-03 10:00:00,8558.789999999975,8472.769999999975
sell,high_vol,bollinger,1.0,1.19729,23.8,35.7,1.5,0.36,sl,-23.8,-85.68,False,2023-01-03 14:45:00,2023-01-03 14:30:00,8472.769999999975,8387.089999999975
sell,high_vol,bollinger,1.0,1.2048,32.4,48.599999999999994,1.5,0.26,tp,48.6,126.36,True,2023-01-03 16:45:00,2023-01-03 16:30:00,8387.089999999975,8513.449999999975
sell,high_vol,bollinger,0.999,1.20382,17.0,25.5,1.5,0.5,sl,-17.0,-85.0,False,2023-01-04 09:45:00,2023-01-04 09:30:00,8513.449999999975,8428.449999999975
sell,high_vol,bollinger,1.0,1.20677,22.6,33.900000000000006,1.5,0.37,tp,33.9,125.43,True,2023-01-04 10:15:00,2023-01-04 10:00:00,8428.449999999975,8553.879999999976
buy,high_vol,bollinger,1.0,1.20514,21.5,32.25,1.5,0.4,sl,-21.5,-86.0,False,2023-01-04 21:30:00,2023-01-04 21:15:00,8553.879999999976,8467.879999999976
buy,low_vol,ema_flipped,0.9999,1.20242,11.7,17.549999999999997,1.5,0.72,sl,-11.7,-84.24,False,2023-01-05 09:00:00,2023-01-05 08:45:00,8467.879999999976,8383.639999999976
buy,high_vol,bollinger,0.9968,1.20024,17.8,26.700000000000003,1.5,0.47,sl,-17.8,-83.66,False,2023-01-05 15:00:00,2023-01-05 14:45:00,8383.639999999976,8299.979999999976
buy,high_vol,bollinger,1.0,1.19671,21.3,31.950000000000003,1.5,0.39,sl,-21.3,-83.07,False,2023-01-05 15:30:00,2023-01-05 15:15:00,8299.979999999976,8216.909999999976
buy,high_vol,bollinger,1.0,1.19324,24.4,36.599999999999994,1.5,0.34,sl,-24.4,-82.96,False,2023-01-05 15:45:00,2023-01-05 15:30:00,8216.909999999976,8133.949999999976
sell,high_vol,bollinger,1.0,1.19268,24.5,36.75,1.5,0.33,tp,36.75,121.28,True,2023-01-05 20:45:00,2023-01-05 20:30:00,8133.949999999976,8255.229999999976
buy,high_vol,bollinger,1.0,1.18631,25.5,38.25,1.5,0.32,tp,38.25,122.4,True,2023-01-06 11:45:00,2023-01-06 11:30:00,8255.229999999976,8377.629999999976
sell,high_vol,bollinger,1.0,1.19058,26.6,39.900000000000006,1.5,0.31,sl,-26.6,-82.46,False,2023-01-06 15:45:00,2023-01-06 15:30:00,8377.629999999976,8295.169999999976
sell,high_vol,bollinger,1.0,1.19258,27.3,40.95,1.5,0.3,tp,40.95,122.85,True,2023-01-06 16:00:00,2023-01-06 15:45:00,8295.169999999976,8418.019999999977
sell,high_vol,bollinger,1.0,1.19717,43.8,65.69999999999999,1.5,0.19,sl,-43.8,-83.22,False,2023-01-06 17:15:00,2023-01-06 17:00:00,8418.019999999977,8334.799999999977
buy,high_vol,bollinger,0.9952,1.2135,17.1,25.650000000000002,1.5,0.48,tp,25.65,123.12,True,2023-01-09 09:45:00,2023-01-09 09:30:00,8334.799999999977,8457.919999999978
buy,high_vol,bollinger,1.0,1.21346,27.0,40.5,1.5,0.31,tp,40.5,125.55,True,2023-01-09 12:30:00,2023-01-09 12:15:00,8457.919999999978,8583.469999999978
sell,high_vol,bollinger,1.0,1.21764,23.4,35.099999999999994,1.5,0.37,sl,-23.4,-86.58,False,2023-01-09 15:30:00,2023-01-09 15:15:00,8583.469999999978,8496.889999999978
sell,high_vol,bollinger,1.0,1.22045,28.0,42.0,1.5,0.3,tp,42.0,126.0,True,2023-01-09 17:45:00,2023-01-09 17:30:00,8496.889999999978,8622.889999999978
buy,high_vol,bollinger,0.9728,1.21539,13.7,20.549999999999997,1.5,0.6,tp,20.55,123.3,True,2023-01-10 09:15:00,2023-01-10 09:00:00,8622.889999999978,8746.189999999977
buy,high_vol,bollinger,0.9766,1.21424,14.7,22.049999999999997,1.5,0.58,tp,22.05,127.89,True,2023-01-10 09:30:00,2023-01-10 09:15:00,8746.189999999977,8874.079999999976
buy,high_vol,bollinger,1.0,1.21414,22.2,33.3,1.5,0.4,sl,-22.2,-88.8,False,2023-01-10 14:15:00,2023-01-10 14:00:00,8874.079999999976,8785.279999999977
sell,low_vol,ema_flipped,1.0,1.21602,9.0,13.5,1.5,0.98,sl,-9.0,-88.2,False,2023-01-11 07:15:00,2023-01-11 07:00:00,8785.279999999977,8697.079999999976
buy,low_vol,ema_flipped,0.9321,1.21366,16.4,24.599999999999998,1.5,0.48,sl,-16.4,-78.72,False,2023-01-11 11:15:00,2023-01-11 11:00:00,8697.079999999976,8618.359999999977
sell,high_vol,bollinger,1.0,1.21431,21.5,32.25,1.5,0.4,sl,-21.5,-86.0,False,2023-01-11 20:15:00,2023-01-11 20:00:00,8618.359999999977,8532.359999999977
buy,low_vol,ema_flipped,1.0,1.21433,13.5,20.25,1.5,0.63,tp,20.25,127.57,True,2023-01-12 10:45:00,2023-01-12 10:30:00,8532.359999999977,8659.929999999977
sell,low_vol,ema_flipped,0.9999,1.21721,17.1,25.650000000000002,1.5,0.51,sl,-17.1,-87.21,False,2023-01-12 11:30:00,2023-01-12 11:15:00,8659.929999999977,8572.719999999978
buy,high_vol,bollinger,0.981,1.21341,22.0,33.0,1.5,0.38,tp,33.0,125.4,True,2023-01-12 15:00:00,2023-01-12 14:45:00,8572.719999999978,8698.119999999977
sell,high_vol,bollinger,1.0,1.2235,46.2,69.30000000000001,1.5,0.19,tp,69.3,131.67,True,2023-01-12 16:00:00,2023-01-12 15:45:00,8698.119999999977,8829.789999999977
buy,low_vol,ema_flipped,0.9995,1.21744,20.6,30.900000000000002,1.5,0.43,sl,-20.6,-88.58,False,2023-01-13 15:45:00,2023-01-13 15:30:00,8829.789999999977,8741.209999999977
sell,low_vol,ema_flipped,0.6968,1.22143,25.8,38.7,1.5,0.19,sl,-25.8,-49.02,False,2023-01-13 18:00:00,2023-01-13 17:45:00,8741.209999999977,8692.189999999977
buy,low_vol,ema_flipped,0.9991,1.21817,21.3,31.950000000000003,1.5,0.41,tp,31.95,131.0,True,2023-01-16 11:15:00,2023-01-16 11:00:00,8692.189999999977,8823.189999999977
buy,high_vol,bollinger,1.0,1.21725,13.1,19.65,1.5,0.67,tp,19.65,131.65,True,2023-01-17 09:00:00,2023-01-17 08:45:00,8823.189999999977,8954.839999999976
buy,high_vol,bollinger,1.0,1.21954,26.2,39.3,1.5,0.34,tp,39.3,133.62,True,2023-01-17 12:30:00,2023-01-17 12:15:00,8954.839999999976,9088.459999999977
sell,high_vol,bollinger,1.0,1.22392,25.8,38.7,1.5,0.35,sl,-25.8,-90.3,False,2023-01-17 13:45:00,2023-01-17 13:30:00,9088.459999999977,8998.159999999978
sell,high_vol,bollinger,1.0,1.22531,27.1,40.650000000000006,1.5,0.33,sl,-27.1,-89.43,False,2023-01-17 14:00:00,2023-01-17 13:45:00,8998.159999999978,8908.729999999978
sell,high_vol,bollinger,0.9821,1.23145,17.8,26.700000000000003,1.5,0.49,sl,-17.8,-87.22,False,2023-01-18 09:15:00,2023-01-18 09:00:00,8908.729999999978,8821.509999999978
sell,high_vol,bollinger,0.7851,1.23236,19.0,28.5,1.5,0.32,sl,-19.0,-60.8,False,2023-01-18 09:30:00,2023-01-18 09:15:00,8821.509999999978,8760.70999999998
sell,high_vol,bollinger,1.0,1.23579,25.3,37.95,1.5,0.35,sl,-25.3,-88.55,False,2023-01-18 12:00:00,2023-01-18 11:45:00,8760.70999999998,8672.15999999998
sell,high_vol,bollinger,1.0,1.23782,24.4,36.599999999999994,1.5,0.36,sl,-24.4,-87.84,False,2023-01-18 13:45:00,2023-01-18 13:30:00,8672.15999999998,8584.31999999998
sell,high_vol,bollinger,1.0,1.24062,25.7,38.55,1.5,0.33,sl,-25.7,-84.81,False,2023-01-18 15:45:00,2023-01-18 15:30:00,8584.31999999998,8499.50999999998
sell,high_vol,bollinger,1.0,1.23513,23.6,35.400000000000006,1.5,0.36,tp,35.4,127.44,True,2023-01-19 14:00:00,2023-01-19 13:45:00,8499.50999999998,8626.94999999998
sell,high_vol,bollinger,1.0,1.23716,27.8,41.7,1.5,0.31,sl,-27.8,-86.18,False,2023-01-19 18:15:00,2023-01-19 18:00:00,8626.94999999998,8540.76999999998
buy,low_vol,ema_flipped,0.6646,1.23457,18.8,28.200000000000003,1.5,0.24,tp,28.2,67.68,True,2023-01-20 11:15:00,2023-01-20 11:00:00,8540.76999999998,8608.44999999998
sell,high_vol,bollinger,1.0,1.238,21.1,31.650000000000002,1.5,0.41,sl,-21.1,-86.51,False,2023-01-20 17:15:00,2023-01-20 17:00:00,8608.44999999998,8521.93999999998
sell,high_vol,bollinger,1.0,1.23912,22.4,33.599999999999994,1.5,0.38,sl,-22.4,-85.12,False,2023-01-20 17:30:00,2023-01-20 17:15:00,8521.93999999998,8436.81999999998
buy,high_vol,bollinger,0.9997,1.23983,15.0,22.5,1.5,0.56,tp,22.5,126.0,True,2023-01-23 09:30:00,2023-01-23 09:15:00,8436.81999999998,8562.81999999998
buy,high_vol,bollinger,1.0,1.23899,24.1,36.150000000000006,1.5,0.36,sl,-24.1,-86.76,False,2023-01-23 12:15:00,2023-01-23 12:00:00,8562.81999999998,8476.05999999998
buy,high_vol,bollinger,0.9985,1.23758,23.8,35.7,1.5,0.36,sl,-23.8,-85.68,False,2023-01-23 12:45:00,2023-01-23 12:30:00,8476.05999999998,8390.37999999998
buy,high_vol,bollinger,0.6874,1.2347,19.2,28.799999999999997,1.5,0.24,sl,-19.2,-46.08,False,2023-01-23 15:45:00,2023-01-23 15:30:00,8390.37999999998,8344.29999999998
sell,high_vol,bollinger,1.0,1.237,24.8,37.2,1.5,0.34,sl,-24.8,-84.32,False,2023-01-23 18:00:00,2023-01-23 17:45:00,8344.29999999998,8259.97999999998
sell,low_vol,ema_flipped,0.9999,1.23876,9.1,13.649999999999999,1.5,0.91,sl,-9.1,-82.81,False,2023-01-24 04:30:00,2023-01-24 04:15:00,8259.97999999998,8177.169999999979
buy,high_vol,bollinger,0.7828,1.23765,19.0,28.5,1.5,0.3,sl,-19.0,-57.0,False,2023-01-24 11:30:00,2023-01-24 11:15:00,8177.169999999979,8120.169999999979
buy,high_vol,bollinger,1.0,1.2334,23.3,34.95,1.5,0.35,sl,-23.3,-81.55,False,2023-01-24 11:45:00,2023-01-24 11:30:00,8120.169999999979,8038.619999999979
buy,high_vol,bollinger,1.0,1.22928,28.3,42.45,1.5,0.28,sl,-28.3,-79.24,False,2023-01-24 14:45:00,2023-01-24 14:30:00,8038.619999999979,7959.379999999979
buy,high_vol,bollinger,1.0,1.22662,22.6,33.900000000000006,1.5,0.35,tp,33.9,118.65,True,2023-01-24 17:00:00,2023-01-24 16:45:00,7959.379999999979,8078.029999999979
buy,high_vol,bollinger,1.0,1.22936,22.5,33.75,1.5,0.36,tp,33.75,121.5,True,2023-01-25 12:15:00,2023-01-25 12:00:00,8078.029999999979,8199.529999999979
sell,high_vol,bollinger,1.0,1.23566,22.8,34.2,1.5,0.36,sl,-22.8,-82.08,False,2023-01-25 17:00:00,2023-01-25 16:45:00,8199.529999999979,8117.449999999979
sell,high_vol,bollinger,1.0,1.2376,26.6,39.900000000000006,1.5,0.31,tp,39.9,123.69,True,2023-01-25 17:15:00,2023-01-25 17:00:00,8117.449999999979,8241.13999999998
sell,high_vol,bollinger,1.0,1.24014,21.6,32.400000000000006,1.5,0.38,tp,32.4,123.12,True,2023-01-26 16:15:00,2023-01-26 16:00:00,8241.13999999998,8364.25999999998
buy,high_vol,bollinger,1.0,1.23755,26.6,39.900000000000006,1.5,0.31,sl,-26.6,-82.46,False,2023-01-26 17:00:00,2023-01-26 16:45:00,8364.25999999998,8281.799999999981
sell,high_vol,bollinger,1.0,1.23923,22.8,34.2,1.5,0.36,sl,-22.8,-82.08,False,2023-01-26 20:30:00,2023-01-26 20:15:00,8281.799999999981,8199.719999999981
buy,low_vol,ema_flipped,1.0,1.23801,7.6,11.399999999999999,1.5,1.08,sl,-7.6,-82.08,False,2023-01-27 07:15:00,2023-01-27 07:00:00,8199.719999999981,8117.639999999981
sell,high_vol,bollinger,1.0,1.24121,20.5,30.75,1.5,0.4,tp,30.75,123.0,True,2023-01-30 12:30:00,2023-01-30 12:15:00,8117.639999999981,8240.639999999981
buy,low_vol,ema_flipped,0.9835,1.23751,16.2,24.299999999999997,1.5,0.5,sl,-16.2,-81.0,False,2023-01-30 16:00:00,2023-01-30 15:45:00,8240.639999999981,8159.639999999981
buy,high_vol,bollinger,1.0,1.23215,14.1,21.15,1.5,0.58,sl,-14.1,-81.78,False,2023-01-31 10:15:00,2023-01-31 10:00:00,8159.639999999981,8077.8599999999815
sell,low_vol,ema_flipped,0.9988,1.23333,11.9,17.85,1.5,0.68,sl,-11.9,-80.92,False,2023-02-01 15:30:00,2023-02-01 15:15:00,8077.8599999999815,7996.939999999981
sell,high_vol,bollinger,1.0,1.23662,25.3,37.95,1.5,0.32,sl,-25.3,-80.96,False,2023-02-01 21:45:00,2023-02-01 21:30:00,7996.939999999981,7915.979999999981
sell,high_vol,bollinger,1.0,1.23949,20.3,30.450000000000003,1.5,0.39,tp,30.45,118.75,True,2023-02-02 01:15:00,2023-02-02 01:00:00,7915.979999999981,8034.729999999981
buy,high_vol,bollinger,0.8752,1.23396,19.3,28.950000000000003,1.5,0.34,sl,-19.3,-65.62,False,2023-02-02 11:30:00,2023-02-02 11:15:00,8034.729999999981,7969.1099999999815
buy,high_vol,bollinger,1.0,1.22947,31.4,47.099999999999994,1.5,0.25,timeout,15.9,39.75,True,2023-02-02 14:30:00,2023-02-02 14:15:00,7969.1099999999815,8008.8599999999815
buy,high_vol,bollinger,1.0,1.22463,47.8,71.69999999999999,1.5,0.17,sl,-47.8,-81.26,False,2023-02-02 17:15:00,2023-02-02 17:00:00,8008.8599999999815,7927.599999999981
buy,high_vol,bollinger,0.9999,1.22324,19.9,29.849999999999998,1.5,0.4,sl,-19.9,-79.6,False,2023-02-02 22:00:00,2023-02-02 21:45:00,7927.599999999981,7847.999999999981
sell,high_vol,bollinger,0.9999,1.22311,20.2,30.299999999999997,1.5,0.39,sl,-20.2,-78.78,False,2023-02-03 11:45:00,2023-02-03 11:30:00,7847.999999999981,7769.219999999981
sell,high_vol,bollinger,1.0,1.22449,22.0,33.0,1.5,0.35,tp,33.0,115.5,True,2023-02-03 12:00:00,2023-02-03 11:45:00,7769.219999999981,7884.719999999981
buy,high_vol,bollinger,0.9908,1.22459,19.2,28.799999999999997,1.5,0.41,sl,-19.2,-78.72,False,2023-02-03 15:00:00,2023-02-03 14:45:00,7884.719999999981,7805.999999999981
buy,high_vol,bollinger,0.998,1.224,18.6,27.900000000000002,1.5,0.42,sl,-18.6,-78.12,False,2023-02-03 15:30:00,2023-02-03 15:15:00,7805.999999999981,7727.879999999981
buy,high_vol,bollinger,1.0,1.21226,29.1,43.650000000000006,1.5,0.27,sl,-29.1,-78.57,False,2023-02-03 15:45:00,2023-02-03 15:30:00,7727.879999999981,7649.309999999981
buy,high_vol,bollinger,1.0,1.20697,51.3,76.94999999999999,1.5,0.15,sl,-51.3,-76.95,False,2023-02-03 18:45:00,2023-02-03 18:30:00,7649.309999999981,7572.3599999999815
buy,high_vol,bollinger,1.0,1.2039,15.3,22.950000000000003,1.5,0.49,tp,22.95,112.45,True,2023-02-06 10:30:00,2023-02-06 10:15:00,7572.3599999999815,7684.809999999981
sell,high_vol,bollinger,1.0,1.2061,21.9,32.849999999999994,1.5,0.35,tp,32.85,114.97,True,2023-02-06 14:30:00,2023-02-06 14:15:00,7684.809999999981,7799.779999999982
buy,high_vol,bollinger,1.0,1.19924,15.0,22.5,1.5,0.52,tp,22.5,117.0,True,2023-02-07 10:15:00,2023-02-07 10:00:00,7799.779999999982,7916.779999999982
sell,high_vol,bollinger,1.0,1.20835,29.4,44.099999999999994,1.5,0.27,tp,44.1,119.07,True,2023-02-07 20:00:00,2023-02-07 19:45:00,7916.779999999982,8035.849999999981
sell,high_vol,bollinger,1.0,1.20985,15.8,23.700000000000003,1.5,0.51,tp,23.7,120.87,True,2023-02-08 10:00:00,2023-02-08 09:45:00,8035.849999999981,8156.719999999981
sell,high_vol,bollinger,0.993,1.2124,16.7,25.049999999999997,1.5,0.48,sl,-16.7,-80.16,False,2023-02-09 10:30:00,2023-02-09 10:15:00,8156.719999999981,8076.559999999981
buy,low_vol,ema_flipped,0.9999,1.21095,6.7,10.05,1.5,1.21,sl,-6.7,-81.07,False,2023-02-10 02:45:00,2023-02-10 02:30:00,8076.559999999981,7995.489999999982
buy,high_vol,bollinger,0.862,1.20886,27.5,41.25,1.5,0.23,sl,-27.5,-63.25,False,2023-02-10 12:15:00,2023-02-10 12:00:00,7995.489999999982,7932.239999999982
buy,high_vol,bollinger,0.9995,1.20938,22.8,34.2,1.5,0.35,sl,-22.8,-79.8,False,2023-02-10 17:45:00,2023-02-10 17:30:00,7932.239999999982,7852.439999999981
buy,high_vol,bollinger,0.9997,1.20763,24.6,36.900000000000006,1.5,0.32,sl,-24.6,-78.72,False,2023-02-10 18:00:00,2023-02-10 17:45:00,7852.439999999981,7773.719999999981
sell,high_vol,bollinger,0.9764,1.20608,17.3,25.950000000000003,1.5,0.43,sl,-17.3,-74.39,False,2023-02-13 13:45:00,2023-02-13 13:30:00,7773.719999999981,7699.329999999981
sell,high_vol,bollinger,1.0,1.20949,19.4,29.099999999999998,1.5,0.4,sl,-19.4,-77.6,False,2023-02-13 14:30:00,2023-02-13 14:15:00,7699.329999999981,7621.7299999999805
buy,high_vol,bollinger,1.0,1.21719,36.4,54.599999999999994,1.5,0.21,sl,-36.4,-76.44,False,2023-02-14 16:15:00,2023-02-14 16:00:00,7621.7299999999805,7545.289999999981
buy,high_vol,bollinger,1.0,1.21384,41.0,61.5,1.5,0.18,tp,61.5,110.7,True,2023-02-14 16:30:00,2023-02-14 16:15:00,7545.289999999981,7655.989999999981
buy,low_vol,ema_flipped,1.0,1.21476,10.1,15.149999999999999,1.5,0.76,sl,-10.1,-76.76,False,2023-02-15 06:00:00,2023-02-15 05:45:00,7655.989999999981,7579.2299999999805
buy,high_vol,bollinger,1.0,1.20964,15.4,23.1,1.5,0.49,sl,-15.4,-75.46,False,2023-02-15 09:15:00,2023-02-15 09:00:00,7579.2299999999805,7503.76999999998
buy,high_vol,bollinger,1.0,1.2068,23.2,34.8,1.5,0.32,sl,-23.2,-74.24,False,2023-02-15 13:00:00,2023-02-15 12:45:00,7503.76999999998,7429.529999999981
buy,high_vol,bollinger,1.0,1.20446,17.1,25.650000000000002,1.5,0.43,sl,-17.1,-73.53,False,2023-02-16 14:30:00,2023-02-16 14:15:00,7429.529999999981,7355.999999999981
buy,high_vol,bollinger,0.9998,1.20373,16.3,24.450000000000003,1.5,0.45,sl,-16.3,-73.35,False,2023-02-16 15:00:00,2023-02-16 14:45:00,7355.999999999981,7282.6499999999805
buy,high_vol,bollinger,1.0,1.2013,18.3,27.450000000000003,1.5,0.4,sl,-18.3,-73.2,False,2023-02-16 15:45:00,2023-02-16 15:30:00,7282.6499999999805,7209.449999999981
buy,high_vol,bollinger,1.0,1.19882,20.7,31.049999999999997,1.5,0.35,sl,-20.7,-72.45,False,2023-02-16 16:00:00,2023-02-16 15:45:00,7209.449999999981,7136.999999999981
buy,high_vol,bollinger,1.0,1.19908,17.4,26.099999999999998,1.5,0.41,sl,-17.4,-71.34,False,2023-02-16 22:30:00,2023-02-16 22:15:00,7136.999999999981,7065.659999999981
buy,high_vol,bollinger,0.9997,1.19176,16.9,25.349999999999998,1.5,0.42,tp,25.35,106.47,True,2023-02-17 10:15:00,2023-02-17 10:00:00,7065.659999999981,7172.129999999981
sell,high_vol,bollinger,0.8222,1.19891,18.3,27.450000000000003,1.5,0.29,sl,-18.3,-53.07,False,2023-02-17 16:15:00,2023-02-17 16:00:00,7172.129999999981,7119.059999999981
buy,low_vol,ema_flipped,1.0,1.20204,13.1,19.65,1.5,0.54,sl,-13.1,-70.74,False,2023-02-21 05:15:00,2023-02-21 05:00:00,7119.059999999981,7048.3199999999815
sell,high_vol,bollinger,1.0,1.20739,29.9,44.849999999999994,1.5,0.24,sl,-29.9,-71.76,False,2023-02-21 11:45:00,2023-02-21 11:30:00,7048.3199999999815,6976.559999999981
sell,high_vol,bollinger,1.0,1.20909,33.7,50.550000000000004,1.5,0.21,sl,-33.7,-70.77,False,2023-02-21 12:00:00,2023-02-21 11:45:00,6976.559999999981,6905.789999999981
sell,high_vol,bollinger,1.0,1.21272,26.3,39.45,1.5,0.26,tp,39.45,102.57,True,2023-02-21 15:15:00,2023-02-21 15:00:00,6905.789999999981,7008.359999999981
sell,high_vol,bollinger,1.0,1.21411,34.6,51.900000000000006,1.5,0.2,tp,51.9,103.8,True,2023-02-21 18:00:00,2023-02-21 17:45:00,7008.359999999981,7112.159999999981
buy,high_vol,bollinger,0.8656,1.20797,15.7,23.549999999999997,1.5,0.37,sl,-15.7,-58.09,False,2023-02-22 10:45:00,2023-02-22 10:30:00,7112.159999999981,7054.069999999981
buy,low_vol,ema_flipped,0.7144,1.20723,20.3,30.450000000000003,1.5,0.21,tp,30.45,63.94,True,2023-02-22 12:15:00,2023-02-22 12:00:00,7054.069999999981,7118.00999999998
sell,low_vol,ema_flipped,0.9945,1.21016,19.2,28.799999999999997,1.5,0.37,tp,28.8,106.56,True,2023-02-22 15:15:00,2023-02-22 15:00:00,7118.00999999998,7224.569999999981
buy,high_vol,bollinger,1.0,1.2091,22.2,33.3,1.5,0.33,sl,-22.2,-73.26,False,2023-02-22 17:15:00,2023-02-22 17:00:00,7224.569999999981,7151.30999999998
buy,high_vol,bollinger,0.9999,1.20773,23.2,34.8,1.5,0.31,sl,-23.2,-71.92,False,2023-02-22 17:45:00,2023-02-22 17:30:00,7151.30999999998,7079.38999999998
buy,high_vol,bollinger,1.0,1.20677,23.7,35.55,1.5,0.3,sl,-23.7,-71.1,False,2023-02-22 18:00:00,2023-02-22 17:45:00,7079.38999999998,7008.28999999998
buy,high_vol,bollinger,0.9994,1.2046,18.1,27.150000000000002,1.5,0.39,timeout,16.8,65.52,True,2023-02-22 21:45:00,2023-02-22 21:30:00,7008.28999999998,7073.80999999998
sell,high_vol,bollinger,0.8427,1.20343,16.4,24.599999999999998,1.5,0.33,tp,24.6,81.18,True,2023-02-24 10:45:00,2023-02-24 10:30:00,7073.80999999998,7154.989999999981
buy,high_vol,bollinger,1.0,1.19536,20.8,31.200000000000003,1.5,0.34,sl,-20.8,-70.72,False,2023-02-24 15:45:00,2023-02-24 15:30:00,7154.989999999981,7084.26999999998
buy,high_vol,bollinger,1.0,1.19413,24.3,36.45,1.5,0.29,timeout,-3.8,-11.02,False,2023-02-24 16:15:00,2023-02-24 16:00:00,7084.26999999998,7073.24999999998
sell,low_vol,ema_flipped,0.9989,1.19774,19.3,28.950000000000003,1.5,0.37,sl,-19.3,-71.41,False,2023-02-27 13:45:00,2023-02-27 13:30:00,7073.24999999998,7001.83999999998
sell,high_vol,bollinger,1.0,1.20089,18.7,28.049999999999997,1.5,0.37,sl,-18.7,-69.19,False,2023-02-27 15:45:00,2023-02-27 15:30:00,7001.83999999998,6932.6499999999805
sell,high_vol,bollinger,0.7747,1.20182,19.7,29.549999999999997,1.5,0.24,sl,-19.7,-47.28,False,2023-02-27 16:00:00,2023-02-27 15:45:00,6932.6499999999805,6885.369999999981
sell,high_vol,bollinger,0.9969,1.20586,21.3,31.950000000000003,1.5,0.32,sl,-21.3,-68.16,False,2023-02-27 20:00:00,2023-02-27 19:45:00,6885.369999999981,6817.209999999981
sell,high_vol,bollinger,1.0,1.20821,18.0,27.0,1.5,0.38,sl,-18.0,-68.4,False,2023-02-28 11:00:00,2023-02-28 10:45:00,6817.209999999981,6748.809999999981
sell,high_vol,bollinger,0.9882,1.20964,19.1,28.650000000000002,1.5,0.35,sl,-19.1,-66.85,False,2023-02-28 11:15:00,2023-02-28 11:00:00,6748.809999999981,6681.959999999981
sell,high_vol,bollinger,0.9865,1.21135,18.4,27.599999999999998,1.5,0.36,sl,-18.4,-66.24,False,2023-02-28 15:30:00,2023-02-28 15:15:00,6681.959999999981,6615.719999999981
buy,low_vol,ema_flipped,1.0,1.20315,15.7,23.549999999999997,1.5,0.42,sl,-15.7,-65.94,False,2023-02-28 23:15:00,2023-02-28 23:00:00,6615.719999999981,6549.779999999982
buy,high_vol,bollinger,1.0,1.2022,26.4,39.599999999999994,1.5,0.25,tp,39.6,99.0,True,2023-03-01 12:45:00,2023-03-01 12:30:00,6549.779999999982,6648.779999999982
buy,high_vol,bollinger,1.0,1.20089,28.4,42.599999999999994,1.5,0.23,sl,-28.4,-65.32,False,2023-03-01 16:00:00,2023-03-01 15:45:00,6648.779999999982,6583.459999999982
buy,high_vol,bollinger,0.6727,1.20008,9.9,14.850000000000001,1.5,0.35,tp,14.85,51.97,True,2023-03-02 03:45:00,2023-03-02 03:30:00,6583.459999999982,6635.429999999982
sell,high_vol,bollinger,1.0,1.20068,20.7,31.049999999999997,1.5,0.32,tp,31.05,99.36,True,2023-03-02 11:15:00,2023-03-02 11:00:00,6635.429999999982,6734.789999999982
sell,low_vol,ema_flipped,1.0,1.19785,9.1,13.649999999999999,1.5,0.74,sl,-9.1,-67.34,False,2023-03-03 08:45:00,2023-03-03 08:30:00,6734.789999999982,6667.449999999982
sell,high_vol,bollinger,1.0,1.20027,18.7,28.049999999999997,1.5,0.36,tp,28.05,100.98,True,2023-03-03 12:45:00,2023-03-03 12:30:00,6667.449999999982,6768.429999999981
buy,high_vol,bollinger,0.9998,1.20085,15.8,23.700000000000003,1.5,0.43,sl,-15.8,-67.94,False,2023-03-06 12:45:00,2023-03-06 12:30:00,6768.429999999981,6700.489999999982
sell,high_vol,bollinger,1.0,1.20199,16.7,25.049999999999997,1.5,0.4,sl,-16.7,-66.8,False,2023-03-06 15:30:00,2023-03-06 15:15:00,6700.489999999982,6633.689999999981
sell,high_vol,bollinger,1.0,1.20581,9.4,14.100000000000001,1.5,0.71,tp,14.1,100.11,True,2023-03-07 09:15:00,2023-03-07 09:00:00,6633.689999999981,6733.799999999981
buy,high_vol,bollinger,1.0,1.19691,20.1,30.150000000000002,1.5,0.34,sl,-20.1,-68.34,False,2023-03-07 16:15:00,2023-03-07 16:00:00,6733.799999999981,6665.459999999981
buy,high_vol,bollinger,1.0,1.189,28.8,43.2,1.5,0.23,sl,-28.8,-66.24,False,2023-03-07 17:15:00,2023-03-07 17:00:00,6665.459999999981,6599.219999999981
sell,high_vol,bollinger,0.9996,1.1847,15.0,22.5,1.5,0.44,tp,22.5,99.0,True,2023-03-08 14:15:00,2023-03-08 14:00:00,6599.219999999981,6698.219999999981
buy,high_vol,bollinger,0.9421,1.1824,14.2,21.299999999999997,1.5,0.43,tp,21.3,91.59,True,2023-03-08 15:30:00,2023-03-08 15:15:00,6698.219999999981,6789.809999999981
sell,low_vol,ema_flipped,1.0,1.18544,8.5,12.75,1.5,0.8,tp,12.75,102.0,True,2023-03-09 07:45:00,2023-03-09 07:30:00,6789.809999999981,6891.809999999981
sell,high_vol,bollinger,1.0,1.18833,15.4,23.1,1.5,0.45,tp,23.1,103.95,True,2023-03-09 10:45:00,2023-03-09 10:30:00,6891.809999999981,6995.759999999981
sell,high_vol,bollinger,1.0,1.18955,21.7,32.55,1.5,0.32,timeout,5.2,16.64,True,2023-03-09 13:15:00,2023-03-09 13:00:00,6995.759999999981,7012.399999999981
sell,high_vol,bollinger,1.0,1.19457,10.9,16.35,1.5,0.64,sl,-10.9,-69.76,False,2023-03-10 09:15:00,2023-03-10 09:00:00,7012.399999999981,6942.639999999981
sell,high_vol,bollinger,1.0,1.1975,24.8,37.2,1.5,0.28,sl,-24.8,-69.44,False,2023-03-10 11:45:00,2023-03-10 11:30:00,6942.639999999981,6873.199999999982
sell,high_vol,bollinger,1.0,1.1987,27.9,41.849999999999994,1.5,0.25,sl,-27.9,-69.75,False,2023-03-10 12:00:00,2023-03-10 11:45:00,6873.199999999982,6803.449999999982
sell,high_vol,bollinger,1.0,1.20357,26.9,40.349999999999994,1.5,0.25,sl,-26.9,-67.25,False,2023-03-10 15:45:00,2023-03-10 15:30:00,6803.449999999982,6736.199999999982
sell,high_vol,bollinger,1.0,1.2063,17.8,26.700000000000003,1.5,0.38,sl,-17.8,-67.64,False,2023-03-13 00:15:00,2023-03-13 00:00:00,6736.199999999982,6668.559999999981
sell,high_vol,bollinger,1.0,1.20681,17.0,25.5,1.5,0.39,sl,-17.0,-66.3,False,2023-03-13 00:30:00,2023-03-13 00:15:00,6668.559999999981,6602.259999999981
sell,high_vol,bollinger,1.0,1.21223,25.6,38.400000000000006,1.5,0.26,tp,38.4,99.84,True,2023-03-13 05:45:00,2023-03-13 05:30:00,6602.259999999981,6702.099999999981
buy,high_vol,bollinger,1.0,1.20984,15.7,23.549999999999997,1.5,0.43,sl,-15.7,-67.51,False,2023-03-13 10:15:00,2023-03-13 10:00:00,6702.099999999981,6634.589999999981
sell,high_vol,bollinger,1.0,1.20966,32.9,49.349999999999994,1.5,0.2,sl,-32.9,-65.8,False,2023-03-13 16:00:00,2023-03-13 15:45:00,6634.589999999981,6568.789999999981
sell,high_vol,bollinger,1.0,1.21141,34.1,51.150000000000006,1.5,0.19,timeout,-28.8,-54.72,False,2023-03-13 16:15:00,2023-03-13 16:00:00,6568.789999999981,6514.069999999981
buy,low_vol,ema_flipped,1.0,1.21495,6.4,9.600000000000001,1.5,1.02,tp,9.6,97.92,True,2023-03-15 03:45:00,2023-03-15 03:30:00,6514.069999999981,6611.989999999981
sell,low_vol,ema_flipped,1.0,1.21636,9.4,14.100000000000001,1.5,0.7,sl,-9.4,-65.8,False,2023-03-15 05:00:00,2023-03-15 04:45:00,6611.989999999981,6546.1899999999805
buy,low_vol,ema_flipped,0.6727,1.21567,12.4,18.6,1.5,0.28,sl,-12.4,-34.72,False,2023-03-15 10:45:00,2023-03-15 10:30:00,6546.1899999999805,6511.46999999998
buy,high_vol,bollinger,1.0,1.21141,21.4,32.099999999999994,1.5,0.3,sl,-21.4,-64.2,False,2023-03-15 12:45:00,2023-03-15 12:30:00,6511.46999999998,6447.26999999998
buy,high_vol,bollinger,1.0,1.20195,44.8,67.19999999999999,1.5,0.14,timeout,-2.8,-3.92,False,2023-03-15 18:45:00,2023-03-15 18:30:00,6447.26999999998,6443.34999999998
buy,high_vol,bollinger,1.0,1.20493,15.4,23.1,1.5,0.42,tp,23.1,97.02,True,2023-03-16 01:00:00,2023-03-16 00:45:00,6443.34999999998,6540.369999999981
sell,high_vol,bollinger,1.0,1.20598,11.3,16.950000000000003,1.5,0.58,sl,-11.3,-65.54,False,2023-03-16 01:45:00,2023-03-16 01:30:00,6540.369999999981,6474.829999999981
sell,high_vol,bollinger,0.9998,1.20877,12.9,19.35,1.5,0.5,sl,-12.9,-64.5,False,2023-03-16 10:45:00,2023-03-16 10:30:00,6474.829999999981,6410.329999999981
sell,high_vol,bollinger,0.9995,1.20948,14.2,21.299999999999997,1.5,0.45,sl,-14.2,-63.9,False,2023-03-16 11:00:00,2023-03-16 10:45:00,6410.329999999981,6346.429999999981
sell,high_vol,bollinger,0.9994,1.21079,15.6,23.4,1.5,0.41,tp,23.4,95.94,True,2023-03-16 11:15:00,2023-03-16 11:00:00,6346.429999999981,6442.369999999981
sell,high_vol,bollinger,1.0,1.20859,32.6,48.900000000000006,1.5,0.2,sl,-32.6,-65.2,False,2023-03-16 17:00:00,2023-03-16 16:45:00,6442.369999999981,6377.169999999981
buy,high_vol,bollinger,0.9949,1.21188,16.0,24.0,1.5,0.4,tp,24.0,96.0,True,2023-03-17 14:45:00,2023-03-17 14:30:00,6377.169999999981,6473.169999999981
sell,high_vol,bollinger,1.0,1.21696,22.8,34.2,1.5,0.28,sl,-22.8,-63.84,False,2023-03-17 19:30:00,2023-03-17 19:15:00,6473.169999999981,6409.329999999981
sell,high_vol,bollinger,0.9999,1.21956,13.1,19.65,1.5,0.49,tp,19.65,96.28,True,2023-03-20 03:30:00,2023-03-20 03:15:00,6409.329999999981,6505.609999999981
buy,high_vol,bollinger,1.0,1.21791,13.8,20.700000000000003,1.5,0.47,tp,20.7,97.29,True,2023-03-20 04:45:00,2023-03-20 04:30:00,6505.609999999981,6602.8999999999805
sell,high_vol,bollinger,1.0,1.22127,21.2,31.799999999999997,1.5,0.31,sl,-21.2,-65.72,False,2023-03-20 12:00:00,2023-03-20 11:45:00,6602.8999999999805,6537.17999999998
sell,high_vol,bollinger,1.0,1.22218,24.2,36.3,1.5,0.27,sl,-24.2,-65.34,False,2023-03-20 14:00:00,2023-03-20 13:45:00,6537.17999999998,6471.83999999998
sell,high_vol,bollinger,1.0,1.22692,18.8,28.200000000000003,1.5,0.34,tp,28.2,95.88,True,2023-03-20 19:30:00,2023-03-20 19:15:00,6471.83999999998,6567.71999999998
buy,high_vol,bollinger,0.6558,1.22411,15.0,22.5,1.5,0.22,sl,-15.0,-33.0,False,2023-03-21 16:15:00,2023-03-21 16:00:00,6567.71999999998,6534.71999999998
buy,high_vol,bollinger,0.9882,1.22238,16.7,25.049999999999997,1.5,0.38,sl,-16.7,-63.46,False,2023-03-21 16:45:00,2023-03-21 16:30:00,6534.71999999998,6471.25999999998
sell,high_vol,bollinger,0.9993,1.22015,19.5,29.25,1.5,0.33,sl,-19.5,-64.35,False,2023-03-21 21:00:00,2023-03-21 20:45:00,6471.25999999998,6406.90999999998
sell,high_vol,bollinger,0.8587,1.22152,16.6,24.900000000000002,1.5,0.31,timeout,-3.4,-10.54,False,2023-03-21 22:00:00,2023-03-21 21:45:00,6406.90999999998,6396.36999999998
sell,low_vol,ema_flipped,1.0,1.22297,7.5,11.25,1.5,0.85,sl,-7.5,-63.75,False,2023-03-22 08:15:00,2023-03-22 08:00:00,6396.36999999998,6332.61999999998
sell,high_vol,bollinger,1.0,1.22558,12.9,19.35,1.5,0.49,sl,-12.9,-63.21,False,2023-03-22 10:15:00,2023-03-22 10:00:00,6332.61999999998,6269.40999999998
buy,high_vol,bollinger,0.9826,1.22742,16.0,24.0,1.5,0.38,sl,-16.0,-60.8,False,2023-03-22 14:45:00,2023-03-22 14:30:00,6269.40999999998,6208.60999999998
buy,low_vol,ema_flipped,0.8227,1.22397,17.3,25.950000000000003,1.5,0.27,tp,25.95,70.06,True,2023-03-22 20:15:00,2023-03-22 20:00:00,6208.60999999998,6278.66999999998
sell,low_vol,ema_flipped,0.8358,1.22504,15.8,23.700000000000003,1.5,0.3,sl,-15.8,-47.4,False,2023-03-22 20:45:00,2023-03-22 20:30:00,6278.66999999998,6231.26999999998
sell,high_vol,bollinger,1.0,1.2273,20.6,30.900000000000002,1.5,0.3,sl,-20.6,-61.8,False,2023-03-22 21:15:00,2023-03-22 21:00:00,6231.26999999998,6169.46999999998
sell,high_vol,bollinger,1.0,1.22941,22.3,33.45,1.5,0.28,sl,-22.3,-62.44,False,2023-03-22 21:30:00,2023-03-22 21:15:00,6169.46999999998,6107.029999999981
sell,high_vol,bollinger,1.0,1.23177,26.4,39.599999999999994,1.5,0.23,tp,39.6,91.08,True,2023-03-22 21:45:00,2023-03-22 21:30:00,6107.029999999981,6198.109999999981
sell,high_vol,bollinger,1.0,1.22728,9.7,14.549999999999999,1.5,0.64,sl,-9.7,-62.08,False,2023-03-23 02:15:00,2023-03-23 02:00:00,6198.109999999981,6136.029999999981
sell,high_vol,bollinger,1.0,1.22775,8.6,12.899999999999999,1.5,0.71,sl,-8.6,-61.06,False,2023-03-23 02:45:00,2023-03-23 02:30:00,6136.029999999981,6074.96999999998
sell,high_vol,bollinger,1.0,1.2285,8.4,12.600000000000001,1.5,0.72,sl,-8.4,-60.48,False,2023-03-23 03:15:00,2023-03-23 03:00:00,6074.96999999998,6014.489999999981
sell,high_vol,bollinger,0.8804,1.23401,13.3,19.950000000000003,1.5,0.37,tp,19.95,73.81,True,2023-03-23 10:30:00,2023-03-23 10:15:00,6014.489999999981,6088.299999999981
buy,high_vol,bollinger,1.0,1.2286,23.1,34.650000000000006,1.5,0.26,tp,34.65,90.09,True,2023-03-23 13:30:00,2023-03-23 13:15:00,6088.299999999981,6178.389999999981
buy,high_vol,bollinger,1.0,1.23079,20.3,30.450000000000003,1.5,0.3,sl,-20.3,-60.9,False,2023-03-23 20:15:00,2023-03-23 20:00:00,6178.389999999981,6117.489999999982
buy,high_vol,bollinger,1.0,1.22929,20.9,31.349999999999998,1.5,0.29,sl,-20.9,-60.61,False,2023-03-23 20:30:00,2023-03-23 20:15:00,6117.489999999982,6056.879999999982
buy,high_vol,bollinger,1.0,1.22526,14.4,21.6,1.5,0.42,sl,-14.4,-60.48,False,2023-03-24 11:15:00,2023-03-24 11:00:00,6056.879999999982,5996.399999999982
sell,low_vol,ema_flipped,0.9997,1.22616,17.5,26.25,1.5,0.34,sl,-17.5,-59.5,False,2023-03-27 12:00:00,2023-03-27 11:45:00,5996.399999999982,5936.899999999982
buy,low_vol,ema_flipped,0.9278,1.23132,15.4,23.1,1.5,0.35,tp,23.1,80.85,True,2023-03-29 11:45:00,2023-03-29 11:30:00,5936.899999999982,6017.749999999983
sell,high_vol,bollinger,0.9943,1.23482,18.5,27.75,1.5,0.32,tp,27.75,88.8,True,2023-03-29 12:45:00,2023-03-29 12:30:00,6017.749999999983,6106.549999999983
buy,high_vol,bollinger,1.0,1.23283,18.6,27.900000000000002,1.5,0.33,sl,-18.6,-61.38,False,2023-03-29 15:15:00,2023-03-29 15:00:00,6106.549999999983,6045.169999999983
sell,low_vol,ema_flipped,0.999,1.23405,11.7,17.549999999999997,1.5,0.52,sl,-11.7,-60.84,False,2023-03-30 10:15:00,2023-03-30 10:00:00,6045.169999999983,5984.329999999983
buy,high_vol,bollinger,1.0,1.23632,24.9,37.349999999999994,1.5,0.24,sl,-24.9,-59.76,False,2023-03-31 18:00:00,2023-03-31 17:45:00,5984.329999999983,5924.569999999982
sell,low_vol,ema_flipped,0.9998,1.23627,16.8,25.200000000000003,1.5,0.35,sl,-16.8,-58.8,False,2023-04-03 14:00:00,2023-04-03 13:45:00,5924.569999999982,5865.769999999982
sell,high_vol,bollinger,1.0,1.24632,15.9,23.85,1.5,0.37,sl,-15.9,-58.83,False,2023-04-04 10:45:00,2023-04-04 10:30:00,5865.769999999982,5806.939999999982
sell,high_vol,bollinger,1.0,1.2508,19.4,29.099999999999998,1.5,0.3,timeout,24.2,72.6,True,2023-04-04 17:15:00,2023-04-04 17:00:00,5806.939999999982,5879.539999999983
sell,high_vol,bollinger,1.0,1.251,12.4,18.6,1.5,0.47,tp,18.6,87.42,True,2023-04-05 10:15:00,2023-04-05 10:00:00,5879.539999999983,5966.959999999983
buy,high_vol,bollinger,1.0,1.24358,23.9,35.849999999999994,1.5,0.25,tp,35.85,89.62,True,2023-04-05 17:45:00,2023-04-05 17:30:00,5966.959999999983,6056.579999999983
sell,low_vol,ema_flipped,0.9998,1.24717,15.6,23.4,1.5,0.39,tp,23.4,91.26,True,2023-04-06 14:15:00,2023-04-06 14:00:00,6056.579999999983,6147.839999999983
buy,high_vol,bollinger,1.0,1.24321,16.9,25.349999999999998,1.5,0.36,sl,-16.9,-60.84,False,2023-04-06 16:00:00,2023-04-06 15:45:00,6147.839999999983,6086.999999999983
buy,high_vol,bollinger,1.0,1.24189,17.8,26.700000000000003,1.5,0.34,tp,26.7,90.78,True,2023-04-06 16:15:00,2023-04-06 16:00:00,6086.999999999983,6177.7799999999825
sell,high_vol,bollinger,0.9999,1.2445,22.2,33.3,1.5,0.28,sl,-22.2,-62.16,False,2023-04-06 18:45:00,2023-04-06 18:30:00,6177.7799999999825,6115.619999999983
sell,high_vol,bollinger,1.0,1.24533,22.4,33.599999999999994,1.5,0.27,timeout,14.8,39.96,True,2023-04-06 19:00:00,2023-04-06 18:45:00,6115.619999999983,6155.579999999983
buy,high_vol,bollinger,1.0,1.24008,10.8,16.200000000000003,1.5,0.57,tp,16.2,92.34,True,2023-04-07 15:45:00,2023-04-07 15:30:00,6155.579999999983,6247.919999999983
sell,low_vol,ema_flipped,0.9999,1.24367,13.0,19.5,1.5,0.48,tp,19.5,93.6,True,2023-04-10 12:45:00,2023-04-10 12:30:00,6247.919999999983,6341.519999999983
buy,high_vol,bollinger,1.0,1.23849,15.4,23.1,1.5,0.41,sl,-15.4,-63.14,False,2023-04-10 15:15:00,2023-04-10 15:00:00,6341.519999999983,6278.379999999983
sell,high_vol,bollinger,1.0,1.23746,15.8,23.700000000000003,1.5,0.4,sl,-15.8,-63.2,False,2023-04-10 19:45:00,2023-04-10 19:30:00,6278.379999999983,6215.179999999983
sell,low_vol,ema_flipped,1.0,1.24067,9.9,14.850000000000001,1.5,0.63,sl,-9.9,-62.37,False,2023-04-11 06:15:00,2023-04-11 06:00:00,6215.179999999983,6152.809999999983
sell,high_vol,bollinger,0.7577,1.24259,11.5,17.25,1.5,0.35,sl,-11.5,-40.25,False,2023-04-11 10:15:00,2023-04-11 10:00:00,6152.809999999983,6112.559999999983
buy,high_vol,bollinger,1.0,1.24167,16.6,24.900000000000002,1.5,0.37,tp,24.9,92.13,True,2023-04-11 18:45:00,2023-04-11 18:30:00,6112.559999999983,6204.689999999983
buy,high_vol,bollinger,0.9999,1.24085,16.4,24.599999999999998,1.5,0.38,tp,24.6,93.48,True,2023-04-11 19:00:00,2023-04-11 18:45:00,6204.689999999983,6298.169999999983
buy,low_vol,ema_flipped,0.9803,1.24139,14.9,22.35,1.5,0.41,sl,-14.9,-61.09,False,2023-04-12 12:30:00,2023-04-12 12:15:00,6298.169999999983,6237.079999999983
sell,high_vol,bollinger,1.0,1.24524,19.4,29.099999999999998,1.5,0.32,sl,-19.4,-62.08,False,2023-04-12 15:45:00,2023-04-12 15:30:00,6237.079999999983,6174.999999999983
buy,high_vol,bollinger,0.9999,1.25065,16.6,24.900000000000002,1.5,0.37,timeout,4.7,17.39,True,2023-04-13 13:45:00,2023-04-13 13:30:00,6174.999999999983,6192.389999999983
buy,high_vol,bollinger,0.9978,1.25114,11.8,17.700000000000003,1.5,0.52,sl,-11.8,-61.36,False,2023-04-14 11:15:00,2023-04-14 11:00:00,6192.389999999983,6131.029999999983
sell,high_vol,bollinger,0.9882,1.25148,14.4,21.6,1.5,0.42,tp,21.6,90.72,True,2023-04-14 13:30:00,2023-04-14 13:15:00,6131.029999999983,6221.749999999984
buy,high_vol,bollinger,0.9998,1.24951,15.5,23.25,1.5,0.4,sl,-15.5,-62.0,False,2023-04-14 14:30:00,2023-04-14 14:15:00,6221.749999999984,6159.749999999984
buy,high_vol,bollinger,1.0,1.24676,18.8,28.200000000000003,1.5,0.33,sl,-18.8,-62.04,False,2023-04-14 15:45:00,2023-04-14 15:30:00,6159.749999999984,6097.709999999984
buy,high_vol,bollinger,0.981,1.23917,13.6,20.4,1.5,0.44,sl,-13.6,-59.84,False,2023-04-17 11:30:00,2023-04-17 11:15:00,6097.709999999984,6037.8699999999835
buy,high_vol,bollinger,1.0,1.23828,18.1,27.150000000000002,1.5,0.33,sl,-18.1,-59.73,False,2023-04-17 17:00:00,2023-04-17 16:45:00,6037.8699999999835,5978.139999999984
sell,low_vol,ema_flipped,0.9536,1.24168,10.8,16.200000000000003,1.5,0.52,sl,-10.8,-56.16,False,2023-04-18 10:15:00,2023-04-18 10:00:00,5978.139999999984,5921.979999999984
buy,high_vol,bollinger,1.0,1.24296,13.6,20.4,1.5,0.44,sl,-13.6,-59.84,False,2023-04-18 16:00:00,2023-04-18 15:45:00,5921.979999999984,5862.139999999984
buy,low_vol,ema_flipped,0.9962,1.24123,5.3,7.949999999999999,1.5,1.1,sl,-5.3,-58.3,False,2023-04-19 09:00:00,2023-04-19 08:45:00,5862.139999999984,5803.839999999984
sell,high_vol,bollinger,1.0,1.24425,13.9,20.85,1.5,0.42,sl,-13.9,-58.38,False,2023-04-19 09:45:00,2023-04-19 09:30:00,5803.839999999984,5745.459999999984
sell,high_vol,bollinger,1.0,1.24541,16.6,24.900000000000002,1.5,0.35,sl,-16.6,-58.1,False,2023-04-19 10:00:00,2023-04-19 09:45:00,5745.459999999984,5687.359999999983
buy,high_vol,bollinger,1.0,1.24115,28.9,43.349999999999994,1.5,0.2,tp,43.35,86.7,True,2023-04-19 12:45:00,2023-04-19 12:30:00,5687.359999999983,5774.059999999983
buy,low_vol,ema_flipped,1.0,1.24233,6.4,9.600000000000001,1.5,0.9,tp,9.6,86.4,True,2023-04-20 04:15:00,2023-04-20 04:00:00,5774.059999999983,5860.459999999983
sell,low_vol,ema_flipped,0.9997,1.24434,8.7,13.049999999999999,1.5,0.67,tp,13.05,87.43,True,2023-04-20 09:30:00,2023-04-20 09:15:00,5860.459999999983,5947.889999999983
buy,high_vol,bollinger,1.0,1.24149,16.6,24.900000000000002,1.5,0.36,tp,24.9,89.64,True,2023-04-20 15:15:00,2023-04-20 15:00:00,5947.889999999983,6037.529999999983
buy,low_vol,ema_flipped,1.0,1.24327,6.1,9.149999999999999,1.5,0.99,sl,-6.1,-60.39,False,2023-04-21 07:30:00,2023-04-21 07:15:00,6037.529999999983,5977.139999999983
sell,high_vol,bollinger,1.0,1.2393,14.9,22.35,1.5,0.4,sl,-14.9,-59.6,False,2023-04-21 14:45:00,2023-04-21 14:30:00,5977.139999999983,5917.539999999983
sell,high_vol,bollinger,1.0,1.24398,13.1,19.65,1.5,0.45,timeout,4.4,19.8,True,2023-04-21 21:15:00,2023-04-21 21:00:00,5917.539999999983,5937.339999999983
sell,high_vol,bollinger,0.9996,1.24387,11.8,17.700000000000003,1.5,0.5,sl,-11.8,-59.0,False,2023-04-24 10:45:00,2023-04-24 10:30:00,5937.339999999983,5878.339999999983
sell,high_vol,bollinger,1.0,1.24644,17.0,25.5,1.5,0.35,sl,-17.0,-59.5,False,2023-04-24 17:45:00,2023-04-24 17:30:00,5878.339999999983,5818.839999999983
buy,high_vol,bollinger,1.0,1.24678,11.2,16.799999999999997,1.5,0.52,sl,-11.2,-58.24,False,2023-04-25 10:15:00,2023-04-25 10:00:00,5818.839999999983,5760.599999999983
buy,high_vol,bollinger,1.0,1.2459,12.4,18.6,1.5,0.46,tp,18.6,85.56,True,2023-04-25 10:30:00,2023-04-25 10:15:00,5760.599999999983,5846.1599999999835
buy,high_vol,bollinger,1.0,1.2456,14.4,21.6,1.5,0.41,sl,-14.4,-59.04,False,2023-04-25 14:00:00,2023-04-25 13:45:00,5846.1599999999835,5787.1199999999835
buy,high_vol,bollinger,1.0,1.24506,14.1,21.15,1.5,0.41,sl,-14.1,-57.81,False,2023-04-25 14:15:00,2023-04-25 14:00:00,5787.1199999999835,5729.309999999983
buy,high_vol,bollinger,1.0,1.24072,17.2,25.799999999999997,1.5,0.33,sl,-17.2,-56.76,False,2023-04-25 16:15:00,2023-04-25 16:00:00,5729.309999999983,5672.549999999983
sell,high_vol,bollinger,1.0,1.24599,10.9,16.35,1.5,0.52,sl,-10.9,-56.68,False,2023-04-26 10:30:00,2023-04-26 10:15:00,5672.549999999983,5615.869999999983
sell,high_vol,bollinger,1.0,1.25016,22.5,33.75,1.5,0.25,tp,33.75,84.37,True,2023-04-26 16:30:00,2023-04-26 16:15:00,5615.869999999983,5700.2399999999825
buy,high_vol,bollinger,1.0,1.2445,17.1,25.650000000000002,1.5,0.33,tp,25.65,84.64,True,2023-04-27 13:00:00,2023-04-27 12:45:00,5700.2399999999825,5784.879999999983
sell,high_vol,bollinger,1.0,1.24905,17.8,26.700000000000003,1.5,0.32,tp,26.7,85.44,True,2023-04-28 11:00:00,2023-04-28 10:45:00,5784.879999999983,5870.319999999982
sell,high_vol,bollinger,1.0,1.2476,22.3,33.45,1.5,0.26,sl,-22.3,-57.98,False,2023-04-28 13:30:00,2023-04-28 13:15:00,5870.319999999982,5812.339999999983
sell,high_vol,bollinger,1.0,1.24863,21.3,31.950000000000003,1.5,0.27,sl,-21.3,-57.51,False,2023-04-28 16:00:00,2023-04-28 15:45:00,5812.339999999983,5754.829999999983
sell,high_vol,bollinger,1.0,1.25122,23.6,35.400000000000006,1.5,0.24,sl,-23.6,-56.64,False,2023-04-28 16:15:00,2023-04-28 16:00:00,5754.829999999983,5698.189999999982
sell,high_vol,bollinger,1.0,1.2551,13.5,20.25,1.5,0.42,tp,20.25,85.05,True,2023-05-01 15:45:00,2023-05-01 15:30:00,5698.189999999982,5783.2399999999825
buy,high_vol,bollinger,1.0,1.24674,16.0,24.0,1.5,0.36,sl,-16.0,-57.6,False,2023-05-02 11:15:00,2023-05-02 11:00:00,5783.2399999999825,5725.639999999982
sell,high_vol,bollinger,1.0,1.24816,22.5,33.75,1.5,0.25,tp,33.75,84.37,True,2023-05-02 14:15:00,2023-05-02 14:00:00,5725.639999999982,5810.009999999982
sell,low_vol,ema_flipped,1.0,1.2492,8.4,12.600000000000001,1.5,0.69,sl,-8.4,-57.96,False,2023-05-03 06:15:00,2023-05-03 06:00:00,5810.009999999982,5752.049999999982
sell,high_vol,bollinger,0.8099,1.24983,7.5,11.25,1.5,0.56,sl,-7.5,-42.0,False,2023-05-03 09:45:00,2023-05-03 09:30:00,5752.049999999982,5710.049999999982
sell,high_vol,bollinger,1.0,1.2528,22.8,34.2,1.5,0.25,sl,-22.8,-57.0,False,2023-05-03 17:15:00,2023-05-03 17:00:00,5710.049999999982,5653.049999999982
sell,high_vol,bollinger,1.0,1.25696,15.8,23.700000000000003,1.5,0.36,tp,23.7,85.32,True,2023-05-03 21:15:00,2023-05-03 21:00:00,5653.049999999982,5738.369999999982
sell,high_vol,bollinger,1.0,1.25803,12.0,18.0,1.5,0.48,timeout,-7.1,-34.08,False,2023-05-04 03:15:00,2023-05-04 03:00:00,5738.369999999982,5704.289999999982
buy,high_vol,bollinger,0.993,1.25753,10.1,15.149999999999999,1.5,0.56,sl,-10.1,-56.56,False,2023-05-04 09:45:00,2023-05-04 09:30:00,5704.289999999982,5647.729999999981
buy,high_vol,bollinger,1.0,1.25524,18.9,28.349999999999998,1.5,0.3,tp,28.35,85.05,True,2023-05-04 16:00:00,2023-05-04 15:45:00,5647.729999999981,5732.779999999982
sell,high_vol,bollinger,1.0,1.26241,11.6,17.4,1.5,0.49,tp,17.4,85.26,True,2023-05-05 09:45:00,2023-05-05 09:30:00,5732.779999999982,5818.039999999982
sell,high_vol,bollinger,1.0,1.26282,11.4,17.1,1.5,0.51,tp,17.1,87.21,True,2023-05-05 10:00:00,2023-05-05 09:45:00,5818.039999999982,5905.249999999982
buy,high_vol,bollinger,1.0,1.25652,14.8,22.200000000000003,1.5,0.4,tp,22.2,88.8,True,2023-05-05 15:45:00,2023-05-05 15:30:00,5905.249999999982,5994.049999999982
sell,high_vol,bollinger,1.0,1.26514,13.3,19.950000000000003,1.5,0.45,sl,-13.3,-59.85,False,2023-05-08 13:15:00,2023-05-08 13:00:00,5994.049999999982,5934.199999999982
buy,high_vol,bollinger,0.987,1.26433,11.7,17.549999999999997,1.5,0.5,sl,-11.7,-58.5,False,2023-05-08 17:30:00,2023-05-08 17:15:00,5934.199999999982,5875.699999999982
buy,high_vol,bollinger,1.0,1.26323,12.3,18.450000000000003,1.5,0.48,sl,-12.3,-59.04,False,2023-05-08 18:00:00,2023-05-08 17:45:00,5875.699999999982,5816.659999999982
buy,low_vol,ema_flipped,0.9916,1.26224,9.0,13.5,1.5,0.64,sl,-9.0,-57.6,False,2023-05-08 21:30:00,2023-05-08 21:15:00,5816.659999999982,5759.059999999981
buy,high_vol,bollinger,1.0,1.26012,12.6,18.9,1.5,0.46,sl,-12.6,-57.96,False,2023-05-09 14:45:00,2023-05-09 14:30:00,5759.059999999981,5701.099999999981
sell,low_vol,ema_flipped,0.9809,1.26235,10.2,15.299999999999999,1.5,0.54,sl,-10.2,-55.08,False,2023-05-09 21:45:00,2023-05-09 21:30:00,5701.099999999981,5646.019999999981
sell,high_vol,bollinger,0.9993,1.26408,9.2,13.799999999999999,1.5,0.61,tp,13.8,84.18,True,2023-05-10 10:15:00,2023-05-10 10:00:00,5646.019999999981,5730.199999999982
buy,high_vol,bollinger,1.0,1.26106,13.2,19.799999999999997,1.5,0.43,tp,19.8,85.14,True,2023-05-10 14:00:00,2023-05-10 13:45:00,5730.199999999982,5815.339999999982
buy,high_vol,bollinger,1.0,1.2604,13.2,19.799999999999997,1.5,0.44,tp,19.8,87.12,True,2023-05-10 14:15:00,2023-05-10 14:00:00,5815.339999999982,5902.459999999982
sell,high_vol,bollinger,1.0,1.26628,15.9,23.85,1.5,0.37,tp,23.85,88.25,True,2023-05-10 15:45:00,2023-05-10 15:30:00,5902.459999999982,5990.709999999982
sell,high_vol,bollinger,1.0,1.26725,17.2,25.799999999999997,1.5,0.35,tp,25.8,90.3,True,2023-05-10 16:00:00,2023-05-10 15:45:00,5990.709999999982,6081.009999999982
sell,low_vol,ema_flipped,0.9943,1.26248,10.0,15.0,1.5,0.6,sl,-10.0,-60.0,False,2023-05-10 23:00:00,2023-05-10 22:45:00,6081.009999999982,6021.009999999982
buy,low_vol,ema_flipped,1.0,1.26159,7.5,11.25,1.5,0.8,sl,-7.5,-60.0,False,2023-05-11 07:15:00,2023-05-11 07:00:00,6021.009999999982,5961.009999999982
buy,high_vol,bollinger,0.9954,1.26077,6.9,10.350000000000001,1.5,0.86,sl,-6.9,-59.34,False,2023-05-11 09:45:00,2023-05-11 09:30:00,5961.009999999982,5901.669999999982
buy,high_vol,bollinger,1.0,1.25907,8.7,13.049999999999999,1.5,0.68,sl,-8.7,-59.16,False,2023-05-11 10:00:00,2023-05-11 09:45:00,5901.669999999982,5842.509999999982
sell,high_vol,bollinger,1.0,1.26077,18.5,27.75,1.5,0.32,tp,27.75,88.8,True,2023-05-11 14:15:00,2023-05-11 14:00:00,5842.509999999982,5931.309999999982
buy,high_vol,bollinger,1.0,1.25617,26.2,39.3,1.5,0.23,sl,-26.2,-60.26,False,2023-05-11 16:15:00,2023-05-11 16:00:00,5931.309999999982,5871.049999999982
buy,high_vol,bollinger,1.0,1.2544,27.5,41.25,1.5,0.21,sl,-27.5,-57.75,False,2023-05-11 16:30:00,2023-05-11 16:15:00,5871.049999999982,5813.299999999982
buy,high_vol,bollinger,1.0,1.25091,29.8,44.7,1.5,0.2,timeout,17.6,35.2,True,2023-05-11 17:00:00,2023-05-11 16:45:00,5813.299999999982,5848.499999999982
buy,high_vol,bollinger,1.0,1.24707,20.8,31.200000000000003,1.5,0.28,sl,-20.8,-58.24,False,2023-05-12 18:00:00,2023-05-12 17:45:00,5848.499999999982,5790.259999999982
sell,high_vol,bollinger,1.0,1.24932,11.8,17.700000000000003,1.5,0.49,sl,-11.8,-57.82,False,2023-05-15 13:00:00,2023-05-15 12:45:00,5790.259999999982,5732.439999999982
sell,high_vol,bollinger,1.0,1.25168,12.6,18.9,1.5,0.45,sl,-12.6,-56.7,False,2023-05-15 17:00:00,2023-05-15 16:45:00,5732.439999999982,5675.7399999999825
buy,high_vol,bollinger,1.0,1.2477,10.5,15.75,1.5,0.54,sl,-10.5,-56.7,False,2023-05-16 09:15:00,2023-05-16 09:00:00,5675.7399999999825,5619.039999999983
buy,high_vol,bollinger,1.0,1.25279,14.4,21.6,1.5,0.39,sl,-14.4,-56.16,False,2023-05-16 14:45:00,2023-05-16 14:30:00,5619.039999999983,5562.879999999983
buy,high_vol,bollinger,1.0,1.25186,14.6,21.9,1.5,0.38,sl,-14.6,-55.48,False,2023-05-16 15:00:00,2023-05-16 14:45:00,5562.879999999983,5507.399999999983
buy,high_vol,bollinger,1.0,1.24923,22.7,34.05,1.5,0.24,sl,-22.7,-54.48,False,2023-05-16 17:15:00,2023-05-16 17:00:00,5507.399999999983,5452.919999999984
buy,high_vol,bollinger,0.7958,1.24553,8.2,12.299999999999999,1.5,0.47,tp,12.3,57.81,True,2023-05-17 09:15:00,2023-05-17 09:00:00,5452.919999999984,5510.729999999984
buy,high_vol,bollinger,1.0,1.24355,15.2,22.799999999999997,1.5,0.36,tp,22.8,82.08,True,2023-05-17 10:45:00,2023-05-17 10:30:00,5510.729999999984,5592.809999999984
buy,high_vol,bollinger,1.0,1.24222,16.3,24.450000000000003,1.5,0.34,tp,24.45,83.13,True,2023-05-17 11:00:00,2023-05-17 10:45:00,5592.809999999984,5675.939999999984
sell,high_vol,bollinger,1.0,1.24967,18.3,27.450000000000003,1.5,0.31,tp,27.45,85.09,True,2023-05-17 19:45:00,2023-05-17 19:30:00,5675.939999999984,5761.029999999984
buy,low_vol,ema_flipped,1.0,1.2471,7.1,10.649999999999999,1.5,0.81,sl,-7.1,-57.51,False,2023-05-18 08:15:00,2023-05-18 08:00:00,5761.029999999984,5703.519999999984
buy,high_vol,bollinger,0.9806,1.24606,10.3,15.450000000000001,1.5,0.54,sl,-10.3,-55.62,False,2023-05-18 10:00:00,2023-05-18 09:45:00,5703.519999999984,5647.899999999984
buy,high_vol,bollinger,0.9999,1.24551,12.0,18.0,1.5,0.47,sl,-12.0,-56.4,False,2023-05-18 10:30:00,2023-05-18 10:15:00,5647.899999999984,5591.4999999999845
sell,high_vol,bollinger,1.0,1.24128,8.9,13.350000000000001,1.5,0.63,sl,-8.9,-56.07,False,2023-05-19 09:15:00,2023-05-19 09:00:00,5591.4999999999845,5535.429999999985
sell,high_vol,bollinger,1.0,1.2424,9.0,13.5,1.5,0.62,tp,13.5,83.7,True,2023-05-19 09:30:00,2023-05-19 09:15:00,5535.429999999985,5619.129999999985
sell,high_vol,bollinger,1.0,1.24273,17.8,26.700000000000003,1.5,0.32,sl,-17.8,-56.96,False,2023-05-19 12:45:00,2023-05-19 12:30:00,5619.129999999985,5562.169999999985
sell,high_vol,bollinger,1.0,1.24424,15.5,23.25,1.5,0.36,sl,-15.5,-55.8,False,2023-05-19 15:00:00,2023-05-19 14:45:00,5562.169999999985,5506.369999999984
sell,high_vol,bollinger,1.0,1.24603,21.6,32.400000000000006,1.5,0.25,tp,32.4,81.0,True,2023-05-19 18:30:00,2023-05-19 18:15:00,5506.369999999984,5587.369999999984
sell,high_vol,bollinger,1.0,1.24387,13.4,20.1,1.5,0.42,tp,20.1,84.42,True,2023-05-22 21:00:00,2023-05-22 20:45:00,5587.369999999984,5671.7899999999845
buy,high_vol,bollinger,1.0,1.24095,11.6,17.4,1.5,0.49,sl,-11.6,-56.84,False,2023-05-23 10:15:00,2023-05-23 10:00:00,5671.7899999999845,5614.949999999984
sell,high_vol,bollinger,1.0,1.24003,15.5,23.25,1.5,0.36,sl,-15.5,-55.8,False,2023-05-23 16:30:00,2023-05-23 16:15:00,5614.949999999984,5559.149999999984
sell,high_vol,bollinger,1.0,1.24056,16.0,24.0,1.5,0.35,sl,-16.0,-56.0,False,2023-05-23 16:45:00,2023-05-23 16:30:00,5559.149999999984,5503.149999999984
sell,high_vol,bollinger,1.0,1.24163,18.3,27.450000000000003,1.5,0.3,sl,-18.3,-54.9,False,2023-05-23 17:00:00,2023-05-23 16:45:00,5503.149999999984,5448.2499999999845
buy,high_vol,bollinger,1.0,1.24091,19.8,29.700000000000003,1.5,0.28,tp,29.7,83.16,True,2023-05-23 19:15:00,2023-05-23 19:00:00,5448.2499999999845,5531.409999999984
sell,low_vol,ema_flipped,1.0,1.24244,5.0,7.5,1.5,1.11,tp,7.5,83.25,True,2023-05-24 03:45:00,2023-05-24 03:30:00,5531.409999999984,5614.659999999984
sell,high_vol,bollinger,1.0,1.24462,10.2,15.299999999999999,1.5,0.55,sl,-10.2,-56.1,False,2023-05-24 09:15:00,2023-05-24 09:00:00,5614.659999999984,5558.559999999984
sell,high_vol,bollinger,1.0,1.24613,12.5,18.75,1.5,0.44,tp,18.75,82.5,True,2023-05-24 09:45:00,2023-05-24 09:30:00,5558.559999999984,5641.059999999984
buy,high_vol,bollinger,1.0,1.23944,25.9,38.849999999999994,1.5,0.22,sl,-25.9,-56.98,False,2023-05-24 12:45:00,2023-05-24 12:30:00,5641.059999999984,5584.0799999999845
buy,high_vol,bollinger,1.0,1.23798,21.9,32.849999999999994,1.5,0.25,sl,-21.9,-54.75,False,2023-05-24 17:00:00,2023-05-24 16:45:00,5584.0799999999845,5529.3299999999845
buy,high_vol,bollinger,1.0,1.23717,22.8,34.2,1.5,0.24,timeout,0.1,0.24,True,2023-05-24 17:15:00,2023-05-24 17:00:00,5529.3299999999845,5529.569999999984
buy,high_vol,bollinger,1.0,1.23609,14.6,21.9,1.5,0.38,sl,-14.6,-55.48,False,2023-05-24 22:00:00,2023-05-24 21:45:00,5529.569999999984,5474.089999999985
sell,high_vol,bollinger,0.9603,1.23504,9.2,13.799999999999999,1.5,0.56,sl,-9.2,-51.52,False,2023-05-25 09:30:00,2023-05-25 09:15:00,5474.089999999985,5422.569999999984
sell,high_vol,bollinger,0.9601,1.23588,9.5,14.25,1.5,0.54,tp,14.25,76.95,True,2023-05-25 09:45:00,2023-05-25 09:30:00,5422.569999999984,5499.519999999984
buy,high_vol,bollinger,1.0,1.23578,16.0,24.0,1.5,0.34,sl,-16.0,-54.4,False,2023-05-25 14:00:00,2023-05-25 13:45:00,5499.519999999984,5445.119999999984
buy,high_vol,bollinger,1.0,1.2348,17.3,25.950000000000003,1.5,0.31,sl,-17.3,-53.63,False,2023-05-25 15:45:00,2023-05-25 15:30:00,5445.119999999984,5391.489999999984
sell,high_vol,bollinger,0.79,1.23485,9.3,13.950000000000001,1.5,0.41,sl,-9.3,-38.13,False,2023-05-26 09:30:00,2023-05-26 09:15:00,5391.489999999984,5353.359999999984
sell,high_vol,bollinger,1.0,1.23656,16.6,24.900000000000002,1.5,0.32,sl,-16.6,-53.12,False,2023-05-26 11:45:00,2023-05-26 11:30:00,5353.359999999984,5300.239999999984
buy,high_vol,bollinger,1.0,1.23588,17.2,25.799999999999997,1.5,0.31,sl,-17.2,-53.32,False,2023-05-26 15:45:00,2023-05-26 15:30:00,5300.239999999984,5246.919999999985
buy,high_vol,bollinger,1.0,1.23267,23.4,35.099999999999994,1.5,0.22,timeout,22.9,50.38,True,2023-05-26 17:45:00,2023-05-26 17:30:00,5246.919999999985,5297.299999999985
buy,low_vol,ema_flipped,1.0,1.2347,6.4,9.600000000000001,1.5,0.83,sl,-6.4,-53.12,False,2023-05-29 02:45:00,2023-05-29 02:30:00,5297.299999999985,5244.179999999985
sell,low_vol,ema_flipped,1.0,1.23493,5.9,8.850000000000001,1.5,0.89,sl,-5.9,-52.51,False,2023-05-29 04:45:00,2023-05-29 04:30:00,5244.179999999985,5191.669999999985
buy,low_vol,ema_flipped,0.822,1.23425,12.0,18.0,1.5,0.32,tp,18.0,57.6,True,2023-05-29 12:45:00,2023-05-29 12:30:00,5191.669999999985,5249.269999999985
sell,low_vol,ema_flipped,1.0,1.23602,7.3,10.95,1.5,0.72,tp,10.95,78.84,True,2023-05-29 19:00:00,2023-05-29 18:45:00,5249.269999999985,5328.109999999985
buy,low_vol,ema_flipped,0.9726,1.23369,9.9,14.850000000000001,1.5,0.52,sl,-9.9,-51.48,False,2023-05-30 08:45:00,2023-05-30 08:30:00,5328.109999999985,5276.629999999986
sell,high_vol,bollinger,1.0,1.2408,17.7,26.549999999999997,1.5,0.3,sl,-17.7,-53.1,False,2023-05-30 12:30:00,2023-05-30 12:15:00,5276.629999999986,5223.529999999985
sell,high_vol,bollinger,1.0,1.24425,19.9,29.849999999999998,1.5,0.26,tp,29.85,77.61,True,2023-05-30 15:15:00,2023-05-30 15:00:00,5223.529999999985,5301.139999999985
buy,high_vol,bollinger,1.0,1.23912,15.9,23.85,1.5,0.33,timeout,18.6,61.38,True,2023-05-30 20:15:00,2023-05-30 20:00:00,5301.139999999985,5362.519999999985
sell,high_vol,bollinger,0.9364,1.24212,6.5,9.75,1.5,0.75,tp,9.75,73.12,True,2023-05-31 04:00:00,2023-05-31 03:45:00,5362.519999999985,5435.639999999985
buy,high_vol,bollinger,0.9936,1.23674,12.8,19.200000000000003,1.5,0.42,sl,-12.8,-53.76,False,2023-05-31 10:15:00,2023-05-31 10:00:00,5435.639999999985,5381.879999999985
sell,high_vol,bollinger,1.0,1.24084,17.1,25.650000000000002,1.5,0.31,tp,25.65,79.51,True,2023-05-31 16:45:00,2023-05-31 16:30:00,5381.879999999985,5461.389999999985
sell,high_vol,bollinger,1.0,1.24215,28.0,42.0,1.5,0.2,sl,-28.0,-56.0,False,2023-05-31 20:45:00,2023-05-31 20:30:00,5461.389999999985,5405.389999999985
buy,high_vol,bollinger,0.9972,1.24167,12.7,19.049999999999997,1.5,0.42,sl,-12.7,-53.34,False,2023-06-01 10:30:00,2023-06-01 10:15:00,5405.389999999985,5352.049999999985
buy,high_vol,bollinger,1.0,1.25131,14.7,22.049999999999997,1.5,0.36,sl,-14.7,-52.92,False,2023-06-02 15:45:00,2023-06-02 15:30:00,5352.049999999985,5299.129999999985
buy,high_vol,bollinger,1.0,1.24811,23.0,34.5,1.5,0.23,sl,-23.0,-52.9,False,2023-06-02 18:00:00,2023-06-02 17:45:00,5299.129999999985,5246.229999999985
sell,high_vol,bollinger,1.0,1.24188,17.7,26.549999999999997,1.5,0.3,sl,-17.7,-53.1,False,2023-06-05 17:15:00,2023-06-05 17:00:00,5246.229999999985,5193.129999999985
sell,low_vol,ema_flipped,1.0,1.24326,7.0,10.5,1.5,0.74,timeout,-3.7,-27.38,False,2023-06-06 01:00:00,2023-06-06 00:45:00,5193.129999999985,5165.7499999999845
buy,high_vol,bollinger,1.0,1.2429,13.0,19.5,1.5,0.4,sl,-13.0,-52.0,False,2023-06-06 10:30:00,2023-06-06 10:15:00,5165.7499999999845,5113.7499999999845
sell,low_vol,ema_flipped,1.0,1.24243,5.0,7.5,1.5,1.02,sl,-5.0,-51.0,False,2023-06-07 02:45:00,2023-06-07 02:30:00,5113.7499999999845,5062.7499999999845
buy,low_vol,ema_flipped,1.0,1.24223,6.1,9.149999999999999,1.5,0.83,sl,-6.1,-50.63,False,2023-06-07 08:45:00,2023-06-07 08:30:00,5062.7499999999845,5012.119999999984
sell,high_vol,bollinger,1.0,1.24384,12.7,19.049999999999997,1.5,0.39,sl,-12.7,-49.53,False,2023-06-07 12:00:00,2023-06-07 11:45:00,5012.119999999984,4962.589999999985
sell,high_vol,bollinger,1.0,1.2483,16.2,24.299999999999997,1.5,0.31,sl,-16.2,-50.22,False,2023-06-07 16:45:00,2023-06-07 16:30:00,4962.589999999985,4912.369999999984
sell,high_vol,bollinger,1.0,1.24976,16.8,25.200000000000003,1.5,0.29,tp,25.2,73.08,True,2023-06-07 17:00:00,2023-06-07 16:45:00,4912.369999999984,4985.449999999984
sell,high_vol,bollinger,1.0,1.24752,13.9,20.85,1.5,0.36,sl,-13.9,-50.04,False,2023-06-08 15:30:00,2023-06-08 15:15:00,4985.449999999984,4935.409999999984
sell,high_vol,bollinger,1.0,1.24847,14.5,21.75,1.5,0.34,sl,-14.5,-49.3,False,2023-06-08 15:45:00,2023-06-08 15:30:00,4935.409999999984,4886.109999999984
sell,high_vol,bollinger,1.0,1.25125,17.9,26.849999999999998,1.5,0.27,sl,-17.9,-48.33,False,2023-06-08 16:45:00,2023-06-08 16:30:00,4886.109999999984,4837.779999999984
sell,high_vol,bollinger,0.9997,1.25533,13.1,19.65,1.5,0.37,sl,-13.1,-48.47,False,2023-06-09 14:15:00,2023-06-09 14:00:00,4837.779999999984,4789.309999999984
buy,high_vol,bollinger,1.0,1.2581,13.9,20.85,1.5,0.34,sl,-13.9,-47.26,False,2023-06-12 13:45:00,2023-06-12 13:30:00,4789.309999999984,4742.049999999984
buy,high_vol,bollinger,1.0,1.25229,14.6,21.9,1.5,0.32,sl,-14.6,-46.72,False,2023-06-12 17:00:00,2023-06-12 16:45:00,4742.049999999984,4695.329999999984
sell,high_vol,bollinger,1.0,1.25562,10.4,15.600000000000001,1.5,0.45,sl,-10.4,-46.8,False,2023-06-13 09:15:00,2023-06-13 09:00:00,4695.329999999984,4648.529999999983
sell,high_vol,bollinger,1.0,1.25714,13.5,20.25,1.5,0.34,sl,-13.5,-45.9,False,2023-06-13 13:15:00,2023-06-13 13:00:00,4648.529999999983,4602.629999999984
sell,high_vol,bollinger,1.0,1.25969,13.6,20.4,1.5,0.34,tp,20.4,69.36,True,2023-06-13 15:45:00,2023-06-13 15:30:00,4602.629999999984,4671.989999999983
sell,high_vol,bollinger,0.9996,1.2618,11.2,16.799999999999997,1.5,0.42,sl,-11.2,-47.04,False,2023-06-14 11:00:00,2023-06-14 10:45:00,4671.989999999983,4624.949999999983
sell,high_vol,bollinger,1.0,1.26292,12.5,18.75,1.5,0.37,sl,-12.5,-46.25,False,2023-06-14 11:30:00,2023-06-14 11:15:00,4624.949999999983,4578.699999999983
sell,high_vol,bollinger,0.9999,1.26685,11.6,17.4,1.5,0.39,sl,-11.6,-45.24,False,2023-06-14 15:45:00,2023-06-14 15:30:00,4578.699999999983,4533.459999999984
buy,high_vol,bollinger,0.9989,1.26816,10.5,15.75,1.5,0.43,sl,-10.5,-45.15,False,2023-06-14 21:00:00,2023-06-14 20:45:00,4533.459999999984,4488.309999999984
buy,high_vol,bollinger,1.0,1.26455,15.8,23.700000000000003,1.5,0.28,tp,23.7,66.36,True,2023-06-14 21:15:00,2023-06-14 21:00:00,4488.309999999984,4554.669999999984
buy,high_vol,bollinger,1.0,1.26388,16.7,25.049999999999997,1.5,0.27,tp,25.05,67.63,True,2023-06-14 21:30:00,2023-06-14 21:15:00,4554.669999999984,4622.299999999984
sell,high_vol,bollinger,1.0,1.26656,6.0,9.0,1.5,0.77,sl,-6.0,-46.2,False,2023-06-15 02:30:00,2023-06-15 02:15:00,4622.299999999984,4576.099999999984
buy,low_vol,ema_flipped,0.9959,1.26394,11.2,16.799999999999997,1.5,0.41,tp,16.8,68.88,True,2023-06-15 07:15:00,2023-06-15 07:00:00,4576.099999999984,4644.979999999984
buy,high_vol,bollinger,1.0,1.2644,14.4,21.6,1.5,0.32,tp,21.6,69.12,True,2023-06-15 15:00:00,2023-06-15 14:45:00,4644.979999999984,4714.099999999984
sell,high_vol,bollinger,1.0,1.27195,23.0,34.5,1.5,0.2,sl,-23.0,-46.0,False,2023-06-15 17:00:00,2023-06-15 16:45:00,4714.099999999984,4668.099999999984
sell,high_vol,bollinger,1.0,1.28056,9.4,14.100000000000001,1.5,0.5,tp,14.1,70.5,True,2023-06-16 09:30:00,2023-06-16 09:15:00,4668.099999999984,4738.599999999984
sell,high_vol,bollinger,1.0,1.28042,13.6,20.4,1.5,0.35,sl,-13.6,-47.6,False,2023-06-16 14:30:00,2023-06-16 14:15:00,4738.599999999984,4690.999999999984
sell,high_vol,bollinger,0.9999,1.28126,13.7,20.549999999999997,1.5,0.34,sl,-13.7,-46.58,False,2023-06-16 14:45:00,2023-06-16 14:30:00,4690.999999999984,4644.419999999984
sell,high_vol,bollinger,1.0,1.28236,14.1,21.15,1.5,0.33,sl,-14.1,-46.53,False,2023-06-16 15:00:00,2023-06-16 14:45:00,4644.419999999984,4597.889999999984
sell,high_vol,bollinger,1.0,1.28357,14.5,21.75,1.5,0.32,tp,21.75,69.6,True,2023-06-16 15:15:00,2023-06-16 15:00:00,4597.889999999984,4667.489999999984
buy,high_vol,bollinger,1.0,1.28056,13.9,20.85,1.5,0.34,sl,-13.9,-47.26,False,2023-06-19 13:00:00,2023-06-19 12:45:00,4667.489999999984,4620.229999999984
buy,low_vol,ema_flipped,0.8889,1.28011,10.5,15.75,1.5,0.37,sl,-10.5,-38.85,False,2023-06-19 16:45:00,2023-06-19 16:30:00,4620.229999999984,4581.379999999984
buy,high_vol,bollinger,0.9933,1.27796,12.1,18.15,1.5,0.37,tp,18.15,67.15,True,2023-06-19 19:45:00,2023-06-19 19:30:00,4581.379999999984,4648.529999999983
buy,high_vol,bollinger,0.7917,1.27741,12.8,19.200000000000003,1.5,0.26,tp,19.2,49.92,True,2023-06-19 20:00:00,2023-06-19 19:45:00,4648.529999999983,4698.449999999983
sell,high_vol,bollinger,0.9998,1.2783,5.0,7.5,1.5,0.94,sl,-5.0,-47.0,False,2023-06-20 00:00:00,2023-06-19 23:45:00,4698.449999999983,4651.449999999983
buy,high_vol,bollinger,1.0,1.27462,16.4,24.599999999999998,1.5,0.28,sl,-16.4,-45.92,False,2023-06-20 15:30:00,2023-06-20 15:15:00,4651.449999999983,4605.529999999983
sell,high_vol,bollinger,0.9762,1.27618,11.2,16.799999999999997,1.5,0.4,sl,-11.2,-44.8,False,2023-06-20 22:45:00,2023-06-20 22:30:00,4605.529999999983,4560.729999999983
sell,high_vol,bollinger,1.0,1.27733,11.5,17.25,1.5,0.4,sl,-11.5,-46.0,False,2023-06-21 09:15:00,2023-06-21 09:00:00,4560.729999999983,4514.729999999983
sell,high_vol,bollinger,1.0,1.27795,13.8,20.700000000000003,1.5,0.33,tp,20.7,68.31,True,2023-06-21 09:45:00,2023-06-21 09:30:00,4514.729999999983,4583.039999999984
buy,high_vol,bollinger,1.0,1.2737,23.5,35.25,1.5,0.2,sl,-23.5,-47.0,False,2023-06-21 11:00:00,2023-06-21 10:45:00,4583.039999999984,4536.039999999984
sell,high_vol,bollinger,1.0,1.27396,22.3,33.45,1.5,0.2,sl,-22.3,-44.6,False,2023-06-21 17:30:00,2023-06-21 17:15:00,4536.039999999984,4491.439999999983
sell,high_vol,bollinger,1.0,1.27805,14.5,21.75,1.5,0.31,sl,-14.5,-44.95,False,2023-06-22 11:15:00,2023-06-22 11:00:00,4491.439999999983,4446.489999999983
buy,high_vol,bollinger,1.0,1.27632,27.8,41.7,1.5,0.16,timeout,-9.8,-15.68,False,2023-06-22 14:15:00,2023-06-22 14:00:00,4446.489999999983,4430.809999999983
sell,high_vol,bollinger,1.0,1.27253,12.3,18.450000000000003,1.5,0.36,tp,18.45,66.42,True,2023-06-23 10:15:00,2023-06-23 10:00:00,4430.809999999983,4497.229999999983
sell,high_vol,bollinger,1.0,1.27175,25.5,38.25,1.5,0.18,sl,-25.5,-45.9,False,2023-06-23 13:00:00,2023-06-23 12:45:00,4497.229999999983,4451.329999999984
sell,high_vol,bollinger,1.0,1.27304,18.9,28.349999999999998,1.5,0.24,tp,28.35,68.04,True,2023-06-23 15:15:00,2023-06-23 15:00:00,4451.329999999984,4519.3699999999835
buy,high_vol,bollinger,1.0,1.26987,20.7,31.049999999999997,1.5,0.22,tp,31.05,68.31,True,2023-06-23 19:00:00,2023-06-23 18:45:00,4519.3699999999835,4587.679999999984
buy,high_vol,bollinger,1.0,1.26936,20.3,30.450000000000003,1.5,0.23,tp,30.45,70.03,True,2023-06-23 19:15:00,2023-06-23 19:00:00,4587.679999999984,4657.709999999984
sell,low_vol,ema_flipped,1.0,1.27305,7.5,11.25,1.5,0.62,sl,-7.5,-46.5,False,2023-06-26 03:30:00,2023-06-26 03:15:00,4657.709999999984,4611.209999999984
buy,high_vol,bollinger,1.0,1.27317,15.7,23.549999999999997,1.5,0.29,sl,-15.7,-45.53,False,2023-06-26 13:00:00,2023-06-26 12:45:00,4611.209999999984,4565.679999999984
buy,high_vol,bollinger,1.0,1.27243,15.6,23.4,1.5,0.29,sl,-15.6,-45.24,False,2023-06-26 13:45:00,2023-06-26 13:30:00,4565.679999999984,4520.439999999984
buy,high_vol,bollinger,1.0,1.27111,16.0,24.0,1.5,0.28,sl,-16.0,-44.8,False,2023-06-26 14:00:00,2023-06-26 13:45:00,4520.439999999984,4475.639999999984
sell,high_vol,bollinger,0.9339,1.27218,7.3,10.95,1.5,0.56,sl,-7.3,-40.88,False,2023-06-27 04:45:00,2023-06-27 04:30:00,4475.639999999984,4434.759999999984
sell,low_vol,ema_flipped,0.9998,1.27278,11.2,16.799999999999997,1.5,0.4,sl,-11.2,-44.8,False,2023-06-27 06:30:00,2023-06-27 06:15:00,4434.759999999984,4389.959999999984
buy,high_vol,bollinger,1.0,1.27176,15.2,22.799999999999997,1.5,0.29,tp,22.8,66.12,True,2023-06-27 12:30:00,2023-06-27 12:15:00,4389.959999999984,4456.079999999984
buy,low_vol,ema_flipped,1.0,1.27353,7.9,11.850000000000001,1.5,0.56,sl,-7.9,-44.24,False,2023-06-28 06:15:00,2023-06-28 06:00:00,4456.079999999984,4411.839999999984
buy,high_vol,bollinger,1.0,1.27138,13.8,20.700000000000003,1.5,0.32,sl,-13.8,-44.16,False,2023-06-28 11:30:00,2023-06-28 11:15:00,4411.839999999984,4367.679999999984
buy,high_vol,bollinger,1.0,1.26766,18.1,27.150000000000002,1.5,0.24,sl,-18.1,-43.44,False,2023-06-28 14:45:00,2023-06-28 14:30:00,4367.679999999984,4324.239999999984
buy,high_vol,bollinger,1.0,1.26647,18.0,27.0,1.5,0.24,sl,-18.0,-43.2,False,2023-06-28 15:00:00,2023-06-28 14:45:00,4324.239999999984,4281.0399999999845
sell,high_vol,bollinger,1.0,1.26542,13.2,19.799999999999997,1.5,0.32,tp,19.8,63.36,True,2023-06-29 13:30:00,2023-06-29 13:15:00,4281.0399999999845,4344.399999999984
buy,high_vol,bollinger,1.0,1.26267,15.9,23.85,1.5,0.27,sl,-15.9,-42.93,False,2023-06-29 15:45:00,2023-06-29 15:30:00,4344.399999999984,4301.469999999984
buy,high_vol,bollinger,1.0,1.2607,17.9,26.849999999999998,1.5,0.24,tp,26.85,64.44,True,2023-06-29 16:00:00,2023-06-29 15:45:00,4301.469999999984,4365.9099999999835
buy,high_vol,bollinger,1.0,1.26058,10.2,15.299999999999999,1.5,0.43,tp,15.3,65.79,True,2023-06-30 09:30:00,2023-06-30 09:15:00,4365.9099999999835,4431.699999999983
sell,high_vol,bollinger,1.0,1.26825,20.0,30.0,1.5,0.22,sl,-20.0,-44.0,False,2023-06-30 15:45:00,2023-06-30 15:30:00,4431.699999999983,4387.699999999983
buy,high_vol,bollinger,0.9993,1.26803,8.6,12.899999999999999,1.5,0.51,sl,-8.6,-43.86,False,2023-07-03 09:15:00,2023-07-03 09:00:00,4387.699999999983,4343.839999999984
sell,high_vol,bollinger,1.0,1.26887,15.5,23.25,1.5,0.28,sl,-15.5,-43.4,False,2023-07-03 15:45:00,2023-07-03 15:30:00,4343.839999999984,4300.439999999984
sell,high_vol,bollinger,1.0,1.26929,15.4,23.1,1.5,0.28,sl,-15.4,-43.12,False,2023-07-03 16:00:00,2023-07-03 15:45:00,4300.439999999984,4257.319999999984
buy,high_vol,bollinger,0.9968,1.26836,12.5,18.75,1.5,0.34,tp,18.75,63.75,True,2023-07-03 21:00:00,2023-07-03 20:45:00,4257.319999999984,4321.069999999984
sell,high_vol,bollinger,0.9999,1.27035,8.3,12.450000000000001,1.5,0.52,tp,12.45,64.74,True,2023-07-04 09:30:00,2023-07-04 09:15:00,4321.069999999984,4385.809999999984
sell,high_vol,bollinger,0.9993,1.27186,10.5,15.75,1.5,0.42,sl,-10.5,-44.1,False,2023-07-04 14:30:00,2023-07-04 14:15:00,4385.809999999984,4341.709999999984
sell,high_vol,bollinger,1.0,1.27351,12.6,18.9,1.5,0.34,tp,18.9,64.26,True,2023-07-04 16:00:00,2023-07-04 15:45:00,4341.709999999984,4405.969999999984
buy,low_vol,ema_flipped,1.0,1.27067,6.9,10.350000000000001,1.5,0.64,sl,-6.9,-44.16,False,2023-07-05 06:45:00,2023-07-05 06:30:00,4405.969999999984,4361.809999999984
sell,high_vol,bollinger,1.0,1.27183,9.8,14.700000000000001,1.5,0.45,tp,14.7,66.15,True,2023-07-05 10:15:00,2023-07-05 10:00:00,4361.809999999984,4427.959999999984
buy,high_vol,bollinger,1.0,1.26988,14.1,21.15,1.5,0.31,tp,21.15,65.57,True,2023-07-05 14:00:00,2023-07-05 13:45:00,4427.959999999984,4493.529999999983
buy,high_vol,bollinger,1.0,1.26914,15.1,22.65,1.5,0.3,tp,22.65,67.95,True,2023-07-05 14:30:00,2023-07-05 14:15:00,4493.529999999983,4561.479999999983
sell,high_vol,bollinger,1.0,1.27199,15.0,22.5,1.5,0.3,sl,-15.0,-45.0,False,2023-07-05 15:45:00,2023-07-05 15:30:00,4561.479999999983,4516.479999999983
buy,high_vol,bollinger,1.0,1.26969,11.4,17.1,1.5,0.4,tp,17.1,68.4,True,2023-07-05 21:30:00,2023-07-05 21:15:00,4516.479999999983,4584.879999999983
sell,low_vol,ema_flipped,0.6949,1.27104,9.3,13.950000000000001,1.5,0.28,sl,-9.3,-26.04,False,2023-07-06 09:45:00,2023-07-06 09:30:00,4584.879999999983,4558.839999999983
sell,high_vol,bollinger,1.0,1.27621,22.6,33.900000000000006,1.5,0.2,tp,33.9,67.8,True,2023-07-06 13:30:00,2023-07-06 13:15:00,4558.839999999983,4626.639999999983
buy,high_vol,bollinger,1.0,1.27413,21.8,32.7,1.5,0.21,sl,-21.8,-45.78,False,2023-07-06 15:45:00,2023-07-06 15:30:00,4626.639999999983,4580.859999999983
buy,high_vol,bollinger,1.0,1.27067,24.9,37.349999999999994,1.5,0.18,sl,-24.9,-44.82,False,2023-07-06 17:15:00,2023-07-06 17:00:00,4580.859999999983,4536.039999999984
buy,high_vol,bollinger,1.0,1.26875,26.6,39.900000000000006,1.5,0.17,tp,39.9,67.83,True,2023-07-06 17:30:00,2023-07-06 17:15:00,4536.039999999984,4603.8699999999835
sell,high_vol,bollinger,1.0,1.27472,14.8,22.200000000000003,1.5,0.31,sl,-14.8,-45.88,False,2023-07-07 12:45:00,2023-07-07 12:30:00,4603.8699999999835,4557.989999999983
sell,high_vol,bollinger,1.0,1.27649,15.0,22.5,1.5,0.3,sl,-15.0,-45.0,False,2023-07-07 13:45:00,2023-07-07 13:30:00,4557.989999999983,4512.989999999983
sell,high_vol,bollinger,1.0,1.27867,16.6,24.900000000000002,1.5,0.27,tp,24.9,67.23,True,2023-07-07 15:30:00,2023-07-07 15:15:00,4512.989999999983,4580.219999999983
sell,high_vol,bollinger,1.0,1.28244,28.5,42.75,1.5,0.16,tp,42.75,68.4,True,2023-07-07 17:45:00,2023-07-07 17:30:00,4580.219999999983,4648.619999999983
buy,high_vol,bollinger,1.0,1.28031,15.1,22.65,1.5,0.31,sl,-15.1,-46.81,False,2023-07-10 13:15:00,2023-07-10 13:00:00,4648.619999999983,4601.809999999982
sell,high_vol,bollinger,1.0,1.28053,19.6,29.400000000000002,1.5,0.23,sl,-19.6,-45.08,False,2023-07-10 17:15:00,2023-07-10 17:00:00,4601.809999999982,4556.729999999982
sell,high_vol,bollinger,1.0,1.28528,7.9,11.850000000000001,1.5,0.58,sl,-7.9,-45.82,False,2023-07-10 21:45:00,2023-07-10 21:30:00,4556.729999999982,4510.909999999983
sell,high_vol,bollinger,0.9965,1.28626,8.5,12.75,1.5,0.53,timeout,-5.8,-30.74,False,2023-07-10 22:15:00,2023-07-10 22:00:00,4510.909999999983,4480.169999999983
sell,high_vol,bollinger,1.0,1.28965,12.9,19.35,1.5,0.35,sl,-12.9,-45.15,False,2023-07-11 09:15:00,2023-07-11 09:00:00,4480.169999999983,4435.019999999983
sell,high_vol,bollinger,1.0,1.29091,13.3,19.950000000000003,1.5,0.33,tp,19.95,65.83,True,2023-07-11 09:30:00,2023-07-11 09:15:00,4435.019999999983,4500.849999999983
sell,high_vol,bollinger,1.0,1.29211,14.4,21.6,1.5,0.31,sl,-14.4,-44.64,False,2023-07-11 20:00:00,2023-07-11 19:45:00,4500.849999999983,4456.209999999983
buy,high_vol,bollinger,0.9999,1.29447,10.7,16.049999999999997,1.5,0.42,sl,-10.7,-44.94,False,2023-07-12 10:00:00,2023-07-12 09:45:00,4456.209999999983,4411.269999999983
buy,high_vol,bollinger,1.0,1.29264,14.8,22.200000000000003,1.5,0.3,sl,-14.8,-44.4,False,2023-07-12 12:15:00,2023-07-12 12:00:00,4411.269999999983,4366.8699999999835
sell,high_vol,bollinger,1.0,1.29565,20.1,30.150000000000002,1.5,0.22,sl,-20.1,-44.22,False,2023-07-12 15:45:00,2023-07-12 15:30:00,4366.8699999999835,4322.649999999983
sell,high_vol,bollinger,1.0,1.29769,23.9,35.849999999999994,1.5,0.18,sl,-23.9,-43.02,False,2023-07-12 16:15:00,2023-07-12 16:00:00,4322.649999999983,4279.629999999983
buy,high_vol,bollinger,1.0,1.29793,17.1,25.650000000000002,1.5,0.25,tp,25.65,64.12,True,2023-07-12 20:45:00,2023-07-12 20:30:00,4279.629999999983,4343.749999999983
buy,high_vol,bollinger,1.0,1.29889,10.0,15.0,1.5,0.43,tp,15.0,64.5,True,2023-07-13 09:00:00,2023-07-13 08:45:00,4343.749999999983,4408.249999999983
sell,high_vol,bollinger,1.0,1.30289,16.8,25.200000000000003,1.5,0.26,sl,-16.8,-43.68,False,2023-07-13 10:15:00,2023-07-13 10:00:00,4408.249999999983,4364.569999999982
sell,high_vol,bollinger,1.0,1.30568,23.6,35.400000000000006,1.5,0.18,sl,-23.6,-42.48,False,2023-07-13 11:30:00,2023-07-13 11:15:00,4364.569999999982,4322.089999999983
sell,high_vol,bollinger,1.0,1.3082,21.4,32.099999999999994,1.5,0.2,sl,-21.4,-42.8,False,2023-07-13 16:00:00,2023-07-13 15:45:00,4322.089999999983,4279.289999999983
sell,high_vol,bollinger,1.0,1.3094,19.9,29.849999999999998,1.5,0.22,sl,-19.9,-43.78,False,2023-07-13 16:15:00,2023-07-13 16:00:00,4279.289999999983,4235.509999999983
sell,high_vol,bollinger,1.0,1.31387,15.6,23.4,1.5,0.27,tp,23.4,63.18,True,2023-07-14 12:15:00,2023-07-14 12:00:00,4235.509999999983,4298.689999999983
buy,high_vol,bollinger,1.0,1.31021,17.9,26.849999999999998,1.5,0.24,sl,-17.9,-42.96,False,2023-07-14 20:15:00,2023-07-14 20:00:00,4298.689999999983,4255.729999999983
buy,low_vol,ema_flipped,1.0,1.30938,9.7,14.549999999999999,1.5,0.44,sl,-9.7,-42.68,False,2023-07-14 23:00:00,2023-07-14 22:45:00,4255.729999999983,4213.049999999983
sell,high_vol,bollinger,1.0,1.31016,14.6,21.9,1.5,0.29,tp,21.9,63.51,True,2023-07-17 11:00:00,2023-07-17 10:45:00,4213.049999999983,4276.559999999983
buy,high_vol,bollinger,1.0,1.30785,18.4,27.599999999999998,1.5,0.23,sl,-18.4,-42.32,False,2023-07-17 14:00:00,2023-07-17 13:45:00,4276.559999999983,4234.239999999983
buy,high_vol,bollinger,1.0,1.30638,15.5,23.25,1.5,0.27,tp,23.25,62.77,True,2023-07-17 15:45:00,2023-07-17 15:30:00,4234.239999999983,4297.009999999984
sell,low_vol,ema_flipped,0.9997,1.30932,10.4,15.600000000000001,1.5,0.41,sl,-10.4,-42.64,False,2023-07-18 06:45:00,2023-07-18 06:30:00,4297.009999999984,4254.3699999999835
buy,high_vol,bollinger,0.9888,1.30829,8.7,13.049999999999999,1.5,0.48,tp,13.05,62.64,True,2023-07-18 09:15:00,2023-07-18 09:00:00,4254.3699999999835,4317.009999999984
sell,high_vol,bollinger,1.0,1.31011,19.1,28.650000000000002,1.5,0.23,sl,-19.1,-43.93,False,2023-07-18 13:00:00,2023-07-18 12:45:00,4317.009999999984,4273.079999999984
buy,high_vol,bollinger,1.0,1.30736,22.5,33.75,1.5,0.19,sl,-22.5,-42.75,False,2023-07-18 15:45:00,2023-07-18 15:30:00,4273.079999999984,4230.329999999984
buy,high_vol,bollinger,1.0,1.30544,26.4,39.599999999999994,1.5,0.16,sl,-26.4,-42.24,False,2023-07-18 18:45:00,2023-07-18 18:30:00,4230.329999999984,4188.089999999984
buy,high_vol,bollinger,1.0,1.29463,17.2,25.799999999999997,1.5,0.24,timeout,-5.3,-12.72,False,2023-07-19 09:15:00,2023-07-19 09:00:00,4188.089999999984,4175.3699999999835
buy,high_vol,bollinger,1.0,1.28829,20.9,31.349999999999998,1.5,0.2,tp,31.35,62.7,True,2023-07-19 17:15:00,2023-07-19 17:00:00,4175.3699999999835,4238.069999999983
sell,high_vol,bollinger,0.9999,1.28654,14.2,21.299999999999997,1.5,0.3,sl,-14.2,-42.6,False,2023-07-20 20:45:00,2023-07-20 20:30:00,4238.069999999983,4195.469999999983
sell,high_vol,bollinger,1.0,1.29023,9.7,14.549999999999999,1.5,0.43,tp,14.55,62.56,True,2023-07-21 09:15:00,2023-07-21 09:00:00,4195.469999999983,4258.029999999983
buy,high_vol,bollinger,1.0,1.28249,16.0,24.0,1.5,0.27,tp,24.0,64.8,True,2023-07-21 15:00:00,2023-07-21 14:45:00,4258.029999999983,4322.829999999984
sell,low_vol,ema_flipped,0.9639,1.28741,8.3,12.450000000000001,1.5,0.49,sl,-8.3,-40.67,False,2023-07-24 08:15:00,2023-07-24 08:00:00,4322.829999999984,4282.1599999999835
buy,high_vol,bollinger,1.0,1.28495,13.8,20.700000000000003,1.5,0.31,sl,-13.8,-42.78,False,2023-07-24 10:45:00,2023-07-24 10:30:00,4282.1599999999835,4239.379999999984
buy,high_vol,bollinger,1.0,1.28194,18.8,28.200000000000003,1.5,0.23,tp,28.2,64.86,True,2023-07-24 11:45:00,2023-07-24 11:30:00,4239.379999999984,4304.239999999983
sell,high_vol,bollinger,1.0,1.28483,19.7,29.549999999999997,1.5,0.22,tp,29.55,65.01,True,2023-07-24 14:30:00,2023-07-24 14:15:00,4304.239999999983,4369.249999999984
sell,high_vol,bollinger,1.0,1.28579,20.0,30.0,1.5,0.22,tp,30.0,66.0,True,2023-07-24 14:45:00,2023-07-24 14:30:00,4369.249999999984,4435.249999999984
sell,high_vol,bollinger,1.0,1.2831,19.1,28.650000000000002,1.5,0.23,sl,-19.1,-43.93,False,2023-07-24 20:00:00,2023-07-24 19:45:00,4435.249999999984,4391.319999999983
sell,high_vol,bollinger,1.0,1.28368,18.8,28.200000000000003,1.5,0.23,sl,-18.8,-43.24,False,2023-07-24 20:15:00,2023-07-24 20:00:00,4391.319999999983,4348.079999999984
sell,low_vol,ema_flipped,0.9999,1.2837,8.4,12.600000000000001,1.5,0.52,sl,-8.4,-43.68,False,2023-07-25 09:15:00,2023-07-25 09:00:00,4348.079999999984,4304.399999999983
buy,high_vol,bollinger,1.0,1.28286,16.3,24.450000000000003,1.5,0.26,timeout,11.5,29.9,True,2023-07-25 12:45:00,2023-07-25 12:30:00,4304.399999999983,4334.299999999983
sell,high_vol,bollinger,1.0,1.28432,17.9,26.849999999999998,1.5,0.24,sl,-17.9,-42.96,False,2023-07-25 17:15:00,2023-07-25 17:00:00,4334.299999999983,4291.339999999983
sell,high_vol,bollinger,1.0,1.29474,20.0,30.0,1.5,0.21,sl,-20.0,-42.0,False,2023-07-26 21:45:00,2023-07-26 21:30:00,4291.339999999983,4249.339999999983
sell,high_vol,bollinger,1.0,1.29574,21.3,31.950000000000003,1.5,0.2,tp,31.95,63.9,True,2023-07-26 22:00:00,2023-07-26 21:45:00,4249.339999999983,4313.2399999999825
buy,high_vol,bollinger,1.0,1.29308,8.2,12.299999999999999,1.5,0.53,tp,12.3,65.19,True,2023-07-27 02:15:00,2023-07-27 02:00:00,4313.2399999999825,4378.429999999982
buy,high_vol,bollinger,0.9816,1.29544,12.4,18.6,1.5,0.34,sl,-12.4,-42.16,False,2023-07-27 08:15:00,2023-07-27 08:00:00,4378.429999999982,4336.269999999982
buy,high_vol,bollinger,0.9835,1.29469,12.3,18.450000000000003,1.5,0.34,tp,18.45,62.73,True,2023-07-27 08:30:00,2023-07-27 08:15:00,4336.269999999982,4398.999999999982
sell,high_vol,bollinger,1.0,1.29778,16.0,24.0,1.5,0.27,sl,-16.0,-43.2,False,2023-07-27 10:45:00,2023-07-27 10:30:00,4398.999999999982,4355.799999999982
buy,high_vol,bollinger,1.0,1.27742,15.3,22.950000000000003,1.5,0.28,tp,22.95,64.26,True,2023-07-28 07:15:00,2023-07-28 07:00:00,4355.799999999982,4420.059999999982
buy,high_vol,bollinger,1.0,1.2764,15.7,23.549999999999997,1.5,0.28,tp,23.55,65.94,True,2023-07-28 07:30:00,2023-07-28 07:15:00,4420.059999999982,4485.999999999982
sell,high_vol,bollinger,1.0,1.28123,23.5,35.25,1.5,0.19,sl,-23.5,-44.65,False,2023-07-28 11:45:00,2023-07-28 11:30:00,4485.999999999982,4441.349999999982
buy,high_vol,bollinger,1.0,1.28407,23.3,34.95,1.5,0.19,tp,34.95,66.41,True,2023-07-28 16:45:00,2023-07-28 16:30:00,4441.349999999982,4507.759999999982
buy,high_vol,bollinger,0.9999,1.2843,13.0,19.5,1.5,0.35,tp,19.5,68.25,True,2023-07-31 11:30:00,2023-07-31 11:15:00,4507.759999999982,4576.009999999982
sell,high_vol,bollinger,1.0,1.28694,14.0,21.0,1.5,0.33,tp,21.0,69.3,True,2023-07-31 14:30:00,2023-07-31 14:15:00,4576.009999999982,4645.309999999982
buy,high_vol,bollinger,0.9239,1.28426,13.3,19.950000000000003,1.5,0.31,sl,-13.3,-41.23,False,2023-07-31 21:15:00,2023-07-31 21:00:00,4645.309999999982,4604.079999999983
buy,low_vol,ema_flipped,0.9995,1.28375,10.1,15.149999999999999,1.5,0.46,sl,-10.1,-46.46,False,2023-07-31 22:00:00,2023-07-31 21:45:00,4604.079999999983,4557.619999999983
buy,high_vol,bollinger,1.0,1.27689,15.3,22.950000000000003,1.5,0.3,tp,22.95,68.85,True,2023-08-01 15:15:00,2023-08-01 15:00:00,4557.619999999983,4626.469999999983
buy,high_vol,bollinger,1.0,1.2751,20.4,30.599999999999998,1.5,0.23,tp,30.6,70.38,True,2023-08-01 18:15:00,2023-08-01 18:00:00,4626.469999999983,4696.849999999983
buy,high_vol,bollinger,1.0,1.27429,20.3,30.450000000000003,1.5,0.23,tp,30.45,70.03,True,2023-08-01 18:30:00,2023-08-01 18:15:00,4696.849999999983,4766.879999999983
sell,high_vol,bollinger,0.9585,1.27878,8.9,13.350000000000001,1.5,0.5,sl,-8.9,-44.5,False,2023-08-02 01:00:00,2023-08-02 00:45:00,4766.879999999983,4722.379999999983
sell,high_vol,bollinger,0.9588,1.27953,10.4,15.600000000000001,1.5,0.43,tp,15.6,67.08,True,2023-08-02 01:15:00,2023-08-02 01:00:00,4722.379999999983,4789.459999999983
buy,high_vol,bollinger,1.0,1.27805,13.6,20.4,1.5,0.35,sl,-13.6,-47.6,False,2023-08-02 03:15:00,2023-08-02 03:00:00,4789.459999999983,4741.859999999982
buy,high_vol,bollinger,1.0,1.27702,16.2,24.299999999999997,1.5,0.29,sl,-16.2,-46.98,False,2023-08-02 13:15:00,2023-08-02 13:00:00,4741.859999999982,4694.879999999983
buy,high_vol,bollinger,1.0,1.27635,13.7,20.549999999999997,1.5,0.34,sl,-13.7,-46.58,False,2023-08-02 15:00:00,2023-08-02 14:45:00,4694.879999999983,4648.299999999983
buy,high_vol,bollinger,1.0,1.27441,16.4,24.599999999999998,1.5,0.28,sl,-16.4,-45.92,False,2023-08-02 15:30:00,2023-08-02 15:15:00,4648.299999999983,4602.379999999983
buy,high_vol,bollinger,1.0,1.27289,18.3,27.450000000000003,1.5,0.25,sl,-18.3,-45.75,False,2023-08-02 15:45:00,2023-08-02 15:30:00,4602.379999999983,4556.629999999983
sell,high_vol,bollinger,1.0,1.26811,32.0,48.0,1.5,0.14,sl,-32.0,-44.8,False,2023-08-03 15:45:00,2023-08-03 15:30:00,4556.629999999983,4511.829999999983
sell,high_vol,bollinger,1.0,1.27051,39.1,58.650000000000006,1.5,0.12,sl,-39.1,-46.92,False,2023-08-03 17:30:00,2023-08-03 17:15:00,4511.829999999983,4464.909999999983
sell,low_vol,ema_flipped,1.0,1.27045,7.7,11.55,1.5,0.58,sl,-7.7,-44.66,False,2023-08-04 00:00:00,2023-08-03 23:45:00,4464.909999999983,4420.249999999983
buy,low_vol,ema_flipped,1.0,1.27038,7.8,11.7,1.5,0.57,tp,11.7,66.69,True,2023-08-04 00:15:00,2023-08-04 00:00:00,4420.249999999983,4486.939999999982
sell,low_vol,ema_flipped,1.0,1.2707,7.4,11.100000000000001,1.5,0.61,sl,-7.4,-45.14,False,2023-08-04 00:30:00,2023-08-04 00:15:00,4486.939999999982,4441.799999999982
sell,high_vol,bollinger,1.0,1.27292,16.8,25.200000000000003,1.5,0.26,sl,-16.8,-43.68,False,2023-08-04 15:45:00,2023-08-04 15:30:00,4441.799999999982,4398.119999999982
sell,high_vol,bollinger,1.0,1.27437,19.0,28.5,1.5,0.23,sl,-19.0,-43.7,False,2023-08-04 16:00:00,2023-08-04 15:45:00,4398.119999999982,4354.419999999982
sell,high_vol,bollinger,1.0,1.27746,21.7,32.55,1.5,0.2,timeout,20.2,40.4,True,2023-08-04 16:15:00,2023-08-04 16:00:00,4354.419999999982,4394.8199999999815
buy,high_vol,bollinger,1.0,1.27624,13.8,20.700000000000003,1.5,0.32,sl,-13.8,-44.16,False,2023-08-04 21:30:00,2023-08-04 21:15:00,4394.8199999999815,4350.659999999982
buy,low_vol,ema_flipped,1.0,1.27244,7.3,10.95,1.5,0.6,sl,-7.3,-43.8,False,2023-08-07 08:45:00,2023-08-07 08:30:00,4350.659999999982,4306.8599999999815
sell,high_vol,bollinger,0.9996,1.27827,13.4,20.1,1.5,0.32,tp,20.1,64.32,True,2023-08-07 20:45:00,2023-08-07 20:30:00,4306.8599999999815,4371.179999999981
buy,low_vol,ema_flipped,0.8984,1.27522,10.4,15.600000000000001,1.5,0.36,sl,-10.4,-37.44,False,2023-08-08 10:30:00,2023-08-08 10:15:00,4371.179999999981,4333.739999999982
sell,low_vol,ema_flipped,1.0,1.27429,8.1,12.149999999999999,1.5,0.54,sl,-8.1,-43.74,False,2023-08-09 01:00:00,2023-08-09 00:45:00,4333.739999999982,4289.999999999982
buy,high_vol,bollinger,0.9997,1.27225,13.1,19.65,1.5,0.33,tp,19.65,64.84,True,2023-08-09 15:15:00,2023-08-09 15:00:00,4289.999999999982,4354.839999999982
buy,high_vol,bollinger,1.0,1.2718,18.5,27.75,1.5,0.24,tp,27.75,66.6,True,2023-08-09 18:30:00,2023-08-09 18:15:00,4354.839999999982,4421.439999999982
sell,low_vol,ema_flipped,0.9964,1.27463,10.8,16.200000000000003,1.5,0.41,sl,-10.8,-44.28,False,2023-08-10 10:45:00,2023-08-10 10:30:00,4421.439999999982,4377.159999999983
sell,high_vol,bollinger,1.0,1.27798,19.0,28.5,1.5,0.23,tp,28.5,65.55,True,2023-08-10 16:00:00,2023-08-10 15:45:00,4377.159999999983,4442.709999999983
buy,high_vol,bollinger,1.0,1.26944,21.4,32.099999999999994,1.5,0.21,sl,-21.4,-44.94,False,2023-08-10 20:30:00,2023-08-10 20:15:00,4442.709999999983,4397.769999999983
buy,high_vol,bollinger,1.0,1.26812,22.5,33.75,1.5,0.2,timeout,-8.4,-16.8,False,2023-08-10 20:45:00,2023-08-10 20:30:00,4397.769999999983,4380.969999999983
sell,high_vol,bollinger,1.0,1.27118,9.5,14.25,1.5,0.46,tp,14.25,65.55,True,2023-08-11 09:15:00,2023-08-11 09:00:00,4380.969999999983,4446.519999999983
buy,high_vol,bollinger,0.9998,1.2697,13.6,20.4,1.5,0.33,tp,20.4,67.32,True,2023-08-11 13:00:00,2023-08-11 12:45:00,4446.519999999983,4513.839999999983
buy,high_vol,bollinger,1.0,1.26865,17.6,26.400000000000002,1.5,0.26,tp,26.4,68.64,True,2023-08-11 16:00:00,2023-08-11 15:45:00,4513.839999999983,4582.479999999983
sell,high_vol,bollinger,1.0,1.27039,13.4,20.1,1.5,0.34,tp,20.1,68.34,True,2023-08-14 11:45:00,2023-08-14 11:30:00,4582.479999999983,4650.819999999983
buy,high_vol,bollinger,1.0,1.26782,16.1,24.150000000000002,1.5,0.29,sl,-16.1,-46.69,False,2023-08-14 15:15:00,2023-08-14 15:00:00,4650.819999999983,4604.129999999984
buy,high_vol,bollinger,1.0,1.26495,17.4,26.099999999999998,1.5,0.26,sl,-17.4,-45.24,False,2023-08-14 15:45:00,2023-08-14 15:30:00,4604.129999999984,4558.889999999984
buy,high_vol,bollinger,0.9965,1.26844,13.9,20.85,1.5,0.33,timeout,1.8,5.94,True,2023-08-14 21:45:00,2023-08-14 21:30:00,4558.889999999984,4564.829999999984
buy,high_vol,bollinger,0.9678,1.26748,12.3,18.450000000000003,1.5,0.35,tp,18.45,64.58,True,2023-08-14 22:00:00,2023-08-14 21:45:00,4564.829999999984,4629.4099999999835
sell,low_vol,ema_flipped,0.9999,1.269,10.3,15.450000000000001,1.5,0.45,sl,-10.3,-46.35,False,2023-08-15 06:30:00,2023-08-15 06:15:00,4629.4099999999835,4583.059999999983
sell,high_vol,bollinger,1.0,1.27026,11.9,17.85,1.5,0.39,sl,-11.9,-46.41,False,2023-08-15 09:15:00,2023-08-15 09:00:00,4583.059999999983,4536.649999999983
sell,high_vol,bollinger,1.0,1.27301,20.7,31.049999999999997,1.5,0.22,sl,-20.7,-45.54,False,2023-08-15 16:15:00,2023-08-15 16:00:00,4536.649999999983,4491.109999999983
buy,low_vol,ema_flipped,1.0,1.26981,8.0,12.0,1.5,0.56,sl,-8.0,-44.8,False,2023-08-16 01:45:00,2023-08-16 01:30:00,4491.109999999983,4446.309999999983
sell,high_vol,bollinger,1.0,1.273,12.1,18.15,1.5,0.37,sl,-12.1,-44.77,False,2023-08-16 09:30:00,2023-08-16 09:15:00,4446.309999999983,4401.539999999983
buy,high_vol,bollinger,1.0,1.27387,14.9,22.35,1.5,0.3,sl,-14.9,-44.7,False,2023-08-16 13:45:00,2023-08-16 13:30:00,4401.539999999983,4356.839999999983
buy,high_vol,bollinger,1.0,1.27215,14.2,21.299999999999997,1.5,0.31,tp,21.3,66.03,True,2023-08-16 16:00:00,2023-08-16 15:45:00,4356.839999999983,4422.869999999983
buy,high_vol,bollinger,1.0,1.27338,18.1,27.150000000000002,1.5,0.24,sl,-18.1,-43.44,False,2023-08-16 19:30:00,2023-08-16 19:15:00,4422.869999999983,4379.429999999983
sell,high_vol,bollinger,1.0,1.27436,13.0,19.5,1.5,0.34,tp,19.5,66.3,True,2023-08-16 21:30:00,2023-08-16 21:15:00,4379.429999999983,4445.729999999983
buy,low_vol,ema_flipped,1.0,1.27209,6.5,9.75,1.5,0.68,sl,-6.5,-44.2,False,2023-08-17 04:00:00,2023-08-17 03:45:00,4445.729999999983,4401.529999999983
sell,low_vol,ema_flipped,0.9996,1.27387,8.5,12.75,1.5,0.52,tp,12.75,66.3,True,2023-08-17 10:00:00,2023-08-17 09:45:00,4401.529999999983,4467.829999999984
buy,high_vol,bollinger,1.0,1.27127,16.7,25.049999999999997,1.5,0.27,tp,25.05,67.63,True,2023-08-17 12:00:00,2023-08-17 11:45:00,4467.829999999984,4535.459999999984
buy,high_vol,bollinger,0.9977,1.27275,11.1,16.65,1.5,0.41,sl,-11.1,-45.51,False,2023-08-18 09:30:00,2023-08-18 09:15:00,4535.459999999984,4489.949999999983
buy,high_vol,bollinger,0.9985,1.27136,11.9,17.85,1.5,0.38,tp,17.85,67.83,True,2023-08-18 09:45:00,2023-08-18 09:30:00,4489.949999999983,4557.779999999983
sell,high_vol,bollinger,1.0,1.27365,15.7,23.549999999999997,1.5,0.29,tp,23.55,68.3,True,2023-08-18 13:15:00,2023-08-18 13:00:00,4557.779999999983,4626.079999999984
buy,high_vol,bollinger,0.7662,1.27335,6.5,9.75,1.5,0.47,sl,-6.5,-30.55,False,2023-08-21 09:15:00,2023-08-21 09:00:00,4626.079999999984,4595.529999999983
buy,low_vol,ema_flipped,0.9946,1.27316,7.0,10.5,1.5,0.65,sl,-7.0,-45.5,False,2023-08-21 09:45:00,2023-08-21 09:30:00,4595.529999999983,4550.029999999983
buy,high_vol,bollinger,0.9999,1.27127,13.3,19.950000000000003,1.5,0.34,tp,19.95,67.83,True,2023-08-21 11:30:00,2023-08-21 11:15:00,4550.029999999983,4617.859999999983
sell,high_vol,bollinger,1.0,1.27554,15.4,23.1,1.5,0.3,tp,23.1,69.3,True,2023-08-21 14:15:00,2023-08-21 14:00:00,4617.859999999983,4687.1599999999835
buy,high_vol,bollinger,1.0,1.27303,18.1,27.150000000000002,1.5,0.26,tp,27.15,70.59,True,2023-08-21 17:15:00,2023-08-21 17:00:00,4687.1599999999835,4757.749999999984
sell,high_vol,bollinger,1.0,1.27558,17.3,25.950000000000003,1.5,0.28,sl,-17.3,-48.44,False,2023-08-21 19:30:00,2023-08-21 19:15:00,4757.749999999984,4709.309999999984
buy,high_vol,bollinger,1.0,1.2746,14.9,22.35,1.5,0.32,sl,-14.9,-47.68,False,2023-08-22 15:45:00,2023-08-22 15:30:00,4709.309999999984,4661.629999999984
sell,high_vol,bollinger,1.0,1.274,15.4,23.1,1.5,0.3,sl,-15.4,-46.2,False,2023-08-22 20:30:00,2023-08-22 20:15:00,4661.629999999984,4615.429999999984
sell,low_vol,ema_flipped,1.0,1.27532,5.4,8.100000000000001,1.5,0.85,tp,8.1,68.85,True,2023-08-23 08:45:00,2023-08-23 08:30:00,4615.429999999984,4684.279999999984
buy,high_vol,bollinger,1.0,1.26866,22.9,34.349999999999994,1.5,0.2,sl,-22.9,-45.8,False,2023-08-23 11:45:00,2023-08-23 11:30:00,4684.279999999984,4638.479999999984
sell,high_vol,bollinger,1.0,1.26776,23.8,35.7,1.5,0.19,sl,-23.8,-45.22,False,2023-08-23 17:00:00,2023-08-23 16:45:00,4638.479999999984,4593.259999999984
buy,high_vol,bollinger,1.0,1.26867,17.3,25.950000000000003,1.5,0.27,sl,-17.3,-46.71,False,2023-08-24 12:15:00,2023-08-24 12:00:00,4593.259999999984,4546.549999999984
buy,high_vol,bollinger,1.0,1.26699,18.7,28.049999999999997,1.5,0.24,sl,-18.7,-44.88,False,2023-08-24 12:45:00,2023-08-24 12:30:00,4546.549999999984,4501.669999999984
sell,high_vol,bollinger,0.6643,1.25768,8.6,12.899999999999999,1.5,0.27,sl,-8.6,-23.22,False,2023-08-25 09:00:00,2023-08-25 08:45:00,4501.669999999984,4478.449999999983
sell,high_vol,bollinger,1.0,1.26122,13.9,20.85,1.5,0.32,tp,20.85,66.72,True,2023-08-25 14:00:00,2023-08-25 13:45:00,4478.449999999983,4545.169999999984
sell,high_vol,bollinger,1.0,1.2618,14.5,21.75,1.5,0.31,tp,21.75,67.43,True,2023-08-25 14:15:00,2023-08-25 14:00:00,4545.169999999984,4612.599999999984
buy,high_vol,bollinger,1.0,1.26045,13.2,19.799999999999997,1.5,0.35,sl,-13.2,-46.2,False,2023-08-25 16:30:00,2023-08-25 16:15:00,4612.599999999984,4566.399999999984
buy,high_vol,bollinger,1.0,1.25907,14.9,22.35,1.5,0.31,tp,22.35,69.28,True,2023-08-25 16:45:00,2023-08-25 16:30:00,4566.399999999984,4635.679999999984
sell,high_vol,bollinger,1.0,1.25981,18.4,27.599999999999998,1.5,0.25,tp,27.6,69.0,True,2023-08-25 21:30:00,2023-08-25 21:15:00,4635.679999999984,4704.679999999984
sell,low_vol,ema_flipped,1.0,1.25983,5.7,8.55,1.5,0.83,sl,-5.7,-47.31,False,2023-08-28 08:00:00,2023-08-28 07:45:00,4704.679999999984,4657.3699999999835
sell,high_vol,bollinger,0.979,1.2583,12.7,19.049999999999997,1.5,0.36,sl,-12.7,-45.72,False,2023-08-28 13:45:00,2023-08-28 13:30:00,4657.3699999999835,4611.649999999983
sell,high_vol,bollinger,0.8696,1.25929,10.1,15.149999999999999,1.5,0.37,tp,15.15,56.05,True,2023-08-28 16:00:00,2023-08-28 15:45:00,4611.649999999983,4667.699999999983
buy,high_vol,bollinger,1.0,1.25799,14.1,21.15,1.5,0.33,tp,21.15,69.8,True,2023-08-28 17:45:00,2023-08-28 17:30:00,4667.699999999983,4737.499999999984
buy,high_vol,bollinger,1.0,1.2576,14.5,21.75,1.5,0.33,tp,21.75,71.78,True,2023-08-28 18:00:00,2023-08-28 17:45:00,4737.499999999984,4809.279999999983
sell,low_vol,ema_flipped,0.9762,1.25954,10.2,15.299999999999999,1.5,0.46,sl,-10.2,-46.92,False,2023-08-28 21:00:00,2023-08-28 20:45:00,4809.279999999983,4762.359999999983
buy,high_vol,bollinger,1.0,1.2597,16.1,24.150000000000002,1.5,0.3,sl,-16.1,-48.3,False,2023-08-29 13:30:00,2023-08-29 13:15:00,4762.359999999983,4714.059999999983
sell,high_vol,bollinger,1.0,1.26146,23.2,34.8,1.5,0.2,tp,34.8,69.6,True,2023-08-29 17:15:00,2023-08-29 17:00:00,4714.059999999983,4783.6599999999835
sell,high_vol,bollinger,1.0,1.26281,23.5,35.25,1.5,0.2,tp,35.25,70.5,True,2023-08-29 17:30:00,2023-08-29 17:15:00,4783.6599999999835,4854.1599999999835
sell,high_vol,bollinger,1.0,1.2644,15.9,23.85,1.5,0.31,tp,23.85,73.94,True,2023-08-29 22:15:00,2023-08-29 22:00:00,4854.1599999999835,4928.099999999983
sell,high_vol,bollinger,1.0,1.26508,14.9,22.35,1.5,0.33,tp,22.35,73.75,True,2023-08-29 22:30:00,2023-08-29 22:15:00,4928.099999999983,5001.849999999983
sell,high_vol,bollinger,1.0,1.26683,19.1,28.650000000000002,1.5,0.26,sl,-19.1,-49.66,False,2023-08-30 12:30:00,2023-08-30 12:15:00,5001.849999999983,4952.189999999983
sell,high_vol,bollinger,1.0,1.26726,18.7,28.049999999999997,1.5,0.26,sl,-18.7,-48.62,False,2023-08-30 15:15:00,2023-08-30 15:00:00,4952.189999999983,4903.569999999983
sell,high_vol,bollinger,1.0,1.27042,22.2,33.3,1.5,0.22,sl,-22.2,-48.84,False,2023-08-30 15:45:00,2023-08-30 15:30:00,4903.569999999983,4854.729999999983
buy,high_vol,bollinger,0.9997,1.26976,12.2,18.299999999999997,1.5,0.4,sl,-12.2,-48.8,False,2023-08-31 11:30:00,2023-08-31 11:15:00,4854.729999999983,4805.929999999983
buy,high_vol,bollinger,1.0,1.26793,15.9,23.85,1.5,0.3,sl,-15.9,-47.7,False,2023-08-31 12:30:00,2023-08-31 12:15:00,4805.929999999983,4758.229999999983
buy,high_vol,bollinger,0.9306,1.26427,8.2,12.299999999999999,1.5,0.52,tp,12.3,63.96,True,2023-09-01 09:30:00,2023-09-01 09:15:00,4758.229999999983,4822.189999999983
sell,low_vol,ema_flipped,0.9935,1.26774,11.0,16.5,1.5,0.43,sl,-11.0,-47.3,False,2023-09-01 14:00:00,2023-09-01 13:45:00,4822.189999999983,4774.889999999983
buy,high_vol,bollinger,1.0,1.26253,32.0,48.0,1.5,0.15,sl,-32.0,-48.0,False,2023-09-01 17:30:00,2023-09-01 17:15:00,4774.889999999983,4726.889999999983
sell,low_vol,ema_flipped,1.0,1.26283,10.9,16.35,1.5,0.43,sl,-10.9,-46.87,False,2023-09-04 13:00:00,2023-09-04 12:45:00,4726.889999999983,4680.019999999983
buy,low_vol,ema_flipped,1.0,1.26167,7.9,11.850000000000001,1.5,0.59,sl,-7.9,-46.61,False,2023-09-05 05:30:00,2023-09-05 05:15:00,4680.019999999983,4633.4099999999835
buy,high_vol,bollinger,1.0,1.25883,10.0,15.0,1.5,0.46,sl,-10.0,-46.0,False,2023-09-05 09:30:00,2023-09-05 09:15:00,4633.4099999999835,4587.4099999999835
buy,high_vol,bollinger,1.0,1.25287,18.8,28.200000000000003,1.5,0.24,tp,28.2,67.68,True,2023-09-05 11:30:00,2023-09-05 11:15:00,4587.4099999999835,4655.089999999984
sell,high_vol,bollinger,1.0,1.25743,18.6,27.900000000000002,1.5,0.25,tp,27.9,69.75,True,2023-09-05 16:00:00,2023-09-05 15:45:00,4655.089999999984,4724.839999999984
buy,high_vol,bollinger,1.0,1.2539,16.1,24.150000000000002,1.5,0.29,sl,-16.1,-46.69,False,2023-09-06 16:30:00,2023-09-06 16:15:00,4724.839999999984,4678.149999999984
buy,high_vol,bollinger,1.0,1.25042,21.1,31.650000000000002,1.5,0.22,timeout,4.4,9.68,True,2023-09-06 17:15:00,2023-09-06 17:00:00,4678.149999999984,4687.8299999999845
buy,high_vol,bollinger,1.0,1.24913,22.7,34.05,1.5,0.21,timeout,17.3,36.33,True,2023-09-06 17:30:00,2023-09-06 17:15:00,4687.8299999999845,4724.159999999984
buy,high_vol,bollinger,1.0,1.24814,11.4,17.1,1.5,0.41,sl,-11.4,-46.74,False,2023-09-07 10:00:00,2023-09-07 09:45:00,4724.159999999984,4677.419999999985
sell,low_vol,ema_flipped,0.9997,1.2496,10.4,15.600000000000001,1.5,0.45,sl,-10.4,-46.8,False,2023-09-08 05:45:00,2023-09-08 05:30:00,4677.419999999985,4630.619999999984
sell,high_vol,bollinger,1.0,1.24943,16.2,24.299999999999997,1.5,0.29,sl,-16.2,-46.98,False,2023-09-08 17:00:00,2023-09-08 16:45:00,4630.619999999984,4583.639999999985
sell,high_vol,bollinger,1.0,1.25087,17.3,25.950000000000003,1.5,0.26,tp,25.95,67.47,True,2023-09-08 17:15:00,2023-09-08 17:00:00,4583.639999999985,4651.109999999985
buy,high_vol,bollinger,0.9424,1.2456,8.6,12.899999999999999,1.5,0.5,timeout,3.5,17.5,True,2023-09-08 21:45:00,2023-09-08 21:30:00,4651.109999999985,4668.609999999985
sell,low_vol,ema_flipped,0.9999,1.24853,9.6,14.399999999999999,1.5,0.49,sl,-9.6,-47.04,False,2023-09-11 04:00:00,2023-09-11 03:45:00,4668.609999999985,4621.569999999985
sell,high_vol,bollinger,0.9985,1.25323,11.0,16.5,1.5,0.42,tp,16.5,69.3,True,2023-09-11 13:00:00,2023-09-11 12:45:00,4621.569999999985,4690.869999999985
buy,high_vol,bollinger,1.0,1.25015,11.9,17.85,1.5,0.39,tp,17.85,69.61,True,2023-09-11 14:15:00,2023-09-11 14:00:00,4690.869999999985,4760.479999999985
buy,low_vol,ema_flipped,0.9907,1.25063,5.0,7.5,1.5,0.94,tp,7.5,70.5,True,2023-09-12 04:00:00,2023-09-12 03:45:00,4760.479999999985,4830.979999999985
buy,low_vol,ema_flipped,0.9643,1.25056,6.8,10.2,1.5,0.67,tp,10.2,68.34,True,2023-09-12 04:30:00,2023-09-12 04:15:00,4830.979999999985,4899.319999999985
sell,low_vol,ema_flipped,1.0,1.25134,9.7,14.549999999999999,1.5,0.51,sl,-9.7,-49.47,False,2023-09-12 06:15:00,2023-09-12 06:00:00,4899.319999999985,4849.849999999985
buy,high_vol,bollinger,1.0,1.24962,12.5,18.75,1.5,0.39,sl,-12.5,-48.75,False,2023-09-12 10:15:00,2023-09-12 10:00:00,4849.849999999985,4801.099999999985
buy,high_vol,bollinger,1.0,1.24851,15.0,22.5,1.5,0.32,sl,-15.0,-48.0,False,2023-09-12 10:45:00,2023-09-12 10:30:00,4801.099999999985,4753.099999999985
sell,high_vol,bollinger,1.0,1.24793,14.6,21.9,1.5,0.33,sl,-14.6,-48.18,False,2023-09-12 18:30:00,2023-09-12 18:15:00,4753.099999999985,4704.919999999985
sell,high_vol,bollinger,0.9996,1.24846,13.4,20.1,1.5,0.35,sl,-13.4,-46.9,False,2023-09-12 19:15:00,2023-09-12 19:00:00,4704.919999999985,4658.019999999985
sell,low_vol,ema_flipped,1.0,1.24909,7.3,10.95,1.5,0.64,sl,-7.3,-46.72,False,2023-09-13 02:45:00,2023-09-13 02:30:00,4658.019999999985,4611.299999999985
buy,low_vol,ema_flipped,1.0,1.24822,8.4,12.600000000000001,1.5,0.55,tp,12.6,69.3,True,2023-09-13 05:45:00,2023-09-13 05:30:00,4611.299999999985,4680.599999999985
buy,high_vol,bollinger,1.0,1.24582,9.8,14.700000000000001,1.5,0.48,sl,-9.8,-47.04,False,2023-09-13 09:15:00,2023-09-13 09:00:00,4680.599999999985,4633.559999999985
buy,high_vol,bollinger,1.0,1.24509,10.7,16.049999999999997,1.5,0.43,sl,-10.7,-46.01,False,2023-09-13 09:30:00,2023-09-13 09:15:00,4633.559999999985,4587.549999999985
sell,high_vol,bollinger,1.0,1.24903,25.8,38.7,1.5,0.18,tp,38.7,69.66,True,2023-09-13 16:30:00,2023-09-13 16:15:00,4587.549999999985,4657.209999999985
sell,high_vol,bollinger,1.0,1.2499,27.2,40.8,1.5,0.17,tp,40.8,69.36,True,2023-09-13 16:45:00,2023-09-13 16:30:00,4657.209999999985,4726.569999999984
buy,high_vol,bollinger,0.9311,1.24699,11.7,17.549999999999997,1.5,0.36,sl,-11.7,-42.12,False,2023-09-14 12:45:00,2023-09-14 12:30:00,4726.569999999984,4684.449999999984
buy,high_vol,bollinger,1.0,1.24443,19.5,29.25,1.5,0.24,sl,-19.5,-46.8,False,2023-09-14 15:45:00,2023-09-14 15:30:00,4684.449999999984,4637.649999999984
buy,high_vol,bollinger,0.948,1.24241,12.9,19.35,1.5,0.33,sl,-12.9,-42.57,False,2023-09-15 13:30:00,2023-09-15 13:15:00,4637.649999999984,4595.0799999999845
buy,high_vol,bollinger,0.8832,1.24184,12.6,18.9,1.5,0.3,sl,-12.6,-37.8,False,2023-09-15 13:45:00,2023-09-15 13:30:00,4595.0799999999845,4557.279999999984
buy,high_vol,bollinger,1.0,1.23844,11.5,17.25,1.5,0.4,tp,17.25,69.0,True,2023-09-15 21:30:00,2023-09-15 21:15:00,4557.279999999984,4626.279999999984
sell,high_vol,bollinger,0.9636,1.23965,13.3,19.950000000000003,1.5,0.33,sl,-13.3,-43.89,False,2023-09-19 13:45:00,2023-09-19 13:30:00,4626.279999999984,4582.389999999984
buy,low_vol,ema_flipped,1.0,1.23872,6.5,9.75,1.5,0.7,sl,-6.5,-45.5,False,2023-09-20 06:00:00,2023-09-20 05:45:00,4582.389999999984,4536.889999999984
buy,high_vol,bollinger,1.0,1.236,11.4,17.1,1.5,0.4,sl,-11.4,-45.6,False,2023-09-20 09:15:00,2023-09-20 09:00:00,4536.889999999984,4491.289999999984
buy,high_vol,bollinger,1.0,1.23554,12.2,18.299999999999997,1.5,0.37,sl,-12.2,-45.14,False,2023-09-20 09:30:00,2023-09-20 09:15:00,4491.289999999984,4446.149999999983
sell,high_vol,bollinger,0.8543,1.23843,10.8,16.200000000000003,1.5,0.33,sl,-10.8,-35.64,False,2023-09-20 16:15:00,2023-09-20 16:00:00,4446.149999999983,4410.509999999983
sell,high_vol,bollinger,1.0,1.23955,12.8,19.200000000000003,1.5,0.34,sl,-12.8,-43.52,False,2023-09-20 16:45:00,2023-09-20 16:30:00,4410.509999999983,4366.9899999999825
sell,high_vol,bollinger,1.0,1.24152,17.9,26.849999999999998,1.5,0.24,tp,26.85,64.44,True,2023-09-20 19:30:00,2023-09-20 19:15:00,4366.9899999999825,4431.429999999982
buy,high_vol,bollinger,1.0,1.2364,19.2,28.799999999999997,1.5,0.23,tp,28.8,66.24,True,2023-09-20 21:15:00,2023-09-20 21:00:00,4431.429999999982,4497.669999999982
buy,high_vol,bollinger,1.0,1.22977,11.7,17.549999999999997,1.5,0.38,tp,17.55,66.69,True,2023-09-21 10:45:00,2023-09-21 10:30:00,4497.669999999982,4564.3599999999815
buy,high_vol,bollinger,1.0,1.22587,22.7,34.05,1.5,0.2,tp,34.05,68.1,True,2023-09-21 14:30:00,2023-09-21 14:15:00,4564.3599999999815,4632.459999999982
sell,high_vol,bollinger,1.0,1.23036,16.8,25.200000000000003,1.5,0.28,tp,25.2,70.56,True,2023-09-21 20:30:00,2023-09-21 20:15:00,4632.459999999982,4703.019999999982
buy,high_vol,bollinger,1.0,1.22608,13.3,19.950000000000003,1.5,0.35,sl,-13.3,-46.55,False,2023-09-22 10:30:00,2023-09-22 10:15:00,4703.019999999982,4656.469999999982
buy,high_vol,bollinger,1.0,1.21753,14.4,21.6,1.5,0.32,sl,-14.4,-46.08,False,2023-09-26 14:15:00,2023-09-26 14:00:00,4656.469999999982,4610.389999999982
sell,high_vol,bollinger,1.0,1.21534,13.7,20.549999999999997,1.5,0.34,tp,20.55,69.87,True,2023-09-27 16:15:00,2023-09-27 16:00:00,4610.389999999982,4680.259999999982
buy,high_vol,bollinger,1.0,1.21186,20.0,30.0,1.5,0.23,tp,30.0,69.0,True,2023-09-27 19:15:00,2023-09-27 19:00:00,4680.259999999982,4749.259999999982
sell,high_vol,bollinger,1.0,1.21396,17.5,26.25,1.5,0.27,sl,-17.5,-47.25,False,2023-09-27 21:45:00,2023-09-27 21:30:00,4749.259999999982,4702.009999999982
sell,high_vol,bollinger,1.0,1.22037,18.4,27.599999999999998,1.5,0.26,sl,-18.4,-47.84,False,2023-09-28 12:45:00,2023-09-28 12:30:00,4702.009999999982,4654.169999999982
buy,high_vol,bollinger,1.0,1.21781,18.8,28.200000000000003,1.5,0.25,tp,28.2,70.5,True,2023-09-28 16:00:00,2023-09-28 15:45:00,4654.169999999982,4724.669999999982
sell,high_vol,bollinger,1.0,1.22214,23.8,35.7,1.5,0.2,sl,-23.8,-47.6,False,2023-09-28 18:45:00,2023-09-28 18:30:00,4724.669999999982,4677.0699999999815
buy,high_vol,bollinger,0.9999,1.22321,13.8,20.700000000000003,1.5,0.34,tp,20.7,70.38,True,2023-09-29 11:30:00,2023-09-29 11:15:00,4677.0699999999815,4747.449999999982
sell,high_vol,bollinger,1.0,1.22615,15.8,23.700000000000003,1.5,0.3,timeout,-2.3,-6.9,False,2023-09-29 13:00:00,2023-09-29 12:45:00,4747.449999999982,4740.549999999982
buy,high_vol,bollinger,1.0,1.22409,18.2,27.299999999999997,1.5,0.26,sl,-18.2,-47.32,False,2023-09-29 16:30:00,2023-09-29 16:15:00,4740.549999999982,4693.229999999982
buy,high_vol,bollinger,1.0,1.22269,19.2,28.799999999999997,1.5,0.24,sl,-19.2,-46.08,False,2023-09-29 16:45:00,2023-09-29 16:30:00,4693.229999999982,4647.149999999982
buy,high_vol,bollinger,1.0,1.21979,22.0,33.0,1.5,0.21,sl,-22.0,-46.2,False,2023-09-29 17:15:00,2023-09-29 17:00:00,4647.149999999982,4600.9499999999825
buy,high_vol,bollinger,1.0,1.21966,22.2,33.3,1.5,0.21,sl,-22.2,-46.62,False,2023-09-29 20:15:00,2023-09-29 20:00:00,4600.9499999999825,4554.329999999983
buy,high_vol,bollinger,1.0,1.20713,15.8,23.700000000000003,1.5,0.29,sl,-15.8,-45.82,False,2023-10-03 13:15:00,2023-10-03 13:00:00,4554.329999999983,4508.509999999983
sell,high_vol,bollinger,1.0,1.20926,16.5,24.75,1.5,0.27,tp,24.75,66.83,True,2023-10-03 16:45:00,2023-10-03 16:30:00,4508.509999999983,4575.339999999983
sell,high_vol,bollinger,1.0,1.21494,19.4,29.099999999999998,1.5,0.24,sl,-19.4,-46.56,False,2023-10-04 15:30:00,2023-10-04 15:15:00,4575.339999999983,4528.7799999999825
sell,high_vol,bollinger,1.0,1.21608,19.4,29.099999999999998,1.5,0.23,tp,29.1,66.93,True,2023-10-04 15:45:00,2023-10-04 15:30:00,4528.7799999999825,4595.709999999983
sell,high_vol,bollinger,1.0,1.21531,12.5,18.75,1.5,0.37,tp,18.75,69.38,True,2023-10-04 22:45:00,2023-10-04 22:30:00,4595.709999999983,4665.089999999983
buy,high_vol,bollinger,1.0,1.21114,17.9,26.849999999999998,1.5,0.26,tp,26.85,69.81,True,2023-10-05 15:45:00,2023-10-05 15:30:00,4665.089999999983,4734.899999999983
sell,high_vol,bollinger,1.0,1.21884,8.8,13.200000000000001,1.5,0.54,sl,-8.8,-47.52,False,2023-10-06 10:15:00,2023-10-06 10:00:00,4734.899999999983,4687.379999999983
sell,high_vol,bollinger,1.0,1.22141,16.2,24.299999999999997,1.5,0.29,tp,24.3,70.47,True,2023-10-06 13:15:00,2023-10-06 13:00:00,4687.379999999983,4757.849999999983
buy,high_vol,bollinger,1.0,1.21348,21.0,31.5,1.5,0.23,tp,31.5,72.45,True,2023-10-06 15:45:00,2023-10-06 15:30:00,4757.849999999983,4830.299999999983
buy,high_vol,bollinger,1.0,1.2123,23.3,34.95,1.5,0.21,tp,34.95,73.4,True,2023-10-06 16:00:00,2023-10-06 15:45:00,4830.299999999983,4903.6999999999825
sell,high_vol,bollinger,1.0,1.22513,22.1,33.150000000000006,1.5,0.22,tp,33.15,72.93,True,2023-10-06 21:30:00,2023-10-06 21:15:00,4903.6999999999825,4976.629999999983
buy,high_vol,bollinger,1.0,1.22006,13.1,19.65,1.5,0.38,tp,19.65,74.67,True,2023-10-09 00:15:00,2023-10-09 00:00:00,4976.629999999983,5051.299999999983
buy,low_vol,ema_flipped,0.9999,1.21981,6.6,9.899999999999999,1.5,0.77,tp,9.9,76.23,True,2023-10-09 08:30:00,2023-10-09 08:15:00,5051.299999999983,5127.5299999999825
sell,high_vol,bollinger,0.8262,1.22134,7.5,11.25,1.5,0.51,tp,11.25,57.38,True,2023-10-09 09:15:00,2023-10-09 09:00:00,5127.5299999999825,5184.909999999983
sell,high_vol,bollinger,1.0,1.21826,14.9,22.35,1.5,0.35,sl,-14.9,-52.15,False,2023-10-09 16:00:00,2023-10-09 15:45:00,5184.909999999983,5132.759999999983
sell,high_vol,bollinger,1.0,1.21951,15.4,23.1,1.5,0.33,sl,-15.4,-50.82,False,2023-10-09 16:15:00,2023-10-09 16:00:00,5132.759999999983,5081.939999999983
buy,high_vol,bollinger,1.0,1.22039,15.9,23.85,1.5,0.32,timeout,-5.6,-17.92,False,2023-10-09 19:00:00,2023-10-09 18:45:00,5081.939999999983,5064.019999999983
buy,high_vol,bollinger,1.0,1.21995,15.9,23.85,1.5,0.32,timeout,-1.2,-3.84,False,2023-10-09 19:15:00,2023-10-09 19:00:00,5064.019999999983,5060.179999999983
sell,high_vol,bollinger,1.0,1.22277,13.6,20.4,1.5,0.37,sl,-13.6,-50.32,False,2023-10-09 20:45:00,2023-10-09 20:30:00,5060.179999999983,5009.859999999983
sell,high_vol,bollinger,0.9992,1.22343,14.2,21.299999999999997,1.5,0.35,sl,-14.2,-49.7,False,2023-10-10 11:15:00,2023-10-10 11:00:00,5009.859999999983,4960.1599999999835
sell,high_vol,bollinger,0.9997,1.22474,15.2,22.799999999999997,1.5,0.33,sl,-15.2,-50.16,False,2023-10-10 11:30:00,2023-10-10 11:15:00,4960.1599999999835,4909.999999999984
sell,high_vol,bollinger,1.0,1.22666,16.9,25.349999999999998,1.5,0.29,tp,25.35,73.51,True,2023-10-10 11:45:00,2023-10-10 11:30:00,4909.999999999984,4983.509999999984
buy,high_vol,bollinger,1.0,1.22491,20.5,30.75,1.5,0.24,tp,30.75,73.8,True,2023-10-10 14:15:00,2023-10-10 14:00:00,4983.509999999984,5057.309999999984
sell,high_vol,bollinger,0.6889,1.2264,16.6,24.900000000000002,1.5,0.17,sl,-16.6,-28.22,False,2023-10-10 17:15:00,2023-10-10 17:00:00,5057.309999999984,5029.089999999984
sell,high_vol,bollinger,0.9977,1.22854,17.3,25.950000000000003,1.5,0.29,sl,-17.3,-50.17,False,2023-10-10 19:00:00,2023-10-10 18:45:00,5029.089999999984,4978.919999999984
sell,high_vol,bollinger,0.9999,1.22904,18.9,28.349999999999998,1.5,0.26,sl,-18.9,-49.14,False,2023-10-11 14:00:00,2023-10-11 13:45:00,4978.919999999984,4929.779999999983
sell,high_vol,bollinger,0.9996,1.22947,16.7,25.049999999999997,1.5,0.3,tp,25.05,75.15,True,2023-10-11 14:15:00,2023-10-11 14:00:00,4929.779999999983,5004.929999999983
sell,high_vol,bollinger,1.0,1.23112,16.1,24.150000000000002,1.5,0.31,sl,-16.1,-49.91,False,2023-10-11 16:00:00,2023-10-11 15:45:00,5004.929999999983,4955.019999999983
buy,high_vol,bollinger,0.9999,1.22808,14.3,21.450000000000003,1.5,0.35,timeout,17.1,59.85,True,2023-10-11 20:45:00,2023-10-11 20:30:00,4955.019999999983,5014.8699999999835
buy,high_vol,bollinger,0.9999,1.22958,11.7,17.549999999999997,1.5,0.43,tp,17.55,75.46,True,2023-10-12 11:00:00,2023-10-12 10:45:00,5014.8699999999835,5090.329999999984
sell,high_vol,bollinger,0.9998,1.23119,10.7,16.049999999999997,1.5,0.48,tp,16.05,77.04,True,2023-10-12 15:00:00,2023-10-12 14:45:00,5090.329999999984,5167.3699999999835
buy,high_vol,bollinger,1.0,1.22641,17.1,25.650000000000002,1.5,0.3,sl,-17.1,-51.3,False,2023-10-12 15:45:00,2023-10-12 15:30:00,5167.3699999999835,5116.069999999983
buy,high_vol,bollinger,1.0,1.22014,21.9,32.849999999999994,1.5,0.23,sl,-21.9,-50.37,False,2023-10-12 20:00:00,2023-10-12 19:45:00,5116.069999999983,5065.699999999983
buy,high_vol,bollinger,1.0,1.21869,21.7,32.55,1.5,0.23,tp,32.55,74.87,True,2023-10-12 20:15:00,2023-10-12 20:00:00,5065.699999999983,5140.569999999983
buy,high_vol,bollinger,1.0,1.21257,17.1,25.650000000000002,1.5,0.3,timeout,9.8,29.4,True,2023-10-13 20:15:00,2023-10-13 20:00:00,5140.569999999983,5169.969999999983
sell,high_vol,bollinger,0.9925,1.21416,8.6,12.899999999999999,1.5,0.59,sl,-8.6,-50.74,False,2023-10-16 00:15:00,2023-10-16 00:00:00,5169.969999999983,5119.229999999983
sell,high_vol,bollinger,0.9801,1.21521,11.3,16.950000000000003,1.5,0.44,sl,-11.3,-49.72,False,2023-10-16 01:15:00,2023-10-16 01:00:00,5119.229999999983,5069.509999999983
buy,high_vol,bollinger,1.0,1.21568,11.7,17.549999999999997,1.5,0.43,sl,-11.7,-50.31,False,2023-10-16 11:15:00,2023-10-16 11:00:00,5069.509999999983,5019.1999999999825
sell,high_vol,bollinger,1.0,1.21751,14.9,22.35,1.5,0.34,sl,-14.9,-50.66,False,2023-10-16 14:45:00,2023-10-16 14:30:00,5019.1999999999825,4968.539999999983
sell,high_vol,bollinger,1.0,1.21888,19.2,28.799999999999997,1.5,0.26,sl,-19.2,-49.92,False,2023-10-16 17:45:00,2023-10-16 17:30:00,4968.539999999983,4918.619999999983
sell,high_vol,bollinger,1.0,1.22066,14.6,21.9,1.5,0.34,tp,21.9,74.46,True,2023-10-16 20:15:00,2023-10-16 20:00:00,4918.619999999983,4993.079999999983
sell,high_vol,bollinger,0.9975,1.22133,13.8,20.700000000000003,1.5,0.36,tp,20.7,74.52,True,2023-10-16 21:00:00,2023-10-16 20:45:00,4993.079999999983,5067.599999999983
buy,high_vol,bollinger,0.9997,1.21696,10.4,15.600000000000001,1.5,0.49,sl,-10.4,-50.96,False,2023-10-17 10:00:00,2023-10-17 09:45:00,5067.599999999983,5016.639999999983
buy,low_vol,ema_flipped,0.6715,1.218,9.8,14.700000000000001,1.5,0.27,timeout,2.4,6.48,True,2023-10-17 23:30:00,2023-10-17 23:15:00,5016.639999999983,5023.119999999983
sell,high_vol,bollinger,1.0,1.22055,9.2,13.799999999999999,1.5,0.55,tp,13.8,75.9,True,2023-10-18 09:15:00,2023-10-18 09:00:00,5023.119999999983,5099.019999999982
sell,high_vol,bollinger,1.0,1.21705,18.9,28.349999999999998,1.5,0.27,tp,28.35,76.54,True,2023-10-18 20:15:00,2023-10-18 20:00:00,5099.019999999982,5175.559999999982
sell,high_vol,bollinger,1.0,1.21717,22.0,33.0,1.5,0.24,tp,33.0,79.2,True,2023-10-19 19:15:00,2023-10-19 19:00:00,5175.559999999982,5254.759999999982
buy,low_vol,ema_flipped,0.6941,1.21389,5.9,8.850000000000001,1.5,0.5,sl,-5.9,-29.5,False,2023-10-20 02:30:00,2023-10-20 02:15:00,5254.759999999982,5225.259999999982
buy,high_vol,bollinger,0.9834,1.21106,8.0,12.0,1.5,0.64,sl,-8.0,-51.2,False,2023-10-20 09:15:00,2023-10-20 09:00:00,5225.259999999982,5174.059999999982
buy,high_vol,bollinger,0.9259,1.21029,8.7,13.049999999999999,1.5,0.53,tp,13.05,69.16,True,2023-10-20 09:30:00,2023-10-20 09:15:00,5174.059999999982,5243.219999999982
sell,high_vol,bollinger,1.0,1.21204,15.9,23.85,1.5,0.33,sl,-15.9,-52.47,False,2023-10-20 11:45:00,2023-10-20 11:30:00,5243.219999999982,5190.749999999982
sell,high_vol,bollinger,1.0,1.21768,12.5,18.75,1.5,0.42,tp,18.75,78.75,True,2023-10-23 11:15:00,2023-10-23 11:00:00,5190.749999999982,5269.499999999982
buy,high_vol,bollinger,1.0,1.21519,15.6,23.4,1.5,0.34,tp,23.4,79.56,True,2023-10-23 16:45:00,2023-10-23 16:30:00,5269.499999999982,5349.059999999982
sell,high_vol,bollinger,1.0,1.21939,18.6,27.900000000000002,1.5,0.29,sl,-18.6,-53.94,False,2023-10-23 17:15:00,2023-10-23 17:00:00,5349.059999999982,5295.119999999983
sell,high_vol,bollinger,1.0,1.22065,20.9,31.349999999999998,1.5,0.25,sl,-20.9,-52.25,False,2023-10-23 17:30:00,2023-10-23 17:15:00,5295.119999999983,5242.869999999983
buy,high_vol,bollinger,1.0,1.21221,15.1,22.65,1.5,0.35,tp,22.65,79.27,True,2023-10-25 12:30:00,2023-10-25 12:15:00,5242.869999999983,5322.139999999983
sell,high_vol,bollinger,0.9999,1.21363,12.3,18.450000000000003,1.5,0.43,sl,-12.3,-52.89,False,2023-10-25 16:15:00,2023-10-25 16:00:00,5322.139999999983,5269.249999999983
sell,high_vol,bollinger,1.0,1.21528,16.1,24.150000000000002,1.5,0.33,tp,24.15,79.7,True,2023-10-25 17:45:00,2023-10-25 17:30:00,5269.249999999983,5348.9499999999825
sell,high_vol,bollinger,1.0,1.21054,15.7,23.549999999999997,1.5,0.34,sl,-15.7,-53.38,False,2023-10-26 15:45:00,2023-10-26 15:30:00,5348.9499999999825,5295.569999999982
sell,high_vol,bollinger,1.0,1.21236,16.4,24.599999999999998,1.5,0.32,tp,24.6,78.72,True,2023-10-26 16:00:00,2023-10-26 15:45:00,5295.569999999982,5374.289999999983
sell,high_vol,bollinger,1.0,1.21261,16.8,25.200000000000003,1.5,0.32,sl,-16.8,-53.76,False,2023-10-26 20:45:00,2023-10-26 20:30:00,5374.289999999983,5320.5299999999825
sell,high_vol,bollinger,1.0,1.21268,13.2,19.799999999999997,1.5,0.4,sl,-13.2,-52.8,False,2023-10-27 12:00:00,2023-10-27 11:45:00,5320.5299999999825,5267.729999999982
sell,high_vol,bollinger,1.0,1.21349,13.6,20.4,1.5,0.39,tp,20.4,79.56,True,2023-10-27 12:15:00,2023-10-27 12:00:00,5267.729999999982,5347.289999999983
sell,high_vol,bollinger,1.0,1.21484,18.2,27.299999999999997,1.5,0.29,tp,27.3,79.17,True,2023-10-27 16:30:00,2023-10-27 16:15:00,5347.289999999983,5426.459999999983
buy,high_vol,bollinger,1.0,1.21196,19.9,29.849999999999998,1.5,0.27,timeout,5.5,14.85,True,2023-10-27 20:15:00,2023-10-27 20:00:00,5426.459999999983,5441.309999999983
sell,high_vol,bollinger,1.0,1.21417,14.7,22.049999999999997,1.5,0.37,sl,-14.7,-54.39,False,2023-10-30 16:00:00,2023-10-30 15:45:00,5441.309999999983,5386.919999999983
sell,high_vol,bollinger,1.0,1.2157,19.6,29.400000000000002,1.5,0.27,sl,-19.6,-52.92,False,2023-10-30 18:15:00,2023-10-30 18:00:00,5386.919999999983,5333.999999999983
sell,high_vol,bollinger,0.7542,1.21644,10.4,15.600000000000001,1.5,0.33,sl,-10.4,-34.32,False,2023-10-31 11:30:00,2023-10-31 11:15:00,5333.999999999983,5299.679999999983
buy,high_vol,bollinger,1.0,1.21619,15.8,23.700000000000003,1.5,0.34,sl,-15.8,-53.72,False,2023-10-31 15:45:00,2023-10-31 15:30:00,5299.679999999983,5245.959999999983
sell,high_vol,bollinger,1.0,1.21447,21.4,32.099999999999994,1.5,0.25,timeout,-6.7,-16.75,False,2023-10-31 20:15:00,2023-10-31 20:00:00,5245.959999999983,5229.209999999983
buy,high_vol,bollinger,1.0,1.21009,14.7,22.049999999999997,1.5,0.36,tp,22.05,79.38,True,2023-11-01 16:30:00,2023-11-01 16:15:00,5229.209999999983,5308.589999999983
buy,high_vol,bollinger,1.0,1.21058,21.4,32.099999999999994,1.5,0.25,tp,32.1,80.25,True,2023-11-01 21:45:00,2023-11-01 21:30:00,5308.589999999983,5388.839999999983
sell,high_vol,bollinger,1.0,1.21401,24.3,36.45,1.5,0.22,sl,-24.3,-53.46,False,2023-11-01 22:15:00,2023-11-01 22:00:00,5388.839999999983,5335.379999999983
sell,high_vol,bollinger,1.0,1.21616,15.0,22.5,1.5,0.36,sl,-15.0,-54.0,False,2023-11-02 01:15:00,2023-11-02 01:00:00,5335.379999999983,5281.379999999983
sell,high_vol,bollinger,1.0,1.21657,12.1,18.15,1.5,0.44,sl,-12.1,-53.24,False,2023-11-02 01:30:00,2023-11-02 01:15:00,5281.379999999983,5228.139999999983
buy,high_vol,bollinger,0.9993,1.21611,11.1,16.65,1.5,0.47,tp,16.65,78.26,True,2023-11-02 11:15:00,2023-11-02 11:00:00,5228.139999999983,5306.399999999983
sell,high_vol,bollinger,1.0,1.22139,16.9,25.349999999999998,1.5,0.31,tp,25.35,78.58,True,2023-11-02 15:15:00,2023-11-02 15:00:00,5306.399999999983,5384.979999999983
sell,high_vol,bollinger,1.0,1.21972,15.7,23.549999999999997,1.5,0.34,sl,-15.7,-53.38,False,2023-11-02 20:45:00,2023-11-02 20:30:00,5384.979999999983,5331.599999999983
sell,high_vol,bollinger,1.0,1.23018,18.1,27.150000000000002,1.5,0.29,sl,-18.1,-52.49,False,2023-11-03 15:45:00,2023-11-03 15:30:00,5331.599999999983,5279.109999999983
sell,high_vol,bollinger,1.0,1.23115,19.4,29.099999999999998,1.5,0.27,sl,-19.4,-52.38,False,2023-11-03 16:00:00,2023-11-03 15:45:00,5279.109999999983,5226.729999999983
sell,high_vol,bollinger,1.0,1.24082,13.6,20.4,1.5,0.38,sl,-13.6,-51.68,False,2023-11-06 10:45:00,2023-11-06 10:30:00,5226.729999999983,5175.049999999983
buy,high_vol,bollinger,1.0,1.23921,14.5,21.75,1.5,0.36,sl,-14.5,-52.2,False,2023-11-06 15:00:00,2023-11-06 14:45:00,5175.049999999983,5122.849999999983
buy,high_vol,bollinger,1.0,1.23738,16.2,24.299999999999997,1.5,0.32,sl,-16.2,-51.84,False,2023-11-06 17:15:00,2023-11-06 17:00:00,5122.849999999983,5071.009999999983
buy,low_vol,ema_flipped,0.9998,1.23435,9.3,13.950000000000001,1.5,0.55,sl,-9.3,-51.15,False,2023-11-06 22:45:00,2023-11-06 22:30:00,5071.009999999983,5019.859999999983
buy,high_vol,bollinger,1.0,1.22757,15.3,22.950000000000003,1.5,0.33,tp,22.95,75.73,True,2023-11-07 13:45:00,2023-11-07 13:30:00,5019.859999999983,5095.589999999983
buy,high_vol,bollinger,1.0,1.22788,18.5,27.75,1.5,0.28,sl,-18.5,-51.8,False,2023-11-07 19:15:00,2023-11-07 19:00:00,5095.589999999983,5043.789999999983
buy,high_vol,bollinger,1.0,1.22677,19.0,28.5,1.5,0.27,tp,28.5,76.95,True,2023-11-07 19:30:00,2023-11-07 19:15:00,5043.789999999983,5120.7399999999825
buy,high_vol,bollinger,0.9406,1.22606,10.5,15.75,1.5,0.45,sl,-10.5,-47.25,False,2023-11-08 11:00:00,2023-11-08 10:45:00,5120.7399999999825,5073.4899999999825
buy,high_vol,bollinger,1.0,1.22462,11.8,17.700000000000003,1.5,0.43,tp,17.7,76.11,True,2023-11-08 11:15:00,2023-11-08 11:00:00,5073.4899999999825,5149.599999999982
sell,high_vol,bollinger,1.0,1.22669,13.7,20.549999999999997,1.5,0.38,sl,-13.7,-52.06,False,2023-11-08 13:30:00,2023-11-08 13:15:00,5149.599999999982,5097.539999999982
buy,low_vol,ema_flipped,1.0,1.22815,5.8,8.7,1.5,0.88,tp,8.7,76.56,True,2023-11-09 02:45:00,2023-11-09 02:30:00,5097.539999999982,5174.099999999982
sell,low_vol,ema_flipped,1.0,1.2287,7.3,10.95,1.5,0.71,tp,10.95,77.75,True,2023-11-09 04:00:00,2023-11-09 03:45:00,5174.099999999982,5251.849999999982
buy,low_vol,ema_flipped,1.0,1.22802,7.7,11.55,1.5,0.68,sl,-7.7,-52.36,False,2023-11-09 05:45:00,2023-11-09 05:30:00,5251.849999999982,5199.4899999999825
sell,low_vol,ema_flipped,1.0,1.22834,6.7,10.05,1.5,0.78,sl,-6.7,-52.26,False,2023-11-09 07:00:00,2023-11-09 06:45:00,5199.4899999999825,5147.229999999982
buy,low_vol,ema_flipped,1.0,1.22783,5.4,8.100000000000001,1.5,0.95,tp,8.1,76.95,True,2023-11-09 08:00:00,2023-11-09 07:45:00,5147.229999999982,5224.179999999982
buy,high_vol,bollinger,0.9507,1.22738,9.3,13.950000000000001,1.5,0.52,tp,13.95,72.54,True,2023-11-09 10:30:00,2023-11-09 10:15:00,5224.179999999982,5296.719999999982
sell,high_vol,bollinger,0.9954,1.22933,11.4,17.1,1.5,0.46,sl,-11.4,-52.44,False,2023-11-09 11:00:00,2023-11-09 10:45:00,5296.719999999982,5244.2799999999825
buy,high_vol,bollinger,1.0,1.22746,15.6,23.4,1.5,0.34,sl,-15.6,-53.04,False,2023-11-09 13:00:00,2023-11-09 12:45:00,5244.2799999999825,5191.2399999999825
sell,high_vol,bollinger,1.0,1.22732,13.7,20.549999999999997,1.5,0.38,sl,-13.7,-52.06,False,2023-11-09 15:45:00,2023-11-09 15:30:00,5191.2399999999825,5139.179999999982
sell,high_vol,bollinger,1.0,1.22882,14.5,21.75,1.5,0.35,timeout,-2.7,-9.45,False,2023-11-09 17:00:00,2023-11-09 16:45:00,5139.179999999982,5129.729999999982
buy,high_vol,bollinger,1.0,1.22525,17.3,25.950000000000003,1.5,0.3,sl,-17.3,-51.9,False,2023-11-09 20:15:00,2023-11-09 20:00:00,5129.729999999982,5077.829999999983
buy,high_vol,bollinger,1.0,1.22313,19.2,28.799999999999997,1.5,0.26,sl,-19.2,-49.92,False,2023-11-09 21:15:00,2023-11-09 21:00:00,5077.829999999983,5027.909999999983
buy,high_vol,bollinger,1.0,1.22162,8.0,12.0,1.5,0.63,tp,12.0,75.6,True,2023-11-10 01:30:00,2023-11-10 01:15:00,5027.909999999983,5103.509999999983
buy,high_vol,bollinger,0.9682,1.22215,7.1,10.649999999999999,1.5,0.69,tp,10.65,73.49,True,2023-11-10 09:15:00,2023-11-10 09:00:00,5103.509999999983,5176.999999999983
sell,high_vol,bollinger,1.0,1.22346,9.4,14.100000000000001,1.5,0.55,tp,14.1,77.55,True,2023-11-10 09:45:00,2023-11-10 09:30:00,5176.999999999983,5254.549999999983
buy,high_vol,bollinger,1.0,1.21974,15.8,23.700000000000003,1.5,0.33,tp,23.7,78.21,True,2023-11-10 17:00:00,2023-11-10 16:45:00,5254.549999999983,5332.759999999983
buy,high_vol,bollinger,1.0,1.21946,18.3,27.450000000000003,1.5,0.29,tp,27.45,79.6,True,2023-11-10 17:30:00,2023-11-10 17:15:00,5332.759999999983,5412.359999999983
sell,low_vol,ema_flipped,1.0,1.22274,8.4,12.600000000000001,1.5,0.64,sl,-8.4,-53.76,False,2023-11-13 03:15:00,2023-11-13 03:00:00,5412.359999999983,5358.599999999983
sell,high_vol,bollinger,0.8365,1.22483,10.7,16.049999999999997,1.5,0.38,tp,16.05,60.99,True,2023-11-13 11:30:00,2023-11-13 11:15:00,5358.599999999983,5419.589999999983
sell,high_vol,bollinger,1.0,1.23959,23.8,35.7,1.5,0.23,sl,-23.8,-54.74,False,2023-11-14 15:45:00,2023-11-14 15:30:00,5419.589999999983,5364.849999999983
sell,high_vol,bollinger,1.0,1.24983,11.1,16.65,1.5,0.48,tp,16.65,79.92,True,2023-11-14 22:00:00,2023-11-14 21:45:00,5364.849999999983,5444.769999999983
buy,high_vol,bollinger,1.0,1.24726,10.2,15.299999999999999,1.5,0.53,sl,-10.2,-54.06,False,2023-11-15 09:15:00,2023-11-15 09:00:00,5444.769999999983,5390.709999999983
sell,high_vol,bollinger,1.0,1.24707,14.0,21.0,1.5,0.39,tp,21.0,81.9,True,2023-11-15 14:00:00,2023-11-15 13:45:00,5390.709999999983,5472.609999999982
buy,high_vol,bollinger,1.0,1.24299,18.3,27.450000000000003,1.5,0.3,sl,-18.3,-54.9,False,2023-11-15 15:45:00,2023-11-15 15:30:00,5472.609999999982,5417.709999999983
buy,high_vol,bollinger,1.0,1.24101,10.2,15.299999999999999,1.5,0.53,sl,-10.2,-54.06,False,2023-11-15 22:30:00,2023-11-15 22:15:00,5417.709999999983,5363.649999999982
sell,high_vol,bollinger,1.0,1.24291,15.9,23.85,1.5,0.34,sl,-15.9,-54.06,False,2023-11-16 15:45:00,2023-11-16 15:30:00,5363.649999999982,5309.589999999982
sell,high_vol,bollinger,1.0,1.24401,16.7,25.049999999999997,1.5,0.32,tp,25.05,80.16,True,2023-11-16 16:00:00,2023-11-16 15:45:00,5309.589999999982,5389.749999999982
buy,high_vol,bollinger,1.0,1.2408,9.9,14.850000000000001,1.5,0.54,sl,-9.9,-53.46,False,2023-11-16 22:30:00,2023-11-16 22:15:00,5389.749999999982,5336.289999999982
buy,low_vol,ema_flipped,1.0,1.24123,6.1,9.149999999999999,1.5,0.87,sl,-6.1,-53.07,False,2023-11-17 02:30:00,2023-11-17 02:15:00,5336.289999999982,5283.219999999982
sell,low_vol,ema_flipped,1.0,1.24154,7.1,10.649999999999999,1.5,0.74,tp,10.65,78.81,True,2023-11-17 03:15:00,2023-11-17 03:00:00,5283.219999999982,5362.0299999999825
buy,low_vol,ema_flipped,1.0,1.24132,5.9,8.850000000000001,1.5,0.91,sl,-5.9,-53.69,False,2023-11-17 04:00:00,2023-11-17 03:45:00,5362.0299999999825,5308.339999999983
buy,high_vol,bollinger,1.0,1.23837,9.0,13.5,1.5,0.59,sl,-9.0,-53.1,False,2023-11-17 09:15:00,2023-11-17 09:00:00,5308.339999999983,5255.2399999999825
sell,high_vol,bollinger,1.0,1.24329,19.6,29.400000000000002,1.5,0.27,sl,-19.6,-52.92,False,2023-11-17 18:00:00,2023-11-17 17:45:00,5255.2399999999825,5202.319999999982
sell,high_vol,bollinger,1.0,1.24905,10.4,15.600000000000001,1.5,0.5,tp,15.6,78.0,True,2023-11-20 10:15:00,2023-11-20 10:00:00,5202.319999999982,5280.319999999982
sell,high_vol,bollinger,1.0,1.25088,16.3,24.450000000000003,1.5,0.32,tp,24.45,78.24,True,2023-11-20 12:00:00,2023-11-20 11:45:00,5280.319999999982,5358.559999999982
sell,high_vol,bollinger,1.0,1.24828,13.8,20.700000000000003,1.5,0.39,sl,-13.8,-53.82,False,2023-11-20 16:45:00,2023-11-20 16:30:00,5358.559999999982,5304.7399999999825
sell,high_vol,bollinger,1.0,1.24923,14.2,21.299999999999997,1.5,0.37,sl,-14.2,-52.54,False,2023-11-20 17:00:00,2023-11-20 16:45:00,5304.7399999999825,5252.1999999999825
sell,high_vol,bollinger,1.0,1.25082,14.0,21.0,1.5,0.38,sl,-14.0,-53.2,False,2023-11-20 19:15:00,2023-11-20 19:00:00,5252.1999999999825,5198.999999999983
sell,high_vol,bollinger,0.9919,1.25218,9.0,13.5,1.5,0.57,sl,-9.0,-51.3,False,2023-11-21 03:30:00,2023-11-21 03:15:00,5198.999999999983,5147.6999999999825
sell,high_vol,bollinger,1.0,1.25489,15.5,23.25,1.5,0.33,tp,23.25,76.72,True,2023-11-21 12:45:00,2023-11-21 12:30:00,5147.6999999999825,5224.419999999983
sell,high_vol,bollinger,1.0,1.25459,14.0,21.0,1.5,0.37,tp,21.0,77.7,True,2023-11-21 15:15:00,2023-11-21 15:00:00,5224.419999999983,5302.119999999983
sell,high_vol,bollinger,1.0,1.25541,14.1,21.15,1.5,0.38,tp,21.15,80.37,True,2023-11-21 15:30:00,2023-11-21 15:15:00,5302.119999999983,5382.4899999999825
buy,low_vol,ema_flipped,1.0,1.25171,6.6,9.899999999999999,1.5,0.82,tp,9.9,81.18,True,2023-11-22 08:45:00,2023-11-22 08:30:00,5382.4899999999825,5463.669999999983
sell,high_vol,bollinger,1.0,1.25432,15.0,22.5,1.5,0.36,tp,22.5,81.0,True,2023-11-22 14:15:00,2023-11-22 14:00:00,5463.669999999983,5544.669999999983
buy,high_vol,bollinger,1.0,1.25177,15.8,23.700000000000003,1.5,0.35,sl,-15.8,-55.3,False,2023-11-22 15:45:00,2023-11-22 15:30:00,5544.669999999983,5489.369999999983
buy,high_vol,bollinger,1.0,1.24802,19.5,29.25,1.5,0.28,sl,-19.5,-54.6,False,2023-11-22 16:15:00,2023-11-22 16:00:00,5489.369999999983,5434.769999999982
sell,high_vol,bollinger,1.0,1.24831,20.6,30.900000000000002,1.5,0.26,sl,-20.6,-53.56,False,2023-11-22 19:30:00,2023-11-22 19:15:00,5434.769999999982,5381.209999999982
sell,low_vol,ema_flipped,1.0,1.25121,5.2,7.800000000000001,1.5,1.03,tp,7.8,80.34,True,2023-11-23 08:30:00,2023-11-23 08:15:00,5381.209999999982,5461.549999999982
sell,high_vol,bollinger,1.0,1.25521,19.7,29.549999999999997,1.5,0.28,timeout,19.3,54.04,True,2023-11-23 11:45:00,2023-11-23 11:30:00,5461.549999999982,5515.589999999982
sell,high_vol,bollinger,0.9708,1.25928,13.2,19.799999999999997,1.5,0.4,sl,-13.2,-52.8,False,2023-11-24 16:45:00,2023-11-24 16:30:00,5515.589999999982,5462.789999999982
sell,high_vol,bollinger,1.0,1.26121,14.6,21.9,1.5,0.37,sl,-14.6,-54.02,False,2023-11-24 17:15:00,2023-11-24 17:00:00,5462.789999999982,5408.769999999981
sell,high_vol,bollinger,0.9996,1.26221,12.6,18.9,1.5,0.43,sl,-12.6,-54.18,False,2023-11-27 13:00:00,2023-11-27 12:45:00,5408.769999999981,5354.589999999981
sell,high_vol,bollinger,1.0,1.26432,14.1,21.15,1.5,0.38,sl,-14.1,-53.58,False,2023-11-28 15:45:00,2023-11-28 15:30:00,5354.589999999981,5301.009999999981
sell,high_vol,bollinger,1.0,1.26902,24.1,36.150000000000006,1.5,0.22,sl,-24.1,-53.02,False,2023-11-28 17:45:00,2023-11-28 17:30:00,5301.009999999981,5247.989999999981
buy,high_vol,bollinger,1.0,1.26763,15.7,23.549999999999997,1.5,0.33,tp,23.55,77.72,True,2023-11-29 11:45:00,2023-11-29 11:30:00,5247.989999999981,5325.709999999981
buy,high_vol,bollinger,1.0,1.26726,15.1,22.65,1.5,0.35,sl,-15.1,-52.85,False,2023-11-30 10:45:00,2023-11-30 10:30:00,5325.709999999981,5272.859999999981
sell,high_vol,bollinger,1.0,1.26537,15.1,22.65,1.5,0.35,sl,-15.1,-52.85,False,2023-11-30 14:45:00,2023-11-30 14:30:00,5272.859999999981,5220.00999999998
sell,low_vol,ema_flipped,0.9984,1.26667,14.0,21.0,1.5,0.37,tp,21.0,77.7,True,2023-12-01 12:00:00,2023-12-01 11:45:00,5220.00999999998,5297.70999999998
buy,low_vol,ema_flipped,0.9641,1.26382,14.5,21.75,1.5,0.35,sl,-14.5,-50.75,False,2023-12-01 15:00:00,2023-12-01 14:45:00,5297.70999999998,5246.95999999998
sell,high_vol,bollinger,1.0,1.26569,22.2,33.3,1.5,0.24,sl,-22.2,-53.28,False,2023-12-01 18:15:00,2023-12-01 18:00:00,5246.95999999998,5193.67999999998
sell,high_vol,bollinger,1.0,1.26738,23.4,35.099999999999994,1.5,0.22,sl,-23.4,-51.48,False,2023-12-01 18:30:00,2023-12-01 18:15:00,5193.67999999998,5142.199999999981
buy,high_vol,bollinger,0.9993,1.26775,15.6,23.4,1.5,0.33,sl,-15.6,-51.48,False,2023-12-04 03:00:00,2023-12-04 02:45:00,5142.199999999981,5090.719999999981
buy,low_vol,ema_flipped,0.9888,1.26667,11.0,16.5,1.5,0.46,sl,-11.0,-50.6,False,2023-12-04 10:45:00,2023-12-04 10:30:00,5090.719999999981,5040.119999999981
sell,low_vol,ema_flipped,0.9942,1.26777,15.8,23.700000000000003,1.5,0.32,tp,23.7,75.84,True,2023-12-04 14:15:00,2023-12-04 14:00:00,5040.119999999981,5115.959999999981
buy,low_vol,ema_flipped,0.999,1.26694,14.4,21.6,1.5,0.35,sl,-14.4,-50.4,False,2023-12-04 14:45:00,2023-12-04 14:30:00,5115.959999999981,5065.559999999981
buy,high_vol,bollinger,1.0,1.26301,15.7,23.549999999999997,1.5,0.32,sl,-15.7,-50.24,False,2023-12-04 16:15:00,2023-12-04 16:00:00,5065.559999999981,5015.3199999999815
buy,high_vol,bollinger,1.0,1.26128,17.0,25.5,1.5,0.3,tp,25.5,76.5,True,2023-12-04 16:30:00,2023-12-04 16:15:00,5015.3199999999815,5091.8199999999815
buy,high_vol,bollinger,1.0,1.26073,14.7,22.049999999999997,1.5,0.35,tp,22.05,77.18,True,2023-12-04 20:30:00,2023-12-04 20:15:00,5091.8199999999815,5168.999999999982
sell,low_vol,ema_flipped,0.9991,1.25866,14.6,21.9,1.5,0.35,tp,21.9,76.65,True,2023-12-07 13:00:00,2023-12-07 12:45:00,5168.999999999982,5245.649999999981
buy,low_vol,ema_flipped,0.9598,1.25643,14.3,21.450000000000003,1.5,0.35,sl,-14.3,-50.05,False,2023-12-07 14:45:00,2023-12-07 14:30:00,5245.649999999981,5195.599999999981
sell,high_vol,bollinger,1.0,1.26031,19.4,29.099999999999998,1.5,0.27,tp,29.1,78.57,True,2023-12-07 19:45:00,2023-12-07 19:30:00,5195.599999999981,5274.169999999981
buy,low_vol,ema_flipped,0.9999,1.25656,9.9,14.850000000000001,1.5,0.53,sl,-9.9,-52.47,False,2023-12-08 10:00:00,2023-12-08 09:45:00,5274.169999999981,5221.699999999981
buy,high_vol,bollinger,1.0,1.25457,20.0,30.0,1.5,0.26,sl,-20.0,-52.0,False,2023-12-08 16:00:00,2023-12-08 15:45:00,5221.699999999981,5169.699999999981
buy,high_vol,bollinger,1.0,1.25167,22.8,34.2,1.5,0.23,tp,34.2,78.66,True,2023-12-08 16:15:00,2023-12-08 16:00:00,5169.699999999981,5248.359999999981
buy,low_vol,ema_flipped,0.9995,1.25404,14.6,21.9,1.5,0.36,tp,21.9,78.84,True,2023-12-11 20:00:00,2023-12-11 19:45:00,5248.359999999981,5327.199999999981
sell,low_vol,ema_flipped,1.0,1.25649,5.2,7.800000000000001,1.5,1.02,sl,-5.2,-53.04,False,2023-12-12 03:15:00,2023-12-12 03:00:00,5327.199999999981,5274.159999999981
sell,high_vol,bollinger,0.6882,1.25879,14.5,21.75,1.5,0.2,tp,21.75,43.5,True,2023-12-12 15:30:00,2023-12-12 15:15:00,5274.159999999981,5317.659999999981
buy,high_vol,bollinger,1.0,1.25432,21.4,32.099999999999994,1.5,0.25,sl,-21.4,-53.5,False,2023-12-12 16:00:00,2023-12-12 15:45:00,5317.659999999981,5264.159999999981
buy,high_vol,bollinger,1.0,1.25181,27.4,41.099999999999994,1.5,0.19,timeout,16.0,30.4,True,2023-12-12 16:45:00,2023-12-12 16:30:00,5264.159999999981,5294.55999999998
sell,low_vol,ema_flipped,0.9997,1.25664,10.1,15.149999999999999,1.5,0.52,tp,15.15,78.78,True,2023-12-12 23:15:00,2023-12-12 23:00:00,5294.55999999998,5373.33999999998
buy,low_vol,ema_flipped,1.0,1.25573,6.4,9.600000000000001,1.5,0.84,sl,-6.4,-53.76,False,2023-12-13 04:15:00,2023-12-13 04:00:00,5373.33999999998,5319.57999999998
buy,high_vol,bollinger,1.0,1.25303,9.4,14.100000000000001,1.5,0.57,sl,-9.4,-53.58,False,2023-12-13 09:15:00,2023-12-13 09:00:00,5319.57999999998,5265.99999999998
buy,high_vol,bollinger,0.9998,1.2515,16.1,24.150000000000002,1.5,0.33,tp,24.15,79.7,True,2023-12-13 12:30:00,2023-12-13 12:15:00,5265.99999999998,5345.69999999998
buy,high_vol,bollinger,0.9996,1.25116,14.0,21.0,1.5,0.38,tp,21.0,79.8,True,2023-12-13 12:45:00,2023-12-13 12:30:00,5345.69999999998,5425.49999999998
sell,high_vol,bollinger,1.0,1.2583,21.7,32.55,1.5,0.25,sl,-21.7,-54.25,False,2023-12-13 21:15:00,2023-12-13 21:00:00,5425.49999999998,5371.24999999998
sell,high_vol,bollinger,0.9924,1.26599,16.6,24.900000000000002,1.5,0.32,sl,-16.6,-53.12,False,2023-12-14 11:30:00,2023-12-14 11:15:00,5371.24999999998,5318.12999999998
sell,high_vol,bollinger,1.0,1.26996,23.0,34.5,1.5,0.23,sl,-23.0,-52.9,False,2023-12-14 14:15:00,2023-12-14 14:00:00,5318.12999999998,5265.2299999999805
sell,high_vol,bollinger,1.0,1.27151,23.8,35.7,1.5,0.22,tp,35.7,78.54,True,2023-12-14 14:30:00,2023-12-14 14:15:00,5265.2299999999805,5343.76999999998
buy,high_vol,bollinger,1.0,1.27108,21.4,32.099999999999994,1.5,0.25,sl,-21.4,-53.5,False,2023-12-15 15:45:00,2023-12-15 15:30:00,5343.76999999998,5290.26999999998
buy,high_vol,bollinger,1.0,1.26891,26.1,39.150000000000006,1.5,0.2,sl,-26.1,-52.2,False,2023-12-15 18:15:00,2023-12-15 18:00:00,5290.26999999998,5238.069999999981
buy,high_vol,bollinger,0.8661,1.26493,14.4,21.6,1.5,0.29,sl,-14.4,-41.76,False,2023-12-18 17:15:00,2023-12-18 17:00:00,5238.069999999981,5196.30999999998
sell,low_vol,ema_flipped,0.9603,1.26781,12.6,18.9,1.5,0.39,sl,-12.6,-49.14,False,2023-12-19 10:15:00,2023-12-19 10:00:00,5196.30999999998,5147.16999999998
buy,high_vol,bollinger,0.9939,1.2728,17.6,26.400000000000002,1.5,0.29,tp,26.4,76.56,True,2023-12-19 17:15:00,2023-12-19 17:00:00,5147.16999999998,5223.7299999999805
sell,high_vol,bollinger,0.9997,1.27538,19.6,29.400000000000002,1.5,0.27,tp,29.4,79.38,True,2023-12-19 18:30:00,2023-12-19 18:15:00,5223.7299999999805,5303.109999999981
buy,high_vol,bollinger,1.0,1.26685,10.9,16.35,1.5,0.49,sl,-10.9,-53.41,False,2023-12-20 09:15:00,2023-12-20 09:00:00,5303.109999999981,5249.699999999981
buy,high_vol,bollinger,1.0,1.26594,11.9,17.85,1.5,0.44,tp,17.85,78.54,True,2023-12-20 09:30:00,2023-12-20 09:15:00,5249.699999999981,5328.239999999981
sell,high_vol,bollinger,1.0,1.26773,20.0,30.0,1.5,0.27,tp,30.0,81.0,True,2023-12-20 12:00:00,2023-12-20 11:45:00,5328.239999999981,5409.239999999981
buy,high_vol,bollinger,1.0,1.26384,16.5,24.75,1.5,0.33,tp,24.75,81.68,True,2023-12-20 15:00:00,2023-12-20 14:45:00,5409.239999999981,5490.919999999981
sell,high_vol,bollinger,1.0,1.26808,20.4,30.599999999999998,1.5,0.27,tp,30.6,82.62,True,2023-12-21 15:45:00,2023-12-21 15:30:00,5490.919999999981,5573.539999999981
sell,high_vol,bollinger,1.0,1.27027,9.5,14.25,1.5,0.59,tp,14.25,84.08,True,2023-12-22 09:15:00,2023-12-22 09:00:00,5573.539999999981,5657.619999999981
buy,high_vol,bollinger,0.9726,1.26865,17.2,25.799999999999997,1.5,0.32,tp,25.8,82.56,True,2023-12-22 12:00:00,2023-12-22 11:45:00,5657.619999999981,5740.179999999981
sell,high_vol,bollinger,0.9995,1.27138,19.5,29.25,1.5,0.29,sl,-19.5,-56.55,False,2023-12-22 12:30:00,2023-12-22 12:15:00,5740.179999999981,5683.629999999981
buy,high_vol,bollinger,1.0,1.27002,20.6,30.900000000000002,1.5,0.28,timeout,2.1,5.88,True,2023-12-22 19:15:00,2023-12-22 19:00:00,5683.629999999981,5689.509999999981
buy,low_vol,ema_flipped,0.9999,1.26897,7.7,11.55,1.5,0.74,tp,11.55,85.47,True,2023-12-26 11:00:00,2023-12-26 10:45:00,5689.509999999981,5774.979999999981
sell,low_vol,ema_flipped,1.0,1.27122,11.2,16.799999999999997,1.5,0.52,sl,-11.2,-58.24,False,2023-12-26 16:30:00,2023-12-26 16:15:00,5774.979999999981,5716.739999999982
sell,low_vol,ema_flipped,1.0,1.27623,8.3,12.450000000000001,1.5,0.69,tp,12.45,85.9,True,2023-12-29 09:15:00,2023-12-29 09:00:00,5716.739999999982,5802.639999999981
buy,low_vol,ema_flipped,1.0,1.27472,9.6,14.399999999999999,1.5,0.6,sl,-9.6,-57.6,False,2023-12-29 10:00:00,2023-12-29 09:45:00,5802.639999999981,5745.039999999981
sell,low_vol,ema_flipped,1.0,1.27543,10.2,15.299999999999999,1.5,0.56,tp,15.3,85.68,True,2023-12-29 10:15:00,2023-12-29 10:00:00,5745.039999999981,5830.719999999981
buy,low_vol,ema_flipped,1.0,1.27437,10.9,16.35,1.5,0.53,sl,-10.9,-57.77,False,2023-12-29 10:45:00,2023-12-29 10:30:00,5830.719999999981,5772.949999999981
sell,high_vol,bollinger,1.0,1.27445,20.8,31.200000000000003,1.5,0.28,sl,-20.8,-58.24,False,2023-12-29 17:15:00,2023-12-29 17:00:00,5772.949999999981,5714.709999999981
buy,low_vol,ema_flipped,0.9845,1.27209,13.4,20.1,1.5,0.42,timeout,-8.5,-35.7,False,2024-01-02 00:00:00,2023-12-29 23:45:00,5714.709999999981,5679.009999999981
sell,high_vol,bollinger,1.0,1.2756,12.5,18.75,1.5,0.45,tp,18.75,84.38,True,2024-01-02 10:15:00,2024-01-02 10:00:00,5679.009999999981,5763.389999999981
sell,high_vol,bollinger,1.0,1.26733,17.0,25.5,1.5,0.34,timeout,3.7,12.58,True,2024-01-03 21:30:00,2024-01-03 21:15:00,5763.389999999981,5775.969999999981
sell,high_vol,bollinger,1.0,1.26684,7.9,11.850000000000001,1.5,0.73,sl,-7.9,-57.67,False,2024-01-04 01:30:00,2024-01-04 01:15:00,5775.969999999981,5718.299999999981
sell,high_vol,bollinger,1.0,1.26719,6.9,10.350000000000001,1.5,0.83,tp,10.35,85.9,True,2024-01-04 02:00:00,2024-01-04 01:45:00,5718.299999999981,5804.199999999981
sell,high_vol,bollinger,1.0,1.27165,18.3,27.450000000000003,1.5,0.32,tp,27.45,87.84,True,2024-01-04 11:45:00,2024-01-04 11:30:00,5804.199999999981,5892.039999999981
buy,high_vol,bollinger,1.0,1.26726,15.3,22.950000000000003,1.5,0.39,tp,22.95,89.5,True,2024-01-04 15:45:00,2024-01-04 15:30:00,5892.039999999981,5981.539999999981
buy,low_vol,ema_flipped,1.0,1.26724,5.8,8.7,1.5,1.03,sl,-5.8,-59.74,False,2024-01-05 08:15:00,2024-01-05 08:00:00,5981.539999999981,5921.799999999981
sell,high_vol,bollinger,1.0,1.2688,22.4,33.599999999999994,1.5,0.26,sl,-22.4,-58.24,False,2024-01-05 16:30:00,2024-01-05 16:15:00,5921.799999999981,5863.559999999981
sell,high_vol,bollinger,1.0,1.27585,31.5,47.25,1.5,0.19,tp,47.25,89.78,True,2024-01-05 17:15:00,2024-01-05 17:00:00,5863.559999999981,5953.339999999981
buy,high_vol,bollinger,0.9955,1.26969,10.1,15.149999999999999,1.5,0.59,sl,-10.1,-59.59,False,2024-01-08 10:15:00,2024-01-08 10:00:00,5953.339999999981,5893.749999999981
sell,high_vol,bollinger,1.0,1.27188,15.4,23.1,1.5,0.38,sl,-15.4,-58.52,False,2024-01-08 14:15:00,2024-01-08 14:00:00,5893.749999999981,5835.2299999999805
buy,high_vol,bollinger,1.0,1.27167,14.2,21.299999999999997,1.5,0.41,sl,-14.2,-58.22,False,2024-01-09 13:15:00,2024-01-09 13:00:00,5835.2299999999805,5777.00999999998
buy,high_vol,bollinger,1.0,1.27091,15.9,23.85,1.5,0.36,sl,-15.9,-57.24,False,2024-01-09 17:45:00,2024-01-09 17:30:00,5777.00999999998,5719.76999999998
buy,high_vol,bollinger,1.0,1.27037,15.3,22.950000000000003,1.5,0.37,sl,-15.3,-56.61,False,2024-01-09 18:00:00,2024-01-09 17:45:00,5719.76999999998,5663.159999999981
buy,high_vol,bollinger,1.0,1.26948,16.0,24.0,1.5,0.35,tp,24.0,84.0,True,2024-01-09 18:15:00,2024-01-09 18:00:00,5663.159999999981,5747.159999999981
buy,high_vol,bollinger,1.0,1.26959,15.6,23.4,1.5,0.37,tp,23.4,86.58,True,2024-01-09 20:45:00,2024-01-09 20:30:00,5747.159999999981,5833.739999999981
sell,high_vol,bollinger,0.999,1.27334,12.0,18.0,1.5,0.49,tp,18.0,88.2,True,2024-01-10 15:15:00,2024-01-10 15:00:00,5833.739999999981,5921.9399999999805
buy,high_vol,bollinger,1.0,1.27268,20.9,31.349999999999998,1.5,0.28,sl,-20.9,-58.52,False,2024-01-11 15:45:00,2024-01-11 15:30:00,5921.9399999999805,5863.41999999998
buy,high_vol,bollinger,1.0,1.27113,23.8,35.7,1.5,0.25,tp,35.7,89.25,True,2024-01-11 16:00:00,2024-01-11 15:45:00,5863.41999999998,5952.66999999998
sell,high_vol,bollinger,1.0,1.27333,25.2,37.8,1.5,0.24,sl,-25.2,-60.48,False,2024-01-11 20:15:00,2024-01-11 20:00:00,5952.66999999998,5892.1899999999805
sell,high_vol,bollinger,1.0,1.27516,15.1,22.65,1.5,0.39,sl,-15.1,-58.89,False,2024-01-12 15:45:00,2024-01-12 15:30:00,5892.1899999999805,5833.29999999998
sell,high_vol,bollinger,0.9987,1.27534,13.9,20.85,1.5,0.42,tp,20.85,87.57,True,2024-01-12 21:15:00,2024-01-12 21:00:00,5833.29999999998,5920.86999999998
sell,low_vol,ema_flipped,1.0,1.27572,8.2,12.299999999999999,1.5,0.72,tp,12.3,88.56,True,2024-01-15 06:00:00,2024-01-15 05:45:00,5920.86999999998,6009.42999999998
buy,low_vol,ema_flipped,0.9998,1.27441,6.4,9.600000000000001,1.5,0.94,tp,9.6,90.24,True,2024-01-15 10:00:00,2024-01-15 09:45:00,6009.42999999998,6099.66999999998
sell,low_vol,ema_flipped,0.9496,1.27546,7.8,11.7,1.5,0.73,tp,11.7,85.41,True,2024-01-15 10:15:00,2024-01-15 10:00:00,6099.66999999998,6185.07999999998
buy,low_vol,ema_flipped,0.9979,1.27392,10.3,15.450000000000001,1.5,0.6,sl,-10.3,-61.8,False,2024-01-15 11:00:00,2024-01-15 10:45:00,6185.07999999998,6123.27999999998
buy,high_vol,bollinger,1.0,1.26652,8.2,12.299999999999999,1.5,0.75,tp,12.3,92.25,True,2024-01-16 09:15:00,2024-01-16 09:00:00,6123.27999999998,6215.52999999998
buy,high_vol,bollinger,1.0,1.26391,19.0,28.5,1.5,0.33,sl,-19.0,-62.7,False,2024-01-16 11:45:00,2024-01-16 11:30:00,6215.52999999998,6152.82999999998
buy,high_vol,bollinger,1.0,1.26377,25.9,38.849999999999994,1.5,0.24,sl,-25.9,-62.16,False,2024-01-16 19:15:00,2024-01-16 19:00:00,6152.82999999998,6090.66999999998
buy,high_vol,bollinger,1.0,1.26315,24.4,36.599999999999994,1.5,0.25,sl,-24.4,-61.0,False,2024-01-16 19:30:00,2024-01-16 19:15:00,6090.66999999998,6029.66999999998
sell,high_vol,bollinger,1.0,1.26306,13.4,20.1,1.5,0.45,sl,-13.4,-60.3,False,2024-01-17 09:15:00,2024-01-17 09:00:00,6029.66999999998,5969.36999999998
sell,high_vol,bollinger,1.0,1.26515,16.7,25.049999999999997,1.5,0.36,sl,-16.7,-60.12,False,2024-01-17 09:45:00,2024-01-17 09:30:00,5969.36999999998,5909.24999999998
buy,high_vol,bollinger,1.0,1.26742,15.9,23.85,1.5,0.37,sl,-15.9,-58.83,False,2024-01-18 12:00:00,2024-01-18 11:45:00,5909.24999999998,5850.41999999998
buy,high_vol,bollinger,1.0,1.2655,16.2,24.299999999999997,1.5,0.36,tp,24.3,87.48,True,2024-01-18 15:45:00,2024-01-18 15:30:00,5850.41999999998,5937.89999999998
buy,high_vol,bollinger,1.0,1.26784,8.8,13.200000000000001,1.5,0.67,sl,-8.8,-58.96,False,2024-01-19 09:15:00,2024-01-19 09:00:00,5937.89999999998,5878.93999999998
buy,high_vol,bollinger,1.0,1.26738,12.2,18.299999999999997,1.5,0.48,sl,-12.2,-58.56,False,2024-01-19 15:45:00,2024-01-19 15:30:00,5878.93999999998,5820.379999999979
buy,high_vol,bollinger,0.9899,1.26638,11.5,17.25,1.5,0.5,tp,17.25,86.25,True,2024-01-19 16:45:00,2024-01-19 16:30:00,5820.379999999979,5906.629999999979
sell,low_vol,ema_flipped,0.9914,1.26955,10.9,16.35,1.5,0.54,sl,-10.9,-58.86,False,2024-01-19 22:15:00,2024-01-19 22:00:00,5906.629999999979,5847.7699999999795
sell,high_vol,bollinger,0.9973,1.27227,12.2,18.299999999999997,1.5,0.48,timeout,-7.3,-35.04,False,2024-01-22 14:15:00,2024-01-22 14:00:00,5847.7699999999795,5812.72999999998
buy,low_vol,ema_flipped,1.0,1.27047,6.1,9.149999999999999,1.5,0.95,tp,9.15,86.92,True,2024-01-23 01:30:00,2024-01-23 01:15:00,5812.72999999998,5899.64999999998
sell,low_vol,ema_flipped,1.0,1.27128,5.0,7.5,1.5,1.18,sl,-5.0,-59.0,False,2024-01-23 03:00:00,2024-01-23 02:45:00,5899.64999999998,5840.64999999998
buy,high_vol,bollinger,0.9998,1.27129,12.5,18.75,1.5,0.47,sl,-12.5,-58.75,False,2024-01-23 13:00:00,2024-01-23 12:45:00,5840.64999999998,5781.89999999998
buy,high_vol,bollinger,1.0,1.2704,13.2,19.799999999999997,1.5,0.44,sl,-13.2,-58.08,False,2024-01-23 13:30:00,2024-01-23 13:15:00,5781.89999999998,5723.81999999998
buy,high_vol,bollinger,1.0,1.26969,13.1,19.65,1.5,0.44,sl,-13.1,-57.64,False,2024-01-23 16:15:00,2024-01-23 16:00:00,5723.81999999998,5666.179999999979
buy,high_vol,bollinger,0.9999,1.26891,12.9,19.35,1.5,0.44,sl,-12.9,-56.76,False,2024-01-23 16:30:00,2024-01-23 16:15:00,5666.179999999979,5609.419999999979
sell,low_vol,ema_flipped,1.0,1.2702,6.1,9.149999999999999,1.5,0.92,sl,-6.1,-56.12,False,2024-01-24 07:45:00,2024-01-24 07:30:00,5609.419999999979,5553.299999999979
sell,high_vol,bollinger,1.0,1.27664,17.2,25.799999999999997,1.5,0.32,tp,25.8,82.56,True,2024-01-24 11:45:00,2024-01-24 11:30:00,5553.299999999979,5635.85999999998
buy,high_vol,bollinger,1.0,1.27356,18.1,27.150000000000002,1.5,0.31,sl,-18.1,-56.11,False,2024-01-24 20:15:00,2024-01-24 20:00:00,5635.85999999998,5579.74999999998
buy,low_vol,ema_flipped,0.9999,1.271,7.6,11.399999999999999,1.5,0.73,sl,-7.6,-55.48,False,2024-01-25 02:15:00,2024-01-25 02:00:00,5579.74999999998,5524.26999999998
sell,low_vol,ema_flipped,0.9968,1.27233,10.2,15.299999999999999,1.5,0.54,sl,-10.2,-55.08,False,2024-01-25 10:30:00,2024-01-25 10:15:00,5524.26999999998,5469.1899999999805
sell,high_vol,bollinger,0.9963,1.27393,13.6,20.4,1.5,0.4,tp,20.4,81.6,True,2024-01-25 12:15:00,2024-01-25 12:00:00,5469.1899999999805,5550.789999999981
buy,high_vol,bollinger,1.0,1.2709,20.9,31.349999999999998,1.5,0.27,sl,-20.9,-56.43,False,2024-01-25 16:45:00,2024-01-25 16:30:00,5550.789999999981,5494.359999999981
sell,low_vol,ema_flipped,0.9997,1.27288,12.5,18.75,1.5,0.44,sl,-12.5,-55.0,False,2024-01-26 12:45:00,2024-01-26 12:30:00,5494.359999999981,5439.359999999981
buy,high_vol,bollinger,1.0,1.27244,18.3,27.450000000000003,1.5,0.3,sl,-18.3,-54.9,False,2024-01-26 17:30:00,2024-01-26 17:15:00,5439.359999999981,5384.459999999981
buy,low_vol,ema_flipped,1.0,1.27055,10.4,15.600000000000001,1.5,0.52,timeout,-4.7,-24.44,False,2024-01-26 21:15:00,2024-01-26 21:00:00,5384.459999999981,5360.019999999981
sell,low_vol,ema_flipped,1.0,1.27049,8.8,13.200000000000001,1.5,0.61,sl,-8.8,-53.68,False,2024-01-30 00:00:00,2024-01-29 23:45:00,5360.019999999981,5306.339999999981
buy,low_vol,ema_flipped,1.0,1.26893,8.1,12.149999999999999,1.5,0.66,sl,-8.1,-53.46,False,2024-01-30 09:30:00,2024-01-30 09:15:00,5306.339999999981,5252.879999999981
buy,high_vol,bollinger,1.0,1.26464,16.9,25.349999999999998,1.5,0.31,tp,25.35,78.58,True,2024-01-30 17:15:00,2024-01-30 17:00:00,5252.879999999981,5331.459999999981
sell,low_vol,ema_flipped,1.0,1.26973,9.2,13.799999999999999,1.5,0.58,timeout,6.4,37.12,True,2024-01-31 01:00:00,2024-01-31 00:45:00,5331.459999999981,5368.579999999981
buy,low_vol,ema_flipped,1.0,1.26751,7.4,11.100000000000001,1.5,0.73,sl,-7.4,-54.02,False,2024-01-31 04:30:00,2024-01-31 04:15:00,5368.579999999981,5314.55999999998
sell,high_vol,bollinger,0.9593,1.26907,10.3,15.450000000000001,1.5,0.49,sl,-10.3,-50.47,False,2024-01-31 15:30:00,2024-01-31 15:15:00,5314.55999999998,5264.08999999998
sell,high_vol,bollinger,0.9999,1.27024,11.9,17.85,1.5,0.44,sl,-11.9,-52.36,False,2024-01-31 15:45:00,2024-01-31 15:30:00,5264.08999999998,5211.7299999999805
sell,high_vol,bollinger,1.0,1.27193,14.2,21.299999999999997,1.5,0.37,sl,-14.2,-52.54,False,2024-01-31 16:15:00,2024-01-31 16:00:00,5211.7299999999805,5159.1899999999805
buy,high_vol,bollinger,1.0,1.26995,19.1,28.650000000000002,1.5,0.27,tp,28.65,77.35,True,2024-01-31 21:15:00,2024-01-31 21:00:00,5159.1899999999805,5236.539999999981
buy,high_vol,bollinger,1.0,1.26788,29.1,43.650000000000006,1.5,0.18,sl,-29.1,-52.38,False,2024-01-31 22:15:00,2024-01-31 22:00:00,5236.539999999981,5184.159999999981
buy,high_vol,bollinger,0.9995,1.2637,15.0,22.5,1.5,0.35,tp,22.5,78.75,True,2024-02-01 12:45:00,2024-02-01 12:30:00,5184.159999999981,5262.909999999981
sell,high_vol,bollinger,1.0,1.26988,23.5,35.25,1.5,0.22,sl,-23.5,-51.7,False,2024-02-01 18:15:00,2024-02-01 18:00:00,5262.909999999981,5211.209999999981
sell,high_vol,bollinger,0.9452,1.27513,16.2,24.299999999999997,1.5,0.3,timeout,2.7,8.1,True,2024-02-01 21:15:00,2024-02-01 21:00:00,5211.209999999981,5219.309999999981
buy,high_vol,bollinger,1.0,1.27011,18.7,28.049999999999997,1.5,0.28,sl,-18.7,-52.36,False,2024-02-02 15:45:00,2024-02-02 15:30:00,5219.309999999981,5166.949999999982
buy,high_vol,bollinger,1.0,1.26719,21.6,32.400000000000006,1.5,0.24,sl,-21.6,-51.84,False,2024-02-02 16:00:00,2024-02-02 15:45:00,5166.949999999982,5115.1099999999815
buy,high_vol,bollinger,1.0,1.26133,11.0,16.5,1.5,0.46,sl,-11.0,-50.6,False,2024-02-05 01:15:00,2024-02-05 01:00:00,5115.1099999999815,5064.509999999981
buy,high_vol,bollinger,0.9997,1.25845,14.5,21.75,1.5,0.35,sl,-14.5,-50.75,False,2024-02-05 12:15:00,2024-02-05 12:00:00,5064.509999999981,5013.759999999981
buy,high_vol,bollinger,1.0,1.25395,14.9,22.35,1.5,0.34,sl,-14.9,-50.66,False,2024-02-05 17:15:00,2024-02-05 17:00:00,5013.759999999981,4963.099999999981
buy,high_vol,bollinger,1.0,1.25227,16.4,24.599999999999998,1.5,0.3,tp,24.6,73.8,True,2024-02-05 17:45:00,2024-02-05 17:30:00,4963.099999999981,5036.899999999981
buy,high_vol,bollinger,0.9999,1.25266,9.1,13.649999999999999,1.5,0.55,tp,13.65,75.08,True,2024-02-05 22:15:00,2024-02-05 22:00:00,5036.899999999981,5111.979999999981
buy,low_vol,ema_flipped,0.9999,1.26104,12.5,18.75,1.5,0.41,sl,-12.5,-51.25,False,2024-02-08 13:45:00,2024-02-08 13:30:00,5111.979999999981,5060.729999999981
buy,high_vol,bollinger,1.0,1.25781,13.5,20.25,1.5,0.37,tp,20.25,74.92,True,2024-02-08 15:45:00,2024-02-08 15:30:00,5060.729999999981,5135.649999999981
sell,low_vol,ema_flipped,1.0,1.26181,5.1,7.6499999999999995,1.5,1.01,sl,-5.1,-51.51,False,2024-02-09 02:15:00,2024-02-09 02:00:00,5135.649999999981,5084.139999999981
buy,low_vol,ema_flipped,1.0,1.26159,5.0,7.5,1.5,1.02,tp,7.5,76.5,True,2024-02-09 08:15:00,2024-02-09 08:00:00,5084.139999999981,5160.639999999981
sell,low_vol,ema_flipped,1.0,1.2616,5.0,7.5,1.5,1.03,sl,-5.0,-51.5,False,2024-02-09 08:30:00,2024-02-09 08:15:00,5160.639999999981,5109.139999999981
buy,low_vol,ema_flipped,1.0,1.26117,10.0,15.0,1.5,0.51,sl,-10.0,-51.0,False,2024-02-09 12:30:00,2024-02-09 12:15:00,5109.139999999981,5058.139999999981
sell,high_vol,bollinger,1.0,1.26191,11.9,17.85,1.5,0.43,sl,-11.9,-51.17,False,2024-02-09 15:45:00,2024-02-09 15:30:00,5058.139999999981,5006.969999999981
sell,high_vol,bollinger,1.0,1.26346,14.0,21.0,1.5,0.36,sl,-14.0,-50.4,False,2024-02-09 16:15:00,2024-02-09 16:00:00,5006.969999999981,4956.5699999999815
buy,high_vol,bollinger,1.0,1.26259,18.0,27.0,1.5,0.28,tp,27.0,75.6,True,2024-02-09 19:00:00,2024-02-09 18:45:00,4956.5699999999815,5032.169999999982
sell,high_vol,bollinger,0.9142,1.26453,8.0,12.0,1.5,0.55,tp,12.0,66.0,True,2024-02-12 10:00:00,2024-02-12 09:45:00,5032.169999999982,5098.169999999982
sell,low_vol,ema_flipped,0.9955,1.26386,10.9,16.35,1.5,0.46,tp,16.35,75.21,True,2024-02-12 20:00:00,2024-02-12 19:45:00,5098.169999999982,5173.379999999982
buy,low_vol,ema_flipped,1.0,1.26212,5.1,7.6499999999999995,1.5,1.01,sl,-5.1,-51.51,False,2024-02-13 02:45:00,2024-02-13 02:30:00,5173.379999999982,5121.869999999982
sell,high_vol,bollinger,1.0,1.26412,6.9,10.350000000000001,1.5,0.74,sl,-6.9,-51.06,False,2024-02-13 09:15:00,2024-02-13 09:00:00,5121.869999999982,5070.809999999981
buy,high_vol,bollinger,1.0,1.25994,21.1,31.650000000000002,1.5,0.24,sl,-21.1,-50.64,False,2024-02-13 15:45:00,2024-02-13 15:30:00,5070.809999999981,5020.169999999981
buy,high_vol,bollinger,1.0,1.25712,11.7,17.549999999999997,1.5,0.43,sl,-11.7,-50.31,False,2024-02-14 09:15:00,2024-02-14 09:00:00,5020.169999999981,4969.859999999981
sell,high_vol,bollinger,1.0,1.25689,13.7,20.549999999999997,1.5,0.36,sl,-13.7,-49.32,False,2024-02-15 15:45:00,2024-02-15 15:30:00,4969.859999999981,4920.539999999981
sell,high_vol,bollinger,1.0,1.2589,6.8,10.2,1.5,0.72,sl,-6.8,-48.96,False,2024-02-16 09:15:00,2024-02-16 09:00:00,4920.539999999981,4871.579999999981
buy,high_vol,bollinger,1.0,1.25615,12.7,19.049999999999997,1.5,0.38,tp,19.05,72.39,True,2024-02-16 15:45:00,2024-02-16 15:30:00,4871.579999999981,4943.969999999981
sell,high_vol,bollinger,1.0,1.26061,13.4,20.1,1.5,0.37,sl,-13.4,-49.58,False,2024-02-16 20:00:00,2024-02-16 19:45:00,4943.969999999981,4894.389999999981
buy,low_vol,ema_flipped,1.0,1.25949,7.6,11.399999999999999,1.5,0.64,sl,-7.6,-48.64,False,2024-02-19 17:15:00,2024-02-19 17:00:00,4894.389999999981,4845.749999999981
sell,low_vol,ema_flipped,0.9983,1.26053,11.6,17.4,1.5,0.42,sl,-11.6,-48.72,False,2024-02-20 12:30:00,2024-02-20 12:15:00,4845.749999999981,4797.029999999981
sell,high_vol,bollinger,1.0,1.26155,13.2,19.799999999999997,1.5,0.36,sl,-13.2,-47.52,False,2024-02-20 15:15:00,2024-02-20 15:00:00,4797.029999999981,4749.50999999998
buy,low_vol,ema_flipped,1.0,1.26096,9.9,14.850000000000001,1.5,0.48,tp,14.85,71.28,True,2024-02-21 11:45:00,2024-02-21 11:30:00,4749.50999999998,4820.78999999998
sell,low_vol,ema_flipped,0.9999,1.26316,10.6,15.899999999999999,1.5,0.45,tp,15.9,71.55,True,2024-02-21 16:15:00,2024-02-21 16:00:00,4820.78999999998,4892.33999999998
buy,low_vol,ema_flipped,1.0,1.26133,12.4,18.6,1.5,0.39,tp,18.6,72.54,True,2024-02-21 19:45:00,2024-02-21 19:30:00,4892.33999999998,4964.87999999998
sell,high_vol,bollinger,1.0,1.26335,12.8,19.200000000000003,1.5,0.39,sl,-12.8,-49.92,False,2024-02-21 21:15:00,2024-02-21 21:00:00,4964.87999999998,4914.95999999998
sell,high_vol,bollinger,1.0,1.27075,11.3,16.950000000000003,1.5,0.43,tp,16.95,72.89,True,2024-02-22 10:30:00,2024-02-22 10:15:00,4914.95999999998,4987.84999999998
buy,high_vol,bollinger,1.0,1.26622,12.8,19.200000000000003,1.5,0.39,sl,-12.8,-49.92,False,2024-02-22 15:15:00,2024-02-22 15:00:00,4987.84999999998,4937.92999999998
buy,high_vol,bollinger,1.0,1.26512,13.5,20.25,1.5,0.37,sl,-13.5,-49.95,False,2024-02-22 15:30:00,2024-02-22 15:15:00,4937.92999999998,4887.9799999999805
buy,high_vol,bollinger,0.9999,1.26384,14.5,21.75,1.5,0.34,sl,-14.5,-49.3,False,2024-02-22 15:45:00,2024-02-22 15:30:00,4887.9799999999805,4838.67999999998
sell,high_vol,bollinger,1.0,1.26378,18.8,28.200000000000003,1.5,0.26,timeout,-8.0,-20.8,False,2024-02-22 18:15:00,2024-02-22 18:00:00,4838.67999999998,4817.87999999998
buy,low_vol,ema_flipped,1.0,1.26657,6.9,10.350000000000001,1.5,0.7,sl,-6.9,-48.3,False,2024-02-26 03:30:00,2024-02-26 03:15:00,4817.87999999998,4769.57999999998
sell,low_vol,ema_flipped,1.0,1.26705,7.7,11.55,1.5,0.62,sl,-7.7,-47.74,False,2024-02-26 10:45:00,2024-02-26 10:30:00,4769.57999999998,4721.83999999998
buy,low_vol,ema_flipped,0.941,1.26705,12.1,18.15,1.5,0.36,tp,18.15,65.34,True,2024-02-27 17:00:00,2024-02-27 16:45:00,4721.83999999998,4787.17999999998
buy,low_vol,ema_flipped,1.0,1.26772,5.3,7.949999999999999,1.5,0.9,sl,-5.3,-47.7,False,2024-02-28 03:15:00,2024-02-28 03:00:00,4787.17999999998,4739.4799999999805
buy,high_vol,bollinger,0.9999,1.26316,13.8,20.700000000000003,1.5,0.34,tp,20.7,70.38,True,2024-02-28 15:00:00,2024-02-28 14:45:00,4739.4799999999805,4809.859999999981
sell,high_vol,bollinger,0.997,1.26593,14.2,21.299999999999997,1.5,0.34,timeout,-1.2,-4.08,False,2024-02-28 18:45:00,2024-02-28 18:30:00,4809.859999999981,4805.779999999981
sell,high_vol,bollinger,0.9963,1.2666,14.3,21.450000000000003,1.5,0.33,timeout,5.5,18.15,True,2024-02-28 19:00:00,2024-02-28 18:45:00,4805.779999999981,4823.92999999998
sell,low_vol,ema_flipped,1.0,1.26624,5.4,8.100000000000001,1.5,0.89,sl,-5.4,-48.06,False,2024-02-29 03:30:00,2024-02-29 03:15:00,4823.92999999998,4775.86999999998
buy,low_vol,ema_flipped,0.9999,1.26498,11.8,17.700000000000003,1.5,0.4,sl,-11.8,-47.2,False,2024-02-29 13:45:00,2024-02-29 13:30:00,4775.86999999998,4728.66999999998
sell,high_vol,bollinger,1.0,1.26619,14.5,21.75,1.5,0.33,sl,-14.5,-47.85,False,2024-02-29 16:15:00,2024-02-29 16:00:00,4728.66999999998,4680.81999999998
buy,high_vol,bollinger,1.0,1.26383,17.1,25.650000000000002,1.5,0.27,sl,-17.1,-46.17,False,2024-02-29 18:15:00,2024-02-29 18:00:00,4680.81999999998,4634.64999999998
sell,high_vol,bollinger,0.8575,1.2641,12.5,18.75,1.5,0.3,tp,18.75,56.25,True,2024-03-01 13:45:00,2024-03-01 13:30:00,4634.64999999998,4690.89999999998
buy,high_vol,bollinger,0.8365,1.26191,12.1,18.15,1.5,0.3,sl,-12.1,-36.3,False,2024-03-01 16:45:00,2024-03-01 16:30:00,4690.89999999998,4654.599999999979
buy,high_vol,bollinger,1.0,1.26066,13.6,20.4,1.5,0.34,tp,20.4,69.36,True,2024-03-01 17:00:00,2024-03-01 16:45:00,4654.599999999979,4723.959999999979
sell,high_vol,bollinger,0.9995,1.26905,10.3,15.450000000000001,1.5,0.46,sl,-10.3,-47.38,False,2024-03-04 17:00:00,2024-03-04 16:45:00,4723.959999999979,4676.579999999979
buy,low_vol,ema_flipped,0.9995,1.26734,7.0,10.5,1.5,0.67,tp,10.5,70.35,True,2024-03-05 10:30:00,2024-03-05 10:15:00,4676.579999999979,4746.929999999979
sell,low_vol,ema_flipped,0.8952,1.26848,8.5,12.75,1.5,0.47,sl,-8.5,-39.95,False,2024-03-05 11:45:00,2024-03-05 11:30:00,4746.929999999979,4706.97999999998
buy,high_vol,bollinger,0.9967,1.26789,9.5,14.25,1.5,0.49,tp,14.25,69.83,True,2024-03-05 14:00:00,2024-03-05 13:45:00,4706.97999999998,4776.8099999999795
sell,high_vol,bollinger,1.0,1.26964,10.1,15.149999999999999,1.5,0.47,sl,-10.1,-47.47,False,2024-03-05 16:15:00,2024-03-05 16:00:00,4776.8099999999795,4729.339999999979
sell,high_vol,bollinger,1.0,1.27224,14.5,21.75,1.5,0.33,tp,21.75,71.78,True,2024-03-05 17:15:00,2024-03-05 17:00:00,4729.339999999979,4801.119999999979
sell,high_vol,bollinger,0.9985,1.27201,7.2,10.8,1.5,0.67,sl,-7.2,-48.24,False,2024-03-06 10:15:00,2024-03-06 10:00:00,4801.119999999979,4752.879999999979
buy,high_vol,bollinger,1.0,1.27083,10.8,16.200000000000003,1.5,0.44,tp,16.2,71.28,True,2024-03-06 15:00:00,2024-03-06 14:45:00,4752.879999999979,4824.159999999979
sell,high_vol,bollinger,1.0,1.27403,15.9,23.85,1.5,0.3,sl,-15.9,-47.7,False,2024-03-06 18:00:00,2024-03-06 17:45:00,4824.159999999979,4776.459999999979
sell,high_vol,bollinger,1.0,1.27451,9.6,14.399999999999999,1.5,0.5,sl,-9.6,-48.0,False,2024-03-07 11:30:00,2024-03-07 11:15:00,4776.459999999979,4728.459999999979
sell,high_vol,bollinger,1.0,1.27661,15.5,23.25,1.5,0.31,sl,-15.5,-48.05,False,2024-03-07 17:00:00,2024-03-07 16:45:00,4728.459999999979,4680.409999999979
sell,high_vol,bollinger,1.0,1.27707,15.7,23.549999999999997,1.5,0.3,sl,-15.7,-47.1,False,2024-03-07 17:15:00,2024-03-07 17:00:00,4680.409999999979,4633.309999999979
sell,high_vol,bollinger,1.0,1.27832,16.6,24.900000000000002,1.5,0.28,sl,-16.6,-46.48,False,2024-03-07 17:45:00,2024-03-07 17:30:00,4633.309999999979,4586.829999999979
sell,high_vol,bollinger,1.0,1.285,11.7,17.549999999999997,1.5,0.39,sl,-11.7,-45.63,False,2024-03-08 15:30:00,2024-03-08 15:15:00,4586.829999999979,4541.199999999979
sell,high_vol,bollinger,1.0,1.28812,17.9,26.849999999999998,1.5,0.25,tp,26.85,67.13,True,2024-03-08 15:45:00,2024-03-08 15:30:00,4541.199999999979,4608.329999999979
buy,high_vol,bollinger,1.0,1.28566,25.4,38.099999999999994,1.5,0.18,sl,-25.4,-45.72,False,2024-03-08 18:30:00,2024-03-08 18:15:00,4608.329999999979,4562.609999999979
buy,high_vol,bollinger,1.0,1.28497,25.9,38.849999999999994,1.5,0.18,sl,-25.9,-46.62,False,2024-03-08 18:45:00,2024-03-08 18:30:00,4562.609999999979,4515.989999999979
sell,high_vol,bollinger,0.9805,1.28511,8.9,13.350000000000001,1.5,0.49,tp,13.35,65.42,True,2024-03-11 14:45:00,2024-03-11 14:30:00,4515.989999999979,4581.409999999979
buy,high_vol,bollinger,1.0,1.28255,9.2,13.799999999999999,1.5,0.5,sl,-9.2,-46.0,False,2024-03-11 16:00:00,2024-03-11 15:45:00,4581.409999999979,4535.409999999979
buy,high_vol,bollinger,1.0,1.27978,12.4,18.6,1.5,0.37,tp,18.6,68.82,True,2024-03-11 18:45:00,2024-03-11 18:30:00,4535.409999999979,4604.229999999979
buy,high_vol,bollinger,1.0,1.28083,7.7,11.55,1.5,0.6,sl,-7.7,-46.2,False,2024-03-12 10:15:00,2024-03-12 10:00:00,4604.229999999979,4558.029999999979
buy,high_vol,bollinger,1.0,1.27913,10.2,15.299999999999999,1.5,0.45,sl,-10.2,-45.9,False,2024-03-12 11:00:00,2024-03-12 10:45:00,4558.029999999979,4512.129999999979
sell,high_vol,bollinger,1.0,1.27992,12.3,18.450000000000003,1.5,0.37,tp,18.45,68.27,True,2024-03-12 15:45:00,2024-03-12 15:30:00,4512.129999999979,4580.39999999998
buy,high_vol,bollinger,1.0,1.27729,15.3,22.950000000000003,1.5,0.3,sl,-15.3,-45.9,False,2024-03-12 16:00:00,2024-03-12 15:45:00,4580.39999999998,4534.49999999998
buy,high_vol,bollinger,1.0,1.27821,6.7,10.05,1.5,0.68,tp,10.05,68.34,True,2024-03-13 10:30:00,2024-03-13 10:15:00,4534.49999999998,4602.83999999998
buy,low_vol,ema_flipped,1.0,1.27906,5.7,8.55,1.5,0.81,timeout,0.7,5.67,True,2024-03-14 07:00:00,2024-03-14 06:45:00,4602.83999999998,4608.50999999998
sell,low_vol,ema_flipped,0.8163,1.28068,6.9,10.350000000000001,1.5,0.49,sl,-6.9,-33.81,False,2024-03-14 11:15:00,2024-03-14 11:00:00,4608.50999999998,4574.69999999998
buy,high_vol,bollinger,1.0,1.27945,13.8,20.700000000000003,1.5,0.33,sl,-13.8,-45.54,False,2024-03-14 16:00:00,2024-03-14 15:45:00,4574.69999999998,4529.15999999998
buy,high_vol,bollinger,1.0,1.27795,14.5,21.75,1.5,0.31,sl,-14.5,-44.95,False,2024-03-14 16:30:00,2024-03-14 16:15:00,4529.15999999998,4484.20999999998
sell,high_vol,bollinger,1.0,1.27544,9.3,13.950000000000001,1.5,0.48,tp,13.95,66.96,True,2024-03-14 23:00:00,2024-03-14 22:45:00,4484.20999999998,4551.16999999998
sell,high_vol,bollinger,1.0,1.275,10.5,15.75,1.5,0.43,tp,15.75,67.73,True,2024-03-15 13:00:00,2024-03-15 12:45:00,4551.16999999998,4618.89999999998
buy,high_vol,bollinger,1.0,1.27446,10.5,15.75,1.5,0.44,sl,-10.5,-46.2,False,2024-03-15 15:45:00,2024-03-15 15:30:00,4618.89999999998,4572.69999999998
sell,high_vol,bollinger,0.9309,1.27368,9.1,13.649999999999999,1.5,0.45,timeout,-3.4,-15.3,False,2024-03-15 22:00:00,2024-03-15 21:45:00,4572.69999999998,4557.39999999998
buy,high_vol,bollinger,0.9999,1.27265,8.8,13.200000000000001,1.5,0.52,sl,-8.8,-45.76,False,2024-03-18 18:00:00,2024-03-18 17:45:00,4557.39999999998,4511.639999999979
buy,high_vol,bollinger,1.0,1.2696,9.2,13.799999999999999,1.5,0.49,sl,-9.2,-45.08,False,2024-03-19 11:15:00,2024-03-19 11:00:00,4511.639999999979,4466.5599999999795
buy,high_vol,bollinger,1.0,1.26855,10.3,15.450000000000001,1.5,0.43,sl,-10.3,-44.29,False,2024-03-19 11:45:00,2024-03-19 11:30:00,4466.5599999999795,4422.2699999999795
sell,high_vol,bollinger,1.0,1.27032,10.2,15.299999999999999,1.5,0.43,sl,-10.2,-43.86,False,2024-03-19 15:45:00,2024-03-19 15:30:00,4422.2699999999795,4378.40999999998
sell,high_vol,bollinger,1.0,1.27264,8.3,12.450000000000001,1.5,0.53,tp,12.45,65.98,True,2024-03-20 10:15:00,2024-03-20 10:00:00,4378.40999999998,4444.389999999979
sell,high_vol,bollinger,0.9998,1.26979,8.5,12.75,1.5,0.52,sl,-8.5,-44.2,False,2024-03-20 17:00:00,2024-03-20 16:45:00,4444.389999999979,4400.18999999998
sell,high_vol,bollinger,1.0,1.27044,9.1,13.649999999999999,1.5,0.48,sl,-9.1,-43.68,False,2024-03-20 17:15:00,2024-03-20 17:00:00,4400.18999999998,4356.509999999979
sell,high_vol,bollinger,1.0,1.2715,9.9,14.850000000000001,1.5,0.44,sl,-9.9,-43.56,False,2024-03-20 19:15:00,2024-03-20 19:00:00,4356.509999999979,4312.949999999979
sell,high_vol,bollinger,1.0,1.27296,11.0,16.5,1.5,0.39,sl,-11.0,-42.9,False,2024-03-20 21:15:00,2024-03-20 21:00:00,4312.949999999979,4270.049999999979
sell,high_vol,bollinger,1.0,1.27373,12.0,18.0,1.5,0.36,sl,-12.0,-43.2,False,2024-03-20 21:30:00,2024-03-20 21:15:00,4270.049999999979,4226.849999999979
sell,high_vol,bollinger,1.0,1.27583,16.2,24.299999999999997,1.5,0.26,sl,-16.2,-42.12,False,2024-03-20 21:45:00,2024-03-20 21:30:00,4226.849999999979,4184.72999999998
sell,high_vol,bollinger,1.0,1.27773,17.9,26.849999999999998,1.5,0.23,sl,-17.9,-41.17,False,2024-03-20 22:00:00,2024-03-20 21:45:00,4184.72999999998,4143.5599999999795
sell,high_vol,bollinger,1.0,1.27894,7.4,11.100000000000001,1.5,0.56,sl,-7.4,-41.44,False,2024-03-21 01:30:00,2024-03-21 01:15:00,4143.5599999999795,4102.11999999998
buy,high_vol,bollinger,1.0,1.27669,10.0,15.0,1.5,0.41,tp,15.0,61.5,True,2024-03-21 11:45:00,2024-03-21 11:30:00,4102.11999999998,4163.61999999998
buy,high_vol,bollinger,1.0,1.2757,13.4,20.1,1.5,0.31,sl,-13.4,-41.54,False,2024-03-21 14:30:00,2024-03-21 14:15:00,4163.61999999998,4122.07999999998
buy,high_vol,bollinger,1.0,1.27493,13.6,20.4,1.5,0.3,sl,-13.6,-40.8,False,2024-03-21 14:45:00,2024-03-21 14:30:00,4122.07999999998,4081.2799999999797
buy,high_vol,bollinger,1.0,1.26581,16.6,24.900000000000002,1.5,0.25,sl,-16.6,-41.5,False,2024-03-21 20:45:00,2024-03-21 20:30:00,4081.2799999999797,4039.7799999999797
buy,high_vol,bollinger,1.0,1.26458,7.7,11.55,1.5,0.52,sl,-7.7,-40.04,False,2024-03-22 05:15:00,2024-03-22 05:00:00,4039.7799999999797,3999.73999999998
buy,high_vol,bollinger,1.0,1.26282,8.1,12.149999999999999,1.5,0.49,sl,-8.1,-39.69,False,2024-03-22 09:45:00,2024-03-22 09:30:00,3999.73999999998,3960.0499999999797
buy,high_vol,bollinger,1.0,1.26025,10.4,15.600000000000001,1.5,0.38,sl,-10.4,-39.52,False,2024-03-22 10:45:00,2024-03-22 10:30:00,3960.0499999999797,3920.5299999999797
sell,high_vol,bollinger,1.0,1.25954,12.2,18.299999999999997,1.5,0.32,sl,-12.2,-39.04,False,2024-03-22 15:15:00,2024-03-22 15:00:00,3920.5299999999797,3881.48999999998
sell,high_vol,bollinger,1.0,1.26063,12.5,18.75,1.5,0.31,sl,-12.5,-38.75,False,2024-03-22 15:30:00,2024-03-22 15:15:00,3881.48999999998,3842.73999999998
sell,high_vol,bollinger,1.0,1.26178,13.2,19.799999999999997,1.5,0.29,tp,19.8,57.42,True,2024-03-22 15:45:00,2024-03-22 15:30:00,3842.73999999998,3900.15999999998
buy,high_vol,bollinger,1.0,1.25913,11.6,17.4,1.5,0.34,tp,17.4,59.16,True,2024-03-22 20:15:00,2024-03-22 20:00:00,3900.15999999998,3959.3199999999797
sell,high_vol,bollinger,0.9907,1.26056,6.4,9.600000000000001,1.5,0.61,sl,-6.4,-39.04,False,2024-03-25 04:30:00,2024-03-25 04:15:00,3959.3199999999797,3920.2799999999797
sell,high_vol,bollinger,0.7579,1.261,6.5,9.75,1.5,0.39,sl,-6.5,-25.35,False,2024-03-25 04:45:00,2024-03-25 04:30:00,3920.2799999999797,3894.92999999998
buy,high_vol,bollinger,1.0,1.25966,9.9,14.850000000000001,1.5,0.39,tp,14.85,57.91,True,2024-03-25 11:45:00,2024-03-25 11:30:00,3894.92999999998,3952.8399999999797
sell,high_vol,bollinger,1.0,1.26594,9.3,13.950000000000001,1.5,0.43,tp,13.95,59.99,True,2024-03-26 12:30:00,2024-03-26 12:15:00,3952.8399999999797,4012.8299999999795
buy,high_vol,bollinger,1.0,1.26444,12.6,18.9,1.5,0.32,timeout,-4.2,-13.44,False,2024-03-26 15:30:00,2024-03-26 15:15:00,4012.8299999999795,3999.3899999999794
buy,high_vol,bollinger,1.0,1.26169,11.6,17.4,1.5,0.34,sl,-11.6,-39.44,False,2024-03-27 15:00:00,2024-03-27 14:45:00,3999.3899999999794,3959.9499999999794
buy,high_vol,bollinger,1.0,1.26195,7.5,11.25,1.5,0.53,sl,-7.5,-39.75,False,2024-03-28 01:15:00,2024-03-28 01:00:00,3959.9499999999794,3920.1999999999794
sell,high_vol,bollinger,1.0,1.26243,8.4,12.600000000000001,1.5,0.47,sl,-8.4,-39.48,False,2024-03-28 04:00:00,2024-03-28 03:45:00,3920.1999999999794,3880.7199999999793
sell,low_vol,ema_flipped,0.996,1.26304,7.0,10.5,1.5,0.55,tp,10.5,57.75,True,2024-03-28 06:30:00,2024-03-28 06:15:00,3880.7199999999793,3938.4699999999793
sell,high_vol,bollinger,1.0,1.26385,12.1,18.15,1.5,0.33,sl,-12.1,-39.93,False,2024-03-28 16:00:00,2024-03-28 15:45:00,3938.4699999999793,3898.5399999999795
buy,high_vol,bollinger,1.0,1.26276,15.1,22.65,1.5,0.26,timeout,3.8,9.88,True,2024-03-28 18:15:00,2024-03-28 18:00:00,3898.5399999999795,3908.4199999999796
buy,low_vol,ema_flipped,0.9992,1.26222,6.5,9.75,1.5,0.6,sl,-6.5,-39.0,False,2024-03-28 23:30:00,2024-03-28 23:15:00,3908.4199999999796,3869.4199999999796
sell,high_vol,bollinger,1.0,1.26306,9.7,14.549999999999999,1.5,0.4,sl,-9.7,-38.8,False,2024-03-29 15:45:00,2024-03-29 15:30:00,3869.4199999999796,3830.6199999999794
buy,low_vol,ema_flipped,0.9977,1.26178,5.0,7.5,1.5,0.76,tp,7.5,57.0,True,2024-03-29 22:00:00,2024-03-29 21:45:00,3830.6199999999794,3887.6199999999794
sell,high_vol,bollinger,1.0,1.26355,6.9,10.350000000000001,1.5,0.56,tp,10.35,57.96,True,2024-04-01 01:15:00,2024-04-01 01:00:00,3887.6199999999794,3945.5799999999795
buy,low_vol,ema_flipped,1.0,1.26206,6.6,9.899999999999999,1.5,0.6,sl,-6.6,-39.6,False,2024-04-01 11:15:00,2024-04-01 11:00:00,3945.5799999999795,3905.9799999999796
buy,high_vol,bollinger,1.0,1.25792,11.0,16.5,1.5,0.36,sl,-11.0,-39.6,False,2024-04-01 17:15:00,2024-04-01 17:00:00,3905.9799999999796,3866.3799999999796
buy,high_vol,bollinger,1.0,1.25713,11.6,17.4,1.5,0.33,sl,-11.6,-38.28,False,2024-04-01 17:30:00,2024-04-01 17:15:00,3866.3799999999796,3828.0999999999794
sell,high_vol,bollinger,1.0,1.25675,10.0,15.0,1.5,0.38,sl,-10.0,-38.0,False,2024-04-02 12:15:00,2024-04-02 12:00:00,3828.0999999999794,3790.0999999999794
sell,high_vol,bollinger,1.0,1.25712,10.1,15.149999999999999,1.5,0.38,tp,15.15,57.57,True,2024-04-02 15:00:00,2024-04-02 14:45:00,3790.0999999999794,3847.6699999999796
sell,high_vol,bollinger,1.0,1.25715,13.0,19.5,1.5,0.3,sl,-13.0,-39.0,False,2024-04-02 17:30:00,2024-04-02 17:15:00,3847.6699999999796,3808.6699999999796
sell,high_vol,bollinger,1.0,1.25975,12.9,19.35,1.5,0.3,sl,-12.9,-38.7,False,2024-04-03 17:15:00,2024-04-03 17:00:00,3808.6699999999796,3769.96999999998
sell,high_vol,bollinger,1.0,1.26045,13.9,20.85,1.5,0.27,sl,-13.9,-37.53,False,2024-04-03 17:30:00,2024-04-03 17:15:00,3769.96999999998,3732.4399999999796
sell,high_vol,bollinger,1.0,1.26184,15.0,22.5,1.5,0.25,sl,-15.0,-37.5,False,2024-04-03 17:45:00,2024-04-03 17:30:00,3732.4399999999796,3694.9399999999796
sell,high_vol,bollinger,0.9706,1.26671,9.1,13.649999999999999,1.5,0.39,sl,-9.1,-35.49,False,2024-04-04 16:00:00,2024-04-04 15:45:00,3694.9399999999796,3659.44999999998
buy,high_vol,bollinger,0.9991,1.26576,7.3,10.95,1.5,0.5,sl,-7.3,-36.5,False,2024-04-04 21:15:00,2024-04-04 21:00:00,3659.44999999998,3622.94999999998
buy,high_vol,bollinger,0.9967,1.26467,7.4,11.100000000000001,1.5,0.49,sl,-7.4,-36.26,False,2024-04-04 21:45:00,2024-04-04 21:30:00,3622.94999999998,3586.6899999999796
sell,high_vol,bollinger,0.9998,1.26384,9.8,14.700000000000001,1.5,0.37,tp,14.7,54.39,True,2024-04-05 11:45:00,2024-04-05 11:30:00,3586.6899999999796,3641.0799999999795
buy,high_vol,bollinger,0.9245,1.26294,8.4,12.600000000000001,1.5,0.39,tp,12.6,49.14,True,2024-04-05 14:15:00,2024-04-05 14:00:00,3641.0799999999795,3690.2199999999793
sell,high_vol,bollinger,0.9975,1.26407,7.8,11.7,1.5,0.47,tp,11.7,54.99,True,2024-04-05 15:15:00,2024-04-05 15:00:00,3690.2199999999793,3745.209999999979
buy,high_vol,bollinger,1.0,1.26015,13.6,20.4,1.5,0.28,sl,-13.6,-38.08,False,2024-04-05 15:45:00,2024-04-05 15:30:00,3745.209999999979,3707.129999999979
buy,high_vol,bollinger,1.0,1.25764,16.8,25.200000000000003,1.5,0.22,tp,25.2,55.44,True,2024-04-05 16:15:00,2024-04-05 16:00:00,3707.129999999979,3762.5699999999792
sell,low_vol,ema_flipped,0.9378,1.26322,8.3,12.450000000000001,1.5,0.41,timeout,1.3,5.33,True,2024-04-05 22:45:00,2024-04-05 22:30:00,3762.5699999999792,3767.899999999979
buy,low_vol,ema_flipped,1.0,1.26262,7.4,11.100000000000001,1.5,0.51,sl,-7.4,-37.74,False,2024-04-08 01:30:00,2024-04-08 01:15:00,3767.899999999979,3730.1599999999794
sell,low_vol,ema_flipped,0.9971,1.26437,10.7,16.049999999999997,1.5,0.35,sl,-10.7,-37.45,False,2024-04-08 17:00:00,2024-04-08 16:45:00,3730.1599999999794,3692.7099999999796
buy,high_vol,bollinger,1.0,1.2678,13.8,20.700000000000003,1.5,0.27,sl,-13.8,-37.26,False,2024-04-09 17:45:00,2024-04-09 17:30:00,3692.7099999999796,3655.4499999999794
buy,high_vol,bollinger,1.0,1.26011,19.0,28.5,1.5,0.19,sl,-19.0,-36.1,False,2024-04-10 15:45:00,2024-04-10 15:30:00,3655.4499999999794,3619.3499999999794
sell,high_vol,bollinger,1.0,1.25535,14.3,21.450000000000003,1.5,0.25,sl,-14.3,-35.75,False,2024-04-11 15:45:00,2024-04-11 15:30:00,3619.3499999999794,3583.5999999999794
sell,high_vol,bollinger,1.0,1.25654,15.8,23.700000000000003,1.5,0.23,tp,23.7,54.51,True,2024-04-11 16:00:00,2024-04-11 15:45:00,3583.5999999999794,3638.1099999999797
sell,high_vol,bollinger,1.0,1.25737,17.3,25.950000000000003,1.5,0.21,tp,25.95,54.49,True,2024-04-11 16:15:00,2024-04-11 16:00:00,3638.1099999999797,3692.5999999999794
buy,high_vol,bollinger,0.9917,1.25227,7.4,11.100000000000001,1.5,0.49,sl,-7.4,-36.26,False,2024-04-12 09:45:00,2024-04-12 09:30:00,3692.5999999999794,3656.339999999979
buy,high_vol,bollinger,1.0,1.24928,14.5,21.75,1.5,0.25,sl,-14.5,-36.25,False,2024-04-12 12:30:00,2024-04-12 12:15:00,3656.339999999979,3620.089999999979
buy,high_vol,bollinger,0.9997,1.24331,8.5,12.75,1.5,0.43,tp,12.75,54.82,True,2024-04-15 00:15:00,2024-04-15 00:00:00,3620.089999999979,3674.9099999999794
sell,low_vol,ema_flipped,0.9411,1.24877,12.7,19.049999999999997,1.5,0.27,tp,19.05,51.44,True,2024-04-15 12:45:00,2024-04-15 12:30:00,3674.9099999999794,3726.3499999999794
buy,high_vol,bollinger,1.0,1.24603,16.9,25.349999999999998,1.5,0.22,sl,-16.9,-37.18,False,2024-04-15 17:15:00,2024-04-15 17:00:00,3726.3499999999794,3689.1699999999796
buy,high_vol,bollinger,1.0,1.2453,17.4,26.099999999999998,1.5,0.21,sl,-17.4,-36.54,False,2024-04-15 17:30:00,2024-04-15 17:15:00,3689.1699999999796,3652.6299999999796
buy,high_vol,bollinger,1.0,1.2422,8.3,12.450000000000001,1.5,0.44,sl,-8.3,-36.52,False,2024-04-16 09:15:00,2024-04-16 09:00:00,3652.6299999999796,3616.1099999999797
buy,high_vol,bollinger,0.8807,1.24171,8.5,12.75,1.5,0.35,tp,12.75,44.62,True,2024-04-16 09:30:00,2024-04-16 09:15:00,3616.1099999999797,3660.7299999999796
sell,high_vol,bollinger,0.9939,1.24559,12.2,18.299999999999997,1.5,0.3,sl,-12.2,-36.6,False,2024-04-16 15:00:00,2024-04-16 14:45:00,3660.7299999999796,3624.1299999999796
sell,high_vol,bollinger,1.0,1.24671,12.7,19.049999999999997,1.5,0.29,tp,19.05,55.25,True,2024-04-16 15:45:00,2024-04-16 15:30:00,3624.1299999999796,3679.3799999999796
sell,high_vol,bollinger,1.0,1.24661,10.5,15.75,1.5,0.35,tp,15.75,55.13,True,2024-04-17 09:45:00,2024-04-17 09:30:00,3679.3799999999796,3734.5099999999798
sell,high_vol,bollinger,0.9898,1.24636,13.0,19.5,1.5,0.28,tp,19.5,54.6,True,2024-04-17 16:15:00,2024-04-17 16:00:00,3734.5099999999798,3789.1099999999797
buy,high_vol,bollinger,1.0,1.24331,16.2,24.299999999999997,1.5,0.23,tp,24.3,55.89,True,2024-04-17 19:15:00,2024-04-17 19:00:00,3789.1099999999797,3844.9999999999795
sell,high_vol,bollinger,1.0,1.24554,17.5,26.25,1.5,0.22,sl,-17.5,-38.5,False,2024-04-17 21:15:00,2024-04-17 21:00:00,3844.9999999999795,3806.4999999999795
buy,high_vol,bollinger,1.0,1.24549,12.1,18.15,1.5,0.31,sl,-12.1,-37.51,False,2024-04-18 15:45:00,2024-04-18 15:30:00,3806.4999999999795,3768.9899999999793
buy,high_vol,bollinger,1.0,1.2443,15.6,23.4,1.5,0.24,sl,-15.6,-37.44,False,2024-04-18 16:45:00,2024-04-18 16:30:00,3768.9899999999793,3731.5499999999793
buy,high_vol,bollinger,1.0,1.23996,7.6,11.399999999999999,1.5,0.49,sl,-7.6,-37.24,False,2024-04-19 04:45:00,2024-04-19 04:30:00,3731.5499999999793,3694.3099999999795
sell,high_vol,bollinger,0.969,1.24356,12.4,18.6,1.5,0.28,sl,-12.4,-34.72,False,2024-04-19 10:15:00,2024-04-19 10:00:00,3694.3099999999795,3659.5899999999797
sell,high_vol,bollinger,0.9486,1.24547,12.0,18.0,1.5,0.28,sl,-12.0,-33.6,False,2024-04-19 15:30:00,2024-04-19 15:15:00,3659.5899999999797,3625.98999999998
buy,high_vol,bollinger,1.0,1.24205,19.6,29.400000000000002,1.5,0.18,sl,-19.6,-35.28,False,2024-04-19 18:15:00,2024-04-19 18:00:00,3625.98999999998,3590.7099999999796
buy,high_vol,bollinger,0.9728,1.23759,7.4,11.100000000000001,1.5,0.47,sl,-7.4,-34.78,False,2024-04-22 10:15:00,2024-04-22 10:00:00,3590.7099999999796,3555.9299999999794
buy,high_vol,bollinger,0.9989,1.23635,8.5,12.75,1.5,0.42,sl,-8.5,-35.7,False,2024-04-22 10:30:00,2024-04-22 10:15:00,3555.9299999999794,3520.2299999999796
buy,high_vol,bollinger,0.9998,1.2349,14.0,21.0,1.5,0.25,sl,-14.0,-35.0,False,2024-04-22 12:45:00,2024-04-22 12:30:00,3520.2299999999796,3485.2299999999796
buy,high_vol,bollinger,0.9995,1.23029,13.5,20.25,1.5,0.26,tp,20.25,52.65,True,2024-04-22 16:30:00,2024-04-22 16:15:00,3485.2299999999796,3537.8799999999796
sell,high_vol,bollinger,1.0,1.23625,11.1,16.65,1.5,0.32,sl,-11.1,-35.52,False,2024-04-23 10:45:00,2024-04-23 10:30:00,3537.8799999999796,3502.3599999999797
sell,high_vol,bollinger,1.0,1.23867,16.8,25.200000000000003,1.5,0.21,sl,-16.8,-35.28,False,2024-04-23 14:30:00,2024-04-23 14:15:00,3502.3599999999797,3467.0799999999795
sell,high_vol,bollinger,1.0,1.24373,24.1,36.150000000000006,1.5,0.14,sl,-24.1,-33.74,False,2024-04-23 17:00:00,2024-04-23 16:45:00,3467.0799999999795,3433.3399999999797
sell,high_vol,bollinger,1.0,1.24421,10.3,15.450000000000001,1.5,0.33,sl,-10.3,-33.99,False,2024-04-24 13:30:00,2024-04-24 13:15:00,3433.3399999999797,3399.34999999998
sell,high_vol,bollinger,1.0,1.24512,13.5,20.25,1.5,0.25,tp,20.25,50.62,True,2024-04-24 16:30:00,2024-04-24 16:15:00,3399.34999999998,3449.96999999998
sell,high_vol,bollinger,0.9489,1.24459,12.9,19.35,1.5,0.25,sl,-12.9,-32.25,False,2024-04-24 20:00:00,2024-04-24 19:45:00,3449.96999999998,3417.71999999998
buy,high_vol,bollinger,1.0,1.24777,15.9,23.85,1.5,0.21,sl,-15.9,-33.39,False,2024-04-25 15:45:00,2024-04-25 15:30:00,3417.71999999998,3384.32999999998
sell,high_vol,bollinger,1.0,1.25077,21.0,31.5,1.5,0.16,sl,-21.0,-33.6,False,2024-04-25 19:45:00,2024-04-25 19:30:00,3384.32999999998,3350.72999999998
sell,high_vol,bollinger,1.0,1.25196,10.8,16.200000000000003,1.5,0.31,sl,-10.8,-33.48,False,2024-04-26 11:15:00,2024-04-26 11:00:00,3350.72999999998,3317.24999999998
sell,high_vol,bollinger,1.0,1.25381,13.3,19.950000000000003,1.5,0.25,tp,19.95,49.87,True,2024-04-26 11:45:00,2024-04-26 11:30:00,3317.24999999998,3367.11999999998
buy,high_vol,bollinger,1.0,1.24969,16.5,24.75,1.5,0.2,sl,-16.5,-33.0,False,2024-04-26 17:15:00,2024-04-26 17:00:00,3367.11999999998,3334.11999999998
buy,high_vol,bollinger,1.0,1.24898,16.8,25.200000000000003,1.5,0.2,sl,-16.8,-33.6,False,2024-04-26 17:30:00,2024-04-26 17:15:00,3334.11999999998,3300.51999999998
buy,high_vol,bollinger,1.0,1.24769,17.5,26.25,1.5,0.19,sl,-17.5,-33.25,False,2024-04-26 17:45:00,2024-04-26 17:30:00,3300.51999999998,3267.26999999998
buy,high_vol,bollinger,1.0,1.24635,19.2,28.799999999999997,1.5,0.17,tp,28.8,48.96,True,2024-04-26 18:00:00,2024-04-26 17:45:00,3267.26999999998,3316.22999999998
sell,low_vol,ema_flipped,1.0,1.25076,8.4,12.600000000000001,1.5,0.39,sl,-8.4,-32.76,False,2024-04-29 03:00:00,2024-04-29 02:45:00,3316.22999999998,3283.46999999998
buy,high_vol,bollinger,1.0,1.25097,14.5,21.75,1.5,0.23,tp,21.75,50.03,True,2024-04-29 12:15:00,2024-04-29 12:00:00,3283.46999999998,3333.49999999998
sell,high_vol,bollinger,1.0,1.25407,13.2,19.799999999999997,1.5,0.25,tp,19.8,49.5,True,2024-04-29 15:15:00,2024-04-29 15:00:00,3333.49999999998,3382.99999999998
sell,high_vol,bollinger,1.0,1.25468,15.0,22.5,1.5,0.23,sl,-15.0,-34.5,False,2024-04-29 18:00:00,2024-04-29 17:45:00,3382.99999999998,3348.49999999998
buy,low_vol,ema_flipped,1.0,1.25289,6.7,10.05,1.5,0.5,tp,10.05,50.25,True,2024-04-30 09:45:00,2024-04-30 09:30:00,3348.49999999998,3398.74999999998
sell,low_vol,ema_flipped,0.9892,1.25498,12.0,18.0,1.5,0.28,tp,18.0,50.4,True,2024-04-30 13:30:00,2024-04-30 13:15:00,3398.74999999998,3449.14999999998
buy,high_vol,bollinger,1.0,1.25186,14.5,21.75,1.5,0.24,timeout,0.6,1.44,True,2024-04-30 15:45:00,2024-04-30 15:30:00,3449.14999999998,3450.58999999998
sell,high_vol,bollinger,1.0,1.2495,12.4,18.6,1.5,0.28,sl,-12.4,-34.72,False,2024-05-01 21:15:00,2024-05-01 21:00:00,3450.58999999998,3415.8699999999803
sell,high_vol,bollinger,1.0,1.25112,13.5,20.25,1.5,0.25,sl,-13.5,-33.75,False,2024-05-01 21:30:00,2024-05-01 21:15:00,3415.8699999999803,3382.1199999999803
sell,high_vol,bollinger,1.0,1.25377,18.0,27.0,1.5,0.19,tp,27.0,51.3,True,2024-05-01 21:45:00,2024-05-01 21:30:00,3382.1199999999803,3433.4199999999805
buy,high_vol,bollinger,1.0,1.25289,10.1,15.149999999999999,1.5,0.34,sl,-10.1,-34.34,False,2024-05-02 03:30:00,2024-05-02 03:15:00,3433.4199999999805,3399.0799999999804
buy,high_vol,bollinger,1.0,1.2524,8.2,12.299999999999999,1.5,0.41,tp,12.3,50.43,True,2024-05-02 09:45:00,2024-05-02 09:30:00,3399.0799999999804,3449.50999999998
sell,high_vol,bollinger,1.0,1.25273,13.2,19.799999999999997,1.5,0.26,tp,19.8,51.48,True,2024-05-02 15:45:00,2024-05-02 15:30:00,3449.50999999998,3500.9899999999802
buy,high_vol,bollinger,1.0,1.24773,18.4,27.599999999999998,1.5,0.19,tp,27.6,52.44,True,2024-05-02 17:15:00,2024-05-02 17:00:00,3500.9899999999802,3553.4299999999803
sell,low_vol,ema_flipped,0.9319,1.25317,12.4,18.6,1.5,0.26,sl,-12.4,-32.24,False,2024-05-02 21:45:00,2024-05-02 21:30:00,3553.4299999999803,3521.1899999999805
sell,high_vol,bollinger,1.0,1.26089,16.4,24.599999999999998,1.5,0.21,tp,24.6,51.66,True,2024-05-03 15:45:00,2024-05-03 15:30:00,3521.1899999999805,3572.8499999999804
buy,low_vol,ema_flipped,1.0,1.25439,5.5,8.25,1.5,0.65,tp,8.25,53.63,True,2024-05-06 08:30:00,2024-05-06 08:15:00,3572.8499999999804,3626.4799999999805
sell,low_vol,ema_flipped,1.0,1.25479,5.6,8.399999999999999,1.5,0.65,sl,-5.6,-36.4,False,2024-05-06 09:30:00,2024-05-06 09:15:00,3626.4799999999805,3590.0799999999804
buy,low_vol,ema_flipped,1.0,1.25594,5.0,7.5,1.5,0.72,tp,7.5,54.0,True,2024-05-07 02:15:00,2024-05-07 02:00:00,3590.0799999999804,3644.0799999999804
sell,high_vol,bollinger,1.0,1.25356,6.3,9.45,1.5,0.58,tp,9.45,54.81,True,2024-05-10 09:15:00,2024-05-10 09:00:00,3644.0799999999804,3698.8899999999803
buy,high_vol,bollinger,0.9987,1.25056,11.9,17.85,1.5,0.31,tp,17.85,55.33,True,2024-05-10 17:30:00,2024-05-10 17:15:00,3698.8899999999803,3754.2199999999802
buy,high_vol,bollinger,1.0,1.25232,11.4,17.1,1.5,0.33,sl,-11.4,-37.62,False,2024-05-14 11:15:00,2024-05-14 11:00:00,3754.2199999999802,3716.5999999999804
buy,high_vol,bollinger,1.0,1.25149,12.7,19.049999999999997,1.5,0.29,tp,19.05,55.25,True,2024-05-14 11:30:00,2024-05-14 11:15:00,3716.5999999999804,3771.8499999999804
sell,high_vol,bollinger,1.0,1.25756,16.1,24.150000000000002,1.5,0.23,sl,-16.1,-37.03,False,2024-05-14 16:15:00,2024-05-14 16:00:00,3771.8499999999804,3734.81999999998
sell,high_vol,bollinger,1.0,1.26497,15.2,22.799999999999997,1.5,0.25,tp,22.8,57.0,True,2024-05-15 15:45:00,2024-05-15 15:30:00,3734.81999999998,3791.81999999998
buy,high_vol,bollinger,0.9995,1.26468,13.0,19.5,1.5,0.29,tp,19.5,56.55,True,2024-05-16 16:45:00,2024-05-16 16:30:00,3791.81999999998,3848.3699999999803
buy,low_vol,ema_flipped,1.0,1.26594,5.3,7.949999999999999,1.5,0.73,sl,-5.3,-38.69,False,2024-05-17 05:00:00,2024-05-17 04:45:00,3848.3699999999803,3809.6799999999803
sell,high_vol,bollinger,1.0,1.27453,8.3,12.450000000000001,1.5,0.46,sl,-8.3,-38.18,False,2024-05-22 09:15:00,2024-05-22 09:00:00,3809.6799999999803,3771.4999999999804
buy,high_vol,bollinger,1.0,1.27282,17.4,26.099999999999998,1.5,0.22,sl,-17.4,-38.28,False,2024-05-22 11:30:00,2024-05-22 11:15:00,3771.4999999999804,3733.2199999999802
buy,high_vol,bollinger,1.0,1.27038,11.0,16.5,1.5,0.34,tp,16.5,56.1,True,2024-05-22 14:45:00,2024-05-22 14:30:00,3733.2199999999802,3789.31999999998
sell,high_vol,bollinger,1.0,1.27427,12.0,18.0,1.5,0.32,tp,18.0,57.6,True,2024-05-22 16:30:00,2024-05-22 16:15:00,3789.31999999998,3846.91999999998
buy,high_vol,bollinger,0.9901,1.2713,12.3,18.450000000000003,1.5,0.31,timeout,9.5,29.45,True,2024-05-22 21:30:00,2024-05-22 21:15:00,3846.91999999998,3876.36999999998
buy,low_vol,ema_flipped,0.6777,1.27175,9.9,14.850000000000001,1.5,0.21,timeout,5.0,10.5,True,2024-05-22 23:30:00,2024-05-22 23:15:00,3876.36999999998,3886.86999999998
sell,low_vol,ema_flipped,1.0,1.27236,5.7,8.55,1.5,0.68,sl,-5.7,-38.76,False,2024-05-23 06:30:00,2024-05-23 06:15:00,3886.86999999998,3848.1099999999797
buy,high_vol,bollinger,1.0,1.27148,14.4,21.6,1.5,0.27,sl,-14.4,-38.88,False,2024-05-23 17:00:00,2024-05-23 16:45:00,3848.1099999999797,3809.2299999999796
buy,high_vol,bollinger,1.0,1.27017,11.3,16.950000000000003,1.5,0.34,sl,-11.3,-38.42,False,2024-05-23 20:45:00,2024-05-23 20:30:00,3809.2299999999796,3770.8099999999795
buy,high_vol,bollinger,1.0,1.26966,11.4,17.1,1.5,0.33,sl,-11.4,-37.62,False,2024-05-23 21:00:00,2024-05-23 20:45:00,3770.8099999999795,3733.1899999999796
sell,high_vol,bollinger,1.0,1.26956,6.4,9.600000000000001,1.5,0.58,sl,-6.4,-37.12,False,2024-05-24 09:15:00,2024-05-24 09:00:00,3733.1899999999796,3696.0699999999797
sell,low_vol,ema_flipped,1.0,1.27197,9.5,14.25,1.5,0.39,sl,-9.5,-37.05,False,2024-05-24 13:45:00,2024-05-24 13:30:00,3696.0699999999797,3659.0199999999795
buy,low_vol,ema_flipped,1.0,1.27599,9.4,14.100000000000001,1.5,0.39,sl,-9.4,-36.66,False,2024-05-28 22:00:00,2024-05-28 21:45:00,3659.0199999999795,3622.3599999999797
buy,high_vol,bollinger,1.0,1.27199,13.4,20.1,1.5,0.27,sl,-13.4,-36.18,False,2024-05-29 17:30:00,2024-05-29 17:15:00,3622.3599999999797,3586.17999999998
sell,high_vol,bollinger,1.0,1.27012,8.4,12.600000000000001,1.5,0.43,sl,-8.4,-36.12,False,2024-05-30 10:15:00,2024-05-30 10:00:00,3586.17999999998,3550.05999999998
sell,high_vol,bollinger,0.9999,1.27365,13.6,20.4,1.5,0.26,tp,20.4,53.04,True,2024-05-30 18:00:00,2024-05-30 17:45:00,3550.05999999998,3603.09999999998
buy,low_vol,ema_flipped,1.0,1.27215,6.4,9.600000000000001,1.5,0.56,sl,-6.4,-35.84,False,2024-05-31 07:15:00,2024-05-31 07:00:00,3603.09999999998,3567.2599999999798
sell,high_vol,bollinger,1.0,1.27383,8.3,12.450000000000001,1.5,0.43,sl,-8.3,-35.69,False,2024-05-31 22:45:00,2024-05-31 22:30:00,3567.2599999999798,3531.5699999999797
sell,high_vol,bollinger,1.0,1.27434,8.6,12.899999999999999,1.5,0.41,sl,-8.6,-35.26,False,2024-05-31 23:00:00,2024-05-31 22:45:00,3531.5699999999797,3496.3099999999795
buy,high_vol,bollinger,0.9996,1.27154,8.7,13.049999999999999,1.5,0.4,sl,-8.7,-34.8,False,2024-06-03 11:00:00,2024-06-03 10:45:00,3496.3099999999795,3461.5099999999793
sell,high_vol,bollinger,1.0,1.2723,14.2,21.299999999999997,1.5,0.24,sl,-14.2,-34.08,False,2024-06-03 14:15:00,2024-06-03 14:00:00,3461.5099999999793,3427.4299999999794
sell,high_vol,bollinger,1.0,1.27305,13.4,20.1,1.5,0.26,sl,-13.4,-34.84,False,2024-06-03 14:30:00,2024-06-03 14:15:00,3427.4299999999794,3392.589999999979
sell,high_vol,bollinger,1.0,1.27783,13.5,20.25,1.5,0.25,sl,-13.5,-33.75,False,2024-06-03 17:15:00,2024-06-03 17:00:00,3392.589999999979,3358.839999999979
buy,high_vol,bollinger,0.9623,1.27802,10.1,15.149999999999999,1.5,0.31,sl,-10.1,-31.31,False,2024-06-04 11:30:00,2024-06-04 11:15:00,3358.839999999979,3327.5299999999793
buy,high_vol,bollinger,1.0,1.2763,12.1,18.15,1.5,0.28,sl,-12.1,-33.88,False,2024-06-04 12:15:00,2024-06-04 12:00:00,3327.5299999999793,3293.649999999979
buy,low_vol,ema_flipped,1.0,1.27701,7.9,11.850000000000001,1.5,0.42,sl,-7.9,-33.18,False,2024-06-04 23:30:00,2024-06-04 23:15:00,3293.649999999979,3260.4699999999793
sell,low_vol,ema_flipped,0.9987,1.27855,9.6,14.399999999999999,1.5,0.34,sl,-9.6,-32.64,False,2024-06-05 15:45:00,2024-06-05 15:30:00,3260.4699999999793,3227.8299999999795
buy,high_vol,bollinger,1.0,1.27621,15.0,22.5,1.5,0.22,tp,22.5,49.5,True,2024-06-05 17:15:00,2024-06-05 17:00:00,3227.8299999999795,3277.3299999999795
buy,low_vol,ema_flipped,0.9983,1.27821,10.7,16.049999999999997,1.5,0.31,sl,-10.7,-33.17,False,2024-06-06 14:00:00,2024-06-06 13:45:00,3277.3299999999795,3244.1599999999794
buy,high_vol,bollinger,1.0,1.27395,17.3,25.950000000000003,1.5,0.19,sl,-17.3,-32.87,False,2024-06-07 15:45:00,2024-06-07 15:30:00,3244.1599999999794,3211.2899999999795
buy,high_vol,bollinger,1.0,1.27191,5.8,8.7,1.5,0.55,tp,8.7,47.85,True,2024-06-11 00:15:00,2024-06-11 00:00:00,3211.2899999999795,3259.1399999999794
sell,high_vol,bollinger,1.0,1.27293,5.0,7.5,1.5,0.65,sl,-5.0,-32.5,False,2024-06-11 04:45:00,2024-06-11 04:30:00,3259.1399999999794,3226.6399999999794
buy,high_vol,bollinger,1.0,1.27226,5.3,7.949999999999999,1.5,0.61,sl,-5.3,-32.33,False,2024-06-11 09:15:00,2024-06-11 09:00:00,3226.6399999999794,3194.3099999999795
buy,low_vol,ema_flipped,0.998,1.27178,8.4,12.600000000000001,1.5,0.38,tp,12.6,47.88,True,2024-06-11 10:30:00,2024-06-11 10:15:00,3194.3099999999795,3242.1899999999796
sell,high_vol,bollinger,1.0,1.27419,11.9,17.85,1.5,0.27,tp,17.85,48.19,True,2024-06-11 13:15:00,2024-06-11 13:00:00,3242.1899999999796,3290.3799999999796
buy,high_vol,bollinger,1.0,1.2715,14.1,21.15,1.5,0.23,tp,21.15,48.65,True,2024-06-11 17:00:00,2024-06-11 16:45:00,3290.3799999999796,3339.0299999999797
sell,high_vol,bollinger,1.0,1.28325,16.7,25.049999999999997,1.5,0.2,sl,-16.7,-33.4,False,2024-06-12 15:45:00,2024-06-12 15:30:00,3339.0299999999797,3305.6299999999796
sell,high_vol,bollinger,1.0,1.28513,18.7,28.049999999999997,1.5,0.18,tp,28.05,50.49,True,2024-06-12 16:00:00,2024-06-12 15:45:00,3305.6299999999796,3356.1199999999794
buy,high_vol,bollinger,1.0,1.28213,13.5,20.25,1.5,0.25,sl,-13.5,-33.75,False,2024-06-12 21:15:00,2024-06-12 21:00:00,3356.1199999999794,3322.3699999999794
buy,low_vol,ema_flipped,0.9999,1.2777,5.0,7.5,1.5,0.66,tp,7.5,49.5,True,2024-06-13 08:30:00,2024-06-13 08:15:00,3322.3699999999794,3371.8699999999794
sell,low_vol,ema_flipped,1.0,1.27967,7.9,11.850000000000001,1.5,0.43,tp,11.85,50.95,True,2024-06-13 12:00:00,2024-06-13 11:45:00,3371.8699999999794,3422.8199999999792
buy,low_vol,ema_flipped,0.9999,1.27769,9.1,13.649999999999999,1.5,0.38,sl,-9.1,-34.58,False,2024-06-13 14:00:00,2024-06-13 13:45:00,3422.8199999999792,3388.2399999999793
buy,high_vol,bollinger,0.9928,1.27134,10.9,16.35,1.5,0.31,sl,-10.9,-33.79,False,2024-06-14 12:30:00,2024-06-14 12:15:00,3388.2399999999793,3354.4499999999794
buy,high_vol,bollinger,1.0,1.27002,12.1,18.15,1.5,0.28,sl,-12.1,-33.88,False,2024-06-14 12:45:00,2024-06-14 12:30:00,3354.4499999999794,3320.5699999999792
buy,high_vol,bollinger,1.0,1.26928,15.3,22.950000000000003,1.5,0.22,sl,-15.3,-33.66,False,2024-06-14 15:15:00,2024-06-14 15:00:00,3320.5699999999792,3286.9099999999794
buy,high_vol,bollinger,1.0,1.268,16.2,24.299999999999997,1.5,0.2,sl,-16.2,-32.4,False,2024-06-14 15:30:00,2024-06-14 15:15:00,3286.9099999999794,3254.5099999999793
sell,low_vol,ema_flipped,1.0,1.26974,8.7,13.049999999999999,1.5,0.37,sl,-8.7,-32.19,False,2024-06-17 20:45:00,2024-06-17 20:30:00,3254.5099999999793,3222.3199999999792
buy,low_vol,ema_flipped,0.9995,1.26804,8.7,13.049999999999999,1.5,0.37,sl,-8.7,-32.19,False,2024-06-18 11:00:00,2024-06-18 10:45:00,3222.3199999999792,3190.129999999979
sell,high_vol,bollinger,1.0,1.27073,10.5,15.75,1.5,0.3,timeout,1.7,5.1,True,2024-06-18 22:00:00,2024-06-18 21:45:00,3190.129999999979,3195.229999999979
sell,high_vol,bollinger,1.0,1.27179,6.4,9.600000000000001,1.5,0.5,sl,-6.4,-32.0,False,2024-06-19 09:15:00,2024-06-19 09:00:00,3195.229999999979,3163.229999999979
sell,high_vol,bollinger,0.9665,1.27351,12.4,18.6,1.5,0.24,tp,18.6,44.64,True,2024-06-19 12:15:00,2024-06-19 12:00:00,3163.229999999979,3207.869999999979
buy,low_vol,ema_flipped,1.0,1.27123,5.0,7.5,1.5,0.64,sl,-5.0,-32.0,False,2024-06-20 05:15:00,2024-06-20 05:00:00,3207.869999999979,3175.869999999979
buy,high_vol,bollinger,1.0,1.26889,10.5,15.75,1.5,0.3,sl,-10.5,-31.5,False,2024-06-20 14:15:00,2024-06-20 14:00:00,3175.869999999979,3144.369999999979
sell,high_vol,bollinger,0.793,1.26664,5.0,7.5,1.5,0.44,tp,7.5,33.0,True,2024-06-21 09:15:00,2024-06-21 09:00:00,3144.369999999979,3177.369999999979
buy,high_vol,bollinger,1.0,1.26369,14.4,21.6,1.5,0.22,sl,-14.4,-31.68,False,2024-06-21 13:45:00,2024-06-21 13:30:00,3177.369999999979,3145.689999999979
sell,low_vol,ema_flipped,1.0,1.26563,6.1,9.149999999999999,1.5,0.52,sl,-6.1,-31.72,False,2024-06-24 11:15:00,2024-06-24 11:00:00,3145.689999999979,3113.9699999999793
buy,low_vol,ema_flipped,0.721,1.26732,12.0,18.0,1.5,0.16,tp,18.0,28.8,True,2024-06-25 18:00:00,2024-06-25 17:45:00,3113.9699999999793,3142.7699999999795
sell,low_vol,ema_flipped,0.9999,1.26868,9.2,13.799999999999999,1.5,0.34,sl,-9.2,-31.28,False,2024-06-25 21:00:00,2024-06-25 20:45:00,3142.7699999999795,3111.4899999999793
buy,low_vol,ema_flipped,0.9978,1.26702,6.7,10.05,1.5,0.46,sl,-6.7,-30.82,False,2024-06-26 10:15:00,2024-06-26 10:00:00,3111.4899999999793,3080.669999999979
buy,high_vol,bollinger,0.9993,1.2642,9.3,13.950000000000001,1.5,0.33,tp,13.95,46.04,True,2024-06-26 14:30:00,2024-06-26 14:15:00,3080.669999999979,3126.709999999979
sell,low_vol,ema_flipped,0.9998,1.26515,9.8,14.700000000000001,1.5,0.32,sl,-9.8,-31.36,False,2024-06-27 13:45:00,2024-06-27 13:30:00,3126.709999999979,3095.349999999979
buy,low_vol,ema_flipped,1.0,1.26411,5.6,8.399999999999999,1.5,0.55,sl,-5.6,-30.8,False,2024-06-28 00:15:00,2024-06-28 00:00:00,3095.349999999979,3064.549999999979
sell,low_vol,ema_flipped,0.9995,1.26438,9.9,14.850000000000001,1.5,0.31,sl,-9.9,-30.69,False,2024-06-28 13:15:00,2024-06-28 13:00:00,3064.549999999979,3033.8599999999788
sell,high_vol,bollinger,1.0,1.26504,14.0,21.0,1.5,0.22,sl,-14.0,-30.8,False,2024-06-28 20:15:00,2024-06-28 20:00:00,3033.8599999999788,3003.0599999999786
sell,high_vol,bollinger,0.9998,1.26515,7.0,10.5,1.5,0.43,sl,-7.0,-30.1,False,2024-07-01 00:15:00,2024-07-01 00:00:00,3003.0599999999786,2972.9599999999787
sell,high_vol,bollinger,1.0,1.26788,6.3,9.45,1.5,0.47,sl,-6.3,-29.61,False,2024-07-01 09:15:00,2024-07-01 09:00:00,2972.9599999999787,2943.3499999999785
sell,high_vol,bollinger,0.9988,1.26862,7.0,10.5,1.5,0.42,tp,10.5,44.1,True,2024-07-01 09:30:00,2024-07-01 09:15:00,2943.3499999999785,2987.4499999999784
sell,high_vol,bollinger,0.7374,1.26762,9.9,14.850000000000001,1.5,0.19,tp,14.85,28.21,True,2024-07-01 14:15:00,2024-07-01 14:00:00,2987.4499999999784,3015.6599999999785
buy,high_vol,bollinger,0.9615,1.26607,10.0,15.0,1.5,0.28,tp,15.0,42.0,True,2024-07-01 15:45:00,2024-07-01 15:30:00,3015.6599999999785,3057.6599999999785
buy,high_vol,bollinger,0.9754,1.26368,10.3,15.450000000000001,1.5,0.29,sl,-10.3,-29.87,False,2024-07-01 21:15:00,2024-07-01 21:00:00,3057.6599999999785,3027.7899999999786
sell,low_vol,ema_flipped,0.8681,1.26595,9.0,13.5,1.5,0.27,sl,-9.0,-24.3,False,2024-07-02 15:45:00,2024-07-02 15:30:00,3027.7899999999786,3003.4899999999784
sell,high_vol,bollinger,0.9967,1.26804,8.1,12.149999999999999,1.5,0.37,sl,-8.1,-29.97,False,2024-07-02 21:15:00,2024-07-02 21:00:00,3003.4899999999784,2973.5199999999786
sell,high_vol,bollinger,0.9999,1.27305,10.6,15.899999999999999,1.5,0.28,sl,-10.6,-29.68,False,2024-07-03 16:15:00,2024-07-03 16:00:00,2973.5199999999786,2943.8399999999788
sell,high_vol,bollinger,1.0,1.27724,14.1,21.15,1.5,0.21,tp,21.15,44.42,True,2024-07-03 17:15:00,2024-07-03 17:00:00,2943.8399999999788,2988.259999999979
buy,high_vol,bollinger,1.0,1.27571,15.2,22.799999999999997,1.5,0.2,sl,-15.2,-30.4,False,2024-07-03 19:45:00,2024-07-03 19:30:00,2988.259999999979,2957.8599999999788
buy,high_vol,bollinger,1.0,1.27468,15.2,22.799999999999997,1.5,0.19,tp,22.8,43.32,True,2024-07-03 20:15:00,2024-07-03 20:00:00,2957.8599999999788,3001.179999999979
buy,high_vol,bollinger,1.0,1.2798,7.0,10.5,1.5,0.43,tp,10.5,45.15,True,2024-07-08 00:15:00,2024-07-08 00:00:00,3001.179999999979,3046.329999999979
buy,low_vol,ema_flipped,0.9999,1.28064,5.0,7.5,1.5,0.61,tp,7.5,45.75,True,2024-07-09 00:15:00,2024-07-09 00:00:00,3046.329999999979,3092.079999999979
sell,low_vol,ema_flipped,0.9993,1.28033,8.3,12.450000000000001,1.5,0.37,sl,-8.3,-30.71,False,2024-07-10 12:30:00,2024-07-10 12:15:00,3092.079999999979,3061.369999999979
sell,high_vol,bollinger,1.0,1.28321,8.7,13.049999999999999,1.5,0.35,sl,-8.7,-30.45,False,2024-07-10 16:45:00,2024-07-10 16:30:00,3061.369999999979,3030.919999999979
sell,high_vol,bollinger,1.0,1.29422,13.7,20.549999999999997,1.5,0.22,tp,20.55,45.21,True,2024-07-11 15:45:00,2024-07-11 15:30:00,3030.919999999979,3076.129999999979
buy,high_vol,bollinger,1.0,1.29022,12.9,19.35,1.5,0.24,tp,19.35,46.44,True,2024-07-11 20:45:00,2024-07-11 20:30:00,3076.129999999979,3122.5699999999792
sell,high_vol,bollinger,0.9996,1.29224,7.5,11.25,1.5,0.42,tp,11.25,47.25,True,2024-07-12 03:00:00,2024-07-12 02:45:00,3122.5699999999792,3169.8199999999792
sell,high_vol,bollinger,1.0,1.29713,12.8,19.200000000000003,1.5,0.25,sl,-12.8,-32.0,False,2024-07-12 16:15:00,2024-07-12 16:00:00,3169.8199999999792,3137.8199999999792
buy,high_vol,bollinger,1.0,1.29821,11.0,16.5,1.5,0.29,sl,-11.0,-31.9,False,2024-07-12 20:15:00,2024-07-12 20:00:00,3137.8199999999792,3105.919999999979
buy,high_vol,bollinger,1.0,1.29756,7.6,11.399999999999999,1.5,0.41,sl,-7.6,-31.16,False,2024-07-15 00:15:00,2024-07-15 00:00:00,3105.919999999979,3074.7599999999793
buy,high_vol,bollinger,0.9998,1.29657,9.9,14.850000000000001,1.5,0.31,tp,14.85,46.03,True,2024-07-15 01:15:00,2024-07-15 01:00:00,3074.7599999999793,3120.7899999999795
buy,high_vol,bollinger,0.9405,1.29718,11.5,17.25,1.5,0.25,timeout,-0.6,-1.5,False,2024-07-15 19:15:00,2024-07-15 19:00:00,3120.7899999999795,3119.2899999999795
buy,low_vol,ema_flipped,0.9999,1.29674,5.7,8.55,1.5,0.55,sl,-5.7,-31.35,False,2024-07-16 00:15:00,2024-07-16 00:00:00,3119.2899999999795,3087.9399999999796
sell,high_vol,bollinger,0.8011,1.29772,8.1,12.149999999999999,1.5,0.27,tp,12.15,32.8,True,2024-07-16 15:30:00,2024-07-16 15:15:00,3087.9399999999796,3120.73999999998
buy,high_vol,bollinger,1.0,1.29524,10.6,15.899999999999999,1.5,0.29,sl,-10.6,-30.74,False,2024-07-16 15:45:00,2024-07-16 15:30:00,3120.73999999998,3089.99999999998
sell,low_vol,ema_flipped,1.0,1.29728,6.0,9.0,1.5,0.51,tp,9.0,45.9,True,2024-07-16 23:00:00,2024-07-16 22:45:00,3089.99999999998,3135.89999999998
sell,high_vol,bollinger,1.0,1.29846,8.3,12.450000000000001,1.5,0.38,sl,-8.3,-31.54,False,2024-07-17 09:45:00,2024-07-17 09:30:00,3135.89999999998,3104.35999999998
sell,high_vol,bollinger,0.9997,1.29965,10.0,15.0,1.5,0.31,sl,-10.0,-31.0,False,2024-07-17 10:15:00,2024-07-17 10:00:00,3104.35999999998,3073.35999999998
buy,high_vol,bollinger,1.0,1.302,12.2,18.299999999999997,1.5,0.25,sl,-12.2,-30.5,False,2024-07-17 17:15:00,2024-07-17 17:00:00,3073.35999999998,3042.85999999998
buy,high_vol,bollinger,1.0,1.30043,13.3,19.950000000000003,1.5,0.23,timeout,4.5,10.35,True,2024-07-17 18:15:00,2024-07-17 18:00:00,3042.85999999998,3053.20999999998
buy,high_vol,bollinger,1.0,1.29899,7.8,11.7,1.5,0.39,tp,11.7,45.63,True,2024-07-18 09:45:00,2024-07-18 09:30:00,3053.20999999998,3098.83999999998
buy,high_vol,bollinger,0.9954,1.29307,5.2,7.800000000000001,1.5,0.59,sl,-5.2,-30.68,False,2024-07-19 09:15:00,2024-07-19 09:00:00,3098.83999999998,3068.1599999999803
buy,high_vol,bollinger,0.9345,1.29184,11.0,16.5,1.5,0.25,sl,-11.0,-27.5,False,2024-07-19 12:00:00,2024-07-19 11:45:00,3068.1599999999803,3040.6599999999803
sell,low_vol,ema_flipped,0.9991,1.29311,9.6,14.399999999999999,1.5,0.32,sl,-9.6,-30.72,False,2024-07-22 13:30:00,2024-07-22 13:15:00,3040.6599999999803,3009.9399999999805
buy,low_vol,ema_flipped,0.9999,1.29168,8.9,13.350000000000001,1.5,0.34,sl,-8.9,-30.26,False,2024-07-22 16:15:00,2024-07-22 16:00:00,3009.9399999999805,2979.6799999999803
sell,low_vol,ema_flipped,1.0,1.29287,5.0,7.5,1.5,0.6,sl,-5.0,-30.0,False,2024-07-22 23:45:00,2024-07-22 23:30:00,2979.6799999999803,2949.6799999999803
buy,low_vol,ema_flipped,1.0,1.29194,5.4,8.100000000000001,1.5,0.55,sl,-5.4,-29.7,False,2024-07-23 10:00:00,2024-07-23 09:45:00,2949.6799999999803,2919.9799999999805
buy,high_vol,bollinger,0.9514,1.29037,11.0,16.5,1.5,0.25,sl,-11.0,-27.5,False,2024-07-23 13:15:00,2024-07-23 13:00:00,2919.9799999999805,2892.4799999999805
buy,high_vol,bollinger,0.9999,1.28909,11.9,17.85,1.5,0.24,tp,17.85,42.84,True,2024-07-23 13:30:00,2024-07-23 13:15:00,2892.4799999999805,2935.3199999999806
sell,high_vol,bollinger,1.0,1.29078,13.0,19.5,1.5,0.23,sl,-13.0,-29.9,False,2024-07-24 13:00:00,2024-07-24 12:45:00,2935.3199999999806,2905.4199999999805
sell,high_vol,bollinger,1.0,1.29267,10.1,15.149999999999999,1.5,0.29,sl,-10.1,-29.29,False,2024-07-24 16:00:00,2024-07-24 15:45:00,2905.4199999999805,2876.1299999999806
buy,high_vol,bollinger,1.0,1.29188,7.5,11.25,1.5,0.38,sl,-7.5,-28.5,False,2024-07-24 21:00:00,2024-07-24 20:45:00,2876.1299999999806,2847.6299999999806
buy,high_vol,bollinger,1.0,1.29118,7.2,10.8,1.5,0.4,sl,-7.2,-28.8,False,2024-07-24 21:15:00,2024-07-24 21:00:00,2847.6299999999806,2818.8299999999804
buy,high_vol,bollinger,1.0,1.2908,7.3,10.95,1.5,0.39,sl,-7.3,-28.47,False,2024-07-24 21:30:00,2024-07-24 21:15:00,2818.8299999999804,2790.3599999999806
buy,low_vol,ema_flipped,0.9922,1.29053,8.3,12.450000000000001,1.5,0.33,sl,-8.3,-27.39,False,2024-07-25 00:30:00,2024-07-25 00:15:00,2790.3599999999806,2762.9699999999807
buy,high_vol,bollinger,0.9827,1.2876,8.3,12.450000000000001,1.5,0.32,tp,12.45,39.84,True,2024-07-25 10:15:00,2024-07-25 10:00:00,2762.9699999999807,2802.809999999981
sell,high_vol,bollinger,1.0,1.29076,13.1,19.65,1.5,0.21,tp,19.65,41.26,True,2024-07-25 11:15:00,2024-07-25 11:00:00,2802.809999999981,2844.069999999981
buy,high_vol,bollinger,1.0,1.28764,14.4,21.6,1.5,0.2,sl,-14.4,-28.8,False,2024-07-25 14:00:00,2024-07-25 13:45:00,2844.069999999981,2815.269999999981
sell,high_vol,bollinger,1.0,1.28872,13.6,20.4,1.5,0.21,tp,20.4,42.84,True,2024-07-25 17:30:00,2024-07-25 17:15:00,2815.269999999981,2858.109999999981
buy,high_vol,bollinger,0.9996,1.28711,11.0,16.5,1.5,0.26,sl,-11.0,-28.6,False,2024-07-25 21:00:00,2024-07-25 20:45:00,2858.109999999981,2829.509999999981
buy,high_vol,bollinger,0.9999,1.28668,10.5,15.75,1.5,0.27,sl,-10.5,-28.35,False,2024-07-25 21:15:00,2024-07-25 21:00:00,2829.509999999981,2801.159999999981
sell,high_vol,bollinger,0.8783,1.28705,5.8,8.7,1.5,0.4,tp,8.7,34.8,True,2024-07-26 10:30:00,2024-07-26 10:15:00,2801.159999999981,2835.9599999999814
buy,high_vol,bollinger,0.8212,1.2861,9.7,14.549999999999999,1.5,0.22,sl,-9.7,-21.34,False,2024-07-26 13:15:00,2024-07-26 13:00:00,2835.9599999999814,2814.6199999999812
buy,high_vol,bollinger,0.9983,1.28588,11.2,16.799999999999997,1.5,0.25,tp,16.8,42.0,True,2024-07-26 17:30:00,2024-07-26 17:15:00,2814.6199999999812,2856.6199999999812
sell,low_vol,ema_flipped,0.9999,1.28743,8.0,12.0,1.5,0.36,tp,12.0,43.2,True,2024-07-26 21:15:00,2024-07-26 21:00:00,2856.6199999999812,2899.819999999981
buy,high_vol,bollinger,0.9891,1.28563,7.3,10.95,1.5,0.39,sl,-7.3,-28.47,False,2024-07-29 10:15:00,2024-07-29 10:00:00,2899.819999999981,2871.3499999999813
buy,high_vol,bollinger,0.9859,1.28508,8.2,12.299999999999999,1.5,0.34,sl,-8.2,-27.88,False,2024-07-29 10:30:00,2024-07-29 10:15:00,2871.3499999999813,2843.469999999981
buy,high_vol,bollinger,1.0,1.28345,10.0,15.0,1.5,0.28,sl,-10.0,-28.0,False,2024-07-29 11:00:00,2024-07-29 10:45:00,2843.469999999981,2815.469999999981
buy,high_vol,bollinger,1.0,1.28136,12.0,18.0,1.5,0.23,tp,18.0,41.4,True,2024-07-29 11:15:00,2024-07-29 11:00:00,2815.469999999981,2856.8699999999812
buy,high_vol,bollinger,1.0,1.28242,13.0,19.5,1.5,0.22,tp,19.5,42.9,True,2024-07-29 17:45:00,2024-07-29 17:30:00,2856.8699999999812,2899.7699999999813
sell,high_vol,bollinger,1.0,1.28612,12.9,19.35,1.5,0.22,timeout,3.3,7.26,True,2024-07-29 20:15:00,2024-07-29 20:00:00,2899.7699999999813,2907.0299999999816
buy,low_vol,ema_flipped,1.0,1.28482,5.0,7.5,1.5,0.58,tp,7.5,43.5,True,2024-07-30 04:45:00,2024-07-30 04:30:00,2907.0299999999816,2950.5299999999816
sell,low_vol,ema_flipped,0.9963,1.28574,9.0,13.5,1.5,0.33,tp,13.5,44.55,True,2024-07-30 12:15:00,2024-07-30 12:00:00,2950.5299999999816,2995.0799999999817
buy,low_vol,ema_flipped,0.9997,1.28461,7.1,10.649999999999999,1.5,0.42,sl,-7.1,-29.82,False,2024-07-30 15:00:00,2024-07-30 14:45:00,2995.0799999999817,2965.2599999999816
sell,high_vol,bollinger,1.0,1.28368,13.2,19.799999999999997,1.5,0.22,sl,-13.2,-29.04,False,2024-07-30 19:30:00,2024-07-30 19:15:00,2965.2599999999816,2936.2199999999816
sell,low_vol,ema_flipped,1.0,1.28511,7.1,10.649999999999999,1.5,0.41,tp,10.65,43.67,True,2024-07-31 06:30:00,2024-07-31 06:15:00,2936.2199999999816,2979.8899999999817
buy,low_vol,ema_flipped,1.0,1.28407,7.0,10.5,1.5,0.43,sl,-7.0,-30.1,False,2024-07-31 08:45:00,2024-07-31 08:30:00,2979.8899999999817,2949.789999999982
sell,low_vol,ema_flipped,0.9999,1.28434,7.2,10.8,1.5,0.41,tp,10.8,44.28,True,2024-07-31 09:00:00,2024-07-31 08:45:00,2949.789999999982,2994.069999999982
buy,low_vol,ema_flipped,0.9998,1.28414,8.0,12.0,1.5,0.37,sl,-8.0,-29.6,False,2024-07-31 09:30:00,2024-07-31 09:15:00,2994.069999999982,2964.469999999982
buy,high_vol,bollinger,1.0,1.28255,11.7,17.549999999999997,1.5,0.25,tp,17.55,43.87,True,2024-07-31 11:15:00,2024-07-31 11:00:00,2964.469999999982,3008.339999999982
buy,high_vol,bollinger,1.0,1.28263,14.4,21.6,1.5,0.21,tp,21.6,45.36,True,2024-07-31 19:30:00,2024-07-31 19:15:00,3008.339999999982,3053.699999999982
sell,high_vol,bollinger,1.0,1.28556,13.5,20.25,1.5,0.23,tp,20.25,46.57,True,2024-07-31 21:45:00,2024-07-31 21:30:00,3053.699999999982,3100.2699999999822
sell,high_vol,bollinger,1.0,1.28599,12.2,18.299999999999997,1.5,0.25,tp,18.3,45.75,True,2024-08-01 01:15:00,2024-08-01 01:00:00,3100.2699999999822,3146.0199999999822
buy,high_vol,bollinger,0.9999,1.28362,8.0,12.0,1.5,0.39,sl,-8.0,-31.2,False,2024-08-01 09:15:00,2024-08-01 09:00:00,3146.0199999999822,3114.8199999999824
buy,high_vol,bollinger,0.6533,1.27239,6.2,9.3,1.5,0.25,sl,-6.2,-15.5,False,2024-08-02 03:15:00,2024-08-02 03:00:00,3114.8199999999824,3099.3199999999824
sell,high_vol,bollinger,0.9847,1.27437,10.6,15.899999999999999,1.5,0.29,sl,-10.6,-30.74,False,2024-08-02 14:15:00,2024-08-02 14:00:00,3099.3199999999824,3068.5799999999826
sell,high_vol,bollinger,0.979,1.27475,10.4,15.600000000000001,1.5,0.29,sl,-10.4,-30.16,False,2024-08-02 14:30:00,2024-08-02 14:15:00,3068.5799999999826,3038.419999999983
sell,high_vol,bollinger,1.0,1.27655,15.0,22.5,1.5,0.2,sl,-15.0,-30.0,False,2024-08-02 15:45:00,2024-08-02 15:30:00,3038.419999999983,3008.419999999983
sell,high_vol,bollinger,1.0,1.28003,18.8,28.200000000000003,1.5,0.16,sl,-18.8,-30.08,False,2024-08-02 16:00:00,2024-08-02 15:45:00,3008.419999999983,2978.339999999983
sell,high_vol,bollinger,1.0,1.28134,20.9,31.349999999999998,1.5,0.14,sl,-20.9,-29.26,False,2024-08-02 16:15:00,2024-08-02 16:00:00,2978.339999999983,2949.0799999999826
sell,high_vol,bollinger,1.0,1.28091,15.9,23.85,1.5,0.19,tp,23.85,45.32,True,2024-08-02 21:30:00,2024-08-02 21:15:00,2949.0799999999826,2994.399999999983
buy,high_vol,bollinger,0.9999,1.27983,9.0,13.5,1.5,0.33,sl,-9.0,-29.7,False,2024-08-05 01:15:00,2024-08-05 01:00:00,2994.399999999983,2964.699999999983
buy,high_vol,bollinger,0.9875,1.27935,9.2,13.799999999999999,1.5,0.32,sl,-9.2,-29.44,False,2024-08-05 01:30:00,2024-08-05 01:15:00,2964.699999999983,2935.259999999983
buy,high_vol,bollinger,0.9999,1.27922,11.9,17.85,1.5,0.25,sl,-11.9,-29.75,False,2024-08-05 08:45:00,2024-08-05 08:30:00,2935.259999999983,2905.509999999983
buy,high_vol,bollinger,1.0,1.27468,15.3,22.950000000000003,1.5,0.19,sl,-15.3,-29.07,False,2024-08-05 09:00:00,2024-08-05 08:45:00,2905.509999999983,2876.439999999983
buy,high_vol,bollinger,1.0,1.27261,18.7,28.049999999999997,1.5,0.15,tp,28.05,42.07,True,2024-08-05 09:15:00,2024-08-05 09:00:00,2876.439999999983,2918.509999999983
sell,high_vol,bollinger,0.9976,1.27897,11.1,16.65,1.5,0.26,sl,-11.1,-28.86,False,2024-08-06 02:15:00,2024-08-06 02:00:00,2918.509999999983,2889.649999999983
sell,high_vol,bollinger,1.0,1.28014,12.0,18.0,1.5,0.24,tp,18.0,43.2,True,2024-08-06 04:00:00,2024-08-06 03:45:00,2889.649999999983,2932.8499999999826
buy,high_vol,bollinger,0.9489,1.27808,11.6,17.4,1.5,0.23,sl,-11.6,-26.68,False,2024-08-06 07:00:00,2024-08-06 06:45:00,2932.8499999999826,2906.169999999983
buy,high_vol,bollinger,0.8486,1.27764,11.5,17.25,1.5,0.2,sl,-11.5,-23.0,False,2024-08-06 07:15:00,2024-08-06 07:00:00,2906.169999999983,2883.169999999983
buy,high_vol,bollinger,0.6766,1.27629,9.9,14.850000000000001,1.5,0.16,sl,-9.9,-15.84,False,2024-08-06 09:15:00,2024-08-06 09:00:00,2883.169999999983,2867.3299999999826
buy,high_vol,bollinger,1.0,1.27547,11.6,17.4,1.5,0.25,sl,-11.6,-29.0,False,2024-08-06 09:45:00,2024-08-06 09:30:00,2867.3299999999826,2838.3299999999826
buy,high_vol,bollinger,1.0,1.27141,21.3,31.950000000000003,1.5,0.13,sl,-21.3,-27.69,False,2024-08-06 12:15:00,2024-08-06 12:00:00,2838.3299999999826,2810.6399999999826
sell,high_vol,bollinger,1.0,1.27154,19.3,28.950000000000003,1.5,0.15,tp,28.95,43.43,True,2024-08-06 17:15:00,2024-08-06 17:00:00,2810.6399999999826,2854.0699999999824
buy,high_vol,bollinger,1.0,1.26907,11.5,17.25,1.5,0.25,tp,17.25,43.12,True,2024-08-07 10:30:00,2024-08-07 10:15:00,2854.0699999999824,2897.1899999999823
sell,high_vol,bollinger,1.0,1.27324,16.1,24.150000000000002,1.5,0.18,tp,24.15,43.47,True,2024-08-07 14:30:00,2024-08-07 14:15:00,2897.1899999999823,2940.659999999982
buy,high_vol,bollinger,0.9573,1.27086,12.8,19.200000000000003,1.5,0.22,sl,-12.8,-28.16,False,2024-08-07 17:15:00,2024-08-07 17:00:00,2940.659999999982,2912.4999999999823
buy,high_vol,bollinger,1.0,1.26778,15.7,23.549999999999997,1.5,0.19,tp,23.55,44.75,True,2024-08-08 12:45:00,2024-08-08 12:30:00,2912.4999999999823,2957.2499999999823
sell,high_vol,bollinger,1.0,1.27842,12.5,18.75,1.5,0.24,tp,18.75,45.0,True,2024-08-12 17:45:00,2024-08-12 17:30:00,2957.2499999999823,3002.2499999999823
sell,high_vol,bollinger,1.0,1.27943,7.0,10.5,1.5,0.43,sl,-7.0,-30.1,False,2024-08-13 09:15:00,2024-08-13 09:00:00,3002.2499999999823,2972.1499999999824
sell,high_vol,bollinger,0.9978,1.28011,8.4,12.600000000000001,1.5,0.35,sl,-8.4,-29.4,False,2024-08-13 09:30:00,2024-08-13 09:15:00,2972.1499999999824,2942.7499999999823
buy,high_vol,bollinger,1.0,1.27838,12.5,18.75,1.5,0.24,tp,18.75,45.0,True,2024-08-13 13:30:00,2024-08-13 13:15:00,2942.7499999999823,2987.7499999999823
sell,high_vol,bollinger,1.0,1.28059,14.5,21.75,1.5,0.21,sl,-14.5,-30.45,False,2024-08-13 15:45:00,2024-08-13 15:30:00,2987.7499999999823,2957.2999999999824
sell,high_vol,bollinger,1.0,1.2839,14.5,21.75,1.5,0.2,sl,-14.5,-29.0,False,2024-08-13 19:45:00,2024-08-13 19:30:00,2957.2999999999824,2928.2999999999824
buy,high_vol,bollinger,1.0,1.28293,9.8,14.700000000000001,1.5,0.3,tp,14.7,44.1,True,2024-08-14 09:15:00,2024-08-14 09:00:00,2928.2999999999824,2972.3999999999824
sell,low_vol,ema_flipped,1.0,1.2844,5.0,7.5,1.5,0.59,sl,-5.0,-29.5,False,2024-08-15 08:45:00,2024-08-15 08:30:00,2972.3999999999824,2942.8999999999824
buy,high_vol,bollinger,1.0,1.28194,13.6,20.4,1.5,0.22,sl,-13.6,-29.92,False,2024-08-15 15:45:00,2024-08-15 15:30:00,2942.8999999999824,2912.9799999999823
buy,high_vol,bollinger,1.0,1.28972,10.0,15.0,1.5,0.29,sl,-10.0,-29.0,False,2024-08-16 15:45:00,2024-08-16 15:30:00,2912.9799999999823,2883.9799999999823
sell,high_vol,bollinger,0.9958,1.29606,12.3,18.450000000000003,1.5,0.23,sl,-12.3,-28.29,False,2024-08-19 17:00:00,2024-08-19 16:45:00,2883.9799999999823,2855.6899999999823
sell,high_vol,bollinger,1.0,1.29737,13.3,19.950000000000003,1.5,0.21,sl,-13.3,-27.93,False,2024-08-19 17:15:00,2024-08-19 17:00:00,2855.6899999999823,2827.7599999999825
sell,high_vol,bollinger,1.0,1.29898,12.9,19.35,1.5,0.22,timeout,-5.8,-12.76,False,2024-08-19 21:00:00,2024-08-19 20:45:00,2827.7599999999825,2814.9999999999823
sell,high_vol,bollinger,1.0,1.30267,14.4,21.6,1.5,0.2,sl,-14.4,-28.8,False,2024-08-20 16:00:00,2024-08-20 15:45:00,2814.9999999999823,2786.199999999982
sell,high_vol,bollinger,1.0,1.31137,14.0,21.0,1.5,0.2,tp,21.0,42.0,True,2024-08-21 21:15:00,2024-08-21 21:00:00,2786.199999999982,2828.199999999982
sell,high_vol,bollinger,1.0,1.30922,6.2,9.3,1.5,0.46,sl,-6.2,-28.52,False,2024-08-22 02:00:00,2024-08-22 01:45:00,2828.199999999982,2799.679999999982
sell,high_vol,bollinger,1.0,1.31228,14.2,21.299999999999997,1.5,0.2,tp,21.3,42.6,True,2024-08-22 11:45:00,2024-08-22 11:30:00,2799.679999999982,2842.279999999982
sell,high_vol,bollinger,1.0,1.31939,19.4,29.099999999999998,1.5,0.15,sl,-19.4,-29.1,False,2024-08-23 17:15:00,2024-08-23 17:00:00,2842.279999999982,2813.179999999982
buy,low_vol,ema_flipped,1.0,1.31872,6.4,9.600000000000001,1.5,0.44,sl,-6.4,-28.16,False,2024-08-27 00:45:00,2024-08-27 00:30:00,2813.179999999982,2785.0199999999822
sell,low_vol,ema_flipped,1.0,1.31898,5.6,8.399999999999999,1.5,0.5,tp,8.4,42.0,True,2024-08-27 02:30:00,2024-08-27 02:15:00,2785.0199999999822,2827.0199999999822
buy,low_vol,ema_flipped,1.0,1.31829,6.5,9.75,1.5,0.43,tp,9.75,41.92,True,2024-08-27 03:45:00,2024-08-27 03:30:00,2827.0199999999822,2868.9399999999823
sell,low_vol,ema_flipped,1.0,1.31924,6.3,9.45,1.5,0.46,sl,-6.3,-28.98,False,2024-08-27 05:00:00,2024-08-27 04:45:00,2868.9399999999823,2839.9599999999823
sell,high_vol,bollinger,0.9959,1.32093,9.7,14.549999999999999,1.5,0.29,sl,-9.7,-28.13,False,2024-08-27 10:15:00,2024-08-27 10:00:00,2839.9599999999823,2811.829999999982
sell,high_vol,bollinger,0.6999,1.32378,14.4,21.6,1.5,0.11,sl,-14.4,-15.84,False,2024-08-27 17:30:00,2024-08-27 17:15:00,2811.829999999982,2795.989999999982
sell,high_vol,bollinger,0.9293,1.32459,14.1,21.15,1.5,0.18,sl,-14.1,-25.38,False,2024-08-27 20:15:00,2024-08-27 20:00:00,2795.989999999982,2770.609999999982
buy,low_vol,ema_flipped,0.9994,1.32314,13.9,20.85,1.5,0.2,sl,-13.9,-27.8,False,2024-08-28 12:00:00,2024-08-28 11:45:00,2770.609999999982,2742.8099999999818
buy,high_vol,bollinger,1.0,1.31838,19.1,28.650000000000002,1.5,0.14,tp,28.65,40.11,True,2024-08-28 19:15:00,2024-08-28 19:00:00,2742.8099999999818,2782.919999999982
sell,low_vol,ema_flipped,1.0,1.32151,6.4,9.600000000000001,1.5,0.43,sl,-6.4,-27.52,False,2024-08-29 09:00:00,2024-08-29 08:45:00,2782.919999999982,2755.399999999982
buy,high_vol,bollinger,1.0,1.31933,13.9,20.85,1.5,0.2,sl,-13.9,-27.8,False,2024-08-29 11:15:00,2024-08-29 11:00:00,2755.399999999982,2727.5999999999817
buy,high_vol,bollinger,1.0,1.3178,16.2,24.299999999999997,1.5,0.17,sl,-16.2,-27.54,False,2024-08-29 11:30:00,2024-08-29 11:15:00,2727.5999999999817,2700.0599999999818
buy,high_vol,bollinger,1.0,1.31783,15.8,23.700000000000003,1.5,0.17,sl,-15.8,-26.86,False,2024-08-29 15:15:00,2024-08-29 15:00:00,2700.0599999999818,2673.1999999999816
buy,high_vol,bollinger,1.0,1.31563,17.4,26.099999999999998,1.5,0.15,tp,26.1,39.15,True,2024-08-29 15:45:00,2024-08-29 15:30:00,2673.1999999999816,2712.3499999999817
sell,high_vol,bollinger,1.0,1.31723,21.0,31.5,1.5,0.13,timeout,8.9,11.57,True,2024-08-29 18:45:00,2024-08-29 18:30:00,2712.3499999999817,2723.919999999982
sell,high_vol,bollinger,1.0,1.31846,21.5,32.25,1.5,0.13,timeout,21.2,27.56,True,2024-08-29 19:00:00,2024-08-29 18:45:00,2723.919999999982,2751.479999999982
sell,low_vol,ema_flipped,0.9998,1.31968,11.7,17.549999999999997,1.5,0.24,tp,17.55,42.12,True,2024-08-30 11:30:00,2024-08-30 11:15:00,2751.479999999982,2793.5999999999817
buy,high_vol,bollinger,1.0,1.31562,13.5,20.25,1.5,0.21,sl,-13.5,-28.35,False,2024-08-30 15:45:00,2024-08-30 15:30:00,2793.5999999999817,2765.249999999982
buy,high_vol,bollinger,1.0,1.31419,16.8,25.200000000000003,1.5,0.16,sl,-16.8,-26.88,False,2024-08-30 16:15:00,2024-08-30 16:00:00,2765.249999999982,2738.3699999999817
sell,low_vol,ema_flipped,1.0,1.315,11.9,17.85,1.5,0.23,tp,17.85,41.05,True,2024-09-02 18:00:00,2024-09-02 17:45:00,2738.3699999999817,2779.419999999982
buy,low_vol,ema_flipped,1.0,1.31395,6.2,9.3,1.5,0.45,sl,-6.2,-27.9,False,2024-09-03 04:45:00,2024-09-03 04:30:00,2779.419999999982,2751.519999999982
sell,low_vol,ema_flipped,1.0,1.31424,6.5,9.75,1.5,0.42,tp,9.75,40.95,True,2024-09-03 05:00:00,2024-09-03 04:45:00,2751.519999999982,2792.4699999999816
buy,low_vol,ema_flipped,1.0,1.31335,7.8,11.7,1.5,0.36,sl,-7.8,-28.08,False,2024-09-03 06:15:00,2024-09-03 06:00:00,2792.4699999999816,2764.3899999999817
buy,high_vol,bollinger,1.0,1.31042,17.7,26.549999999999997,1.5,0.16,tp,26.55,42.48,True,2024-09-03 17:15:00,2024-09-03 17:00:00,2764.3899999999817,2806.8699999999817
buy,high_vol,bollinger,1.0,1.30958,18.8,28.200000000000003,1.5,0.15,tp,28.2,42.3,True,2024-09-03 17:30:00,2024-09-03 17:15:00,2806.8699999999817,2849.169999999982
buy,low_vol,ema_flipped,0.9996,1.31133,11.2,16.799999999999997,1.5,0.25,tp,16.8,42.0,True,2024-09-04 15:30:00,2024-09-04 15:15:00,2849.169999999982,2891.169999999982
sell,low_vol,ema_flipped,0.9998,1.31192,11.5,17.25,1.5,0.25,sl,-11.5,-28.75,False,2024-09-04 15:45:00,2024-09-04 15:30:00,2891.169999999982,2862.419999999982
sell,high_vol,bollinger,1.0,1.31447,15.2,22.799999999999997,1.5,0.19,sl,-15.2,-28.88,False,2024-09-04 17:15:00,2024-09-04 17:00:00,2862.419999999982,2833.539999999982
sell,high_vol,bollinger,0.9999,1.31681,11.4,17.1,1.5,0.25,sl,-11.4,-28.5,False,2024-09-05 11:30:00,2024-09-05 11:15:00,2833.539999999982,2805.039999999982
sell,high_vol,bollinger,0.9993,1.31734,12.5,18.75,1.5,0.22,tp,18.75,41.25,True,2024-09-05 14:30:00,2024-09-05 14:15:00,2805.039999999982,2846.289999999982
sell,high_vol,bollinger,1.0,1.31721,15.7,23.549999999999997,1.5,0.18,sl,-15.7,-28.26,False,2024-09-05 19:30:00,2024-09-05 19:15:00,2846.289999999982,2818.0299999999816
sell,high_vol,bollinger,0.9989,1.31808,11.2,16.799999999999997,1.5,0.25,sl,-11.2,-28.0,False,2024-09-06 15:30:00,2024-09-06 15:15:00,2818.0299999999816,2790.0299999999816
sell,high_vol,bollinger,1.0,1.32238,19.8,29.700000000000003,1.5,0.14,tp,29.7,41.58,True,2024-09-06 15:45:00,2024-09-06 15:30:00,2790.0299999999816,2831.6099999999815
buy,high_vol,bollinger,0.9667,1.31199,10.3,15.450000000000001,1.5,0.26,tp,15.45,40.17,True,2024-09-09 00:15:00,2024-09-09 00:00:00,2831.6099999999815,2871.7799999999816
buy,high_vol,bollinger,0.9573,1.30757,13.9,20.85,1.5,0.19,tp,20.85,39.61,True,2024-09-09 13:30:00,2024-09-09 13:15:00,2871.7799999999816,2911.3899999999817
buy,high_vol,bollinger,0.9919,1.30717,14.0,21.0,1.5,0.21,tp,21.0,44.1,True,2024-09-09 17:45:00,2024-09-09 17:30:00,2911.3899999999817,2955.4899999999816
sell,low_vol,ema_flipped,0.9777,1.3094,12.5,18.75,1.5,0.23,tp,18.75,43.13,True,2024-09-10 13:15:00,2024-09-10 13:00:00,2955.4899999999816,2998.6199999999817
buy,low_vol,ema_flipped,0.9994,1.30714,11.8,17.700000000000003,1.5,0.25,sl,-11.8,-29.5,False,2024-09-10 16:00:00,2024-09-10 15:45:00,2998.6199999999817,2969.1199999999817
buy,high_vol,bollinger,0.9835,1.30748,7.5,11.25,1.5,0.39,tp,11.25,43.88,True,2024-09-11 00:15:00,2024-09-11 00:00:00,2969.1199999999817,3012.999999999982
sell,low_vol,ema_flipped,0.9998,1.30936,8.0,12.0,1.5,0.38,sl,-8.0,-30.4,False,2024-09-11 05:15:00,2024-09-11 05:00:00,3012.999999999982,2982.5999999999817
buy,high_vol,bollinger,1.0,1.30558,14.9,22.35,1.5,0.2,sl,-14.9,-29.8,False,2024-09-11 15:45:00,2024-09-11 15:30:00,2982.5999999999817,2952.7999999999815
sell,high_vol,bollinger,1.0,1.3073,17.2,25.799999999999997,1.5,0.17,sl,-17.2,-29.24,False,2024-09-12 17:45:00,2024-09-12 17:30:00,2952.7999999999815,2923.5599999999818
sell,high_vol,bollinger,0.9997,1.31473,14.6,21.9,1.5,0.2,tp,21.9,43.8,True,2024-09-13 16:15:00,2024-09-13 16:00:00,2923.5599999999818,2967.359999999982
sell,high_vol,bollinger,1.0,1.31745,6.8,10.2,1.5,0.44,sl,-6.8,-29.92,False,2024-09-18 09:15:00,2024-09-18 09:00:00,2967.359999999982,2937.439999999982
sell,low_vol,ema_flipped,0.9999,1.31966,12.0,18.0,1.5,0.24,sl,-12.0,-28.8,False,2024-09-18 11:15:00,2024-09-18 11:00:00,2937.439999999982,2908.6399999999817
sell,high_vol,bollinger,1.0,1.32429,13.5,20.25,1.5,0.22,tp,20.25,44.55,True,2024-09-18 16:15:00,2024-09-18 16:00:00,2908.6399999999817,2953.189999999982
sell,high_vol,bollinger,0.9999,1.32492,13.5,20.25,1.5,0.22,tp,20.25,44.55,True,2024-09-18 16:30:00,2024-09-18 16:15:00,2953.189999999982,2997.739999999982
sell,high_vol,bollinger,1.0,1.3259,21.1,31.650000000000002,1.5,0.14,sl,-21.1,-29.54,False,2024-09-18 21:15:00,2024-09-18 21:00:00,2997.739999999982,2968.199999999982
sell,high_vol,bollinger,1.0,1.32732,22.6,33.900000000000006,1.5,0.13,tp,33.9,44.07,True,2024-09-18 21:30:00,2024-09-18 21:15:00,2968.199999999982,3012.2699999999822
buy,high_vol,bollinger,1.0,1.31722,12.1,18.15,1.5,0.25,sl,-12.1,-30.25,False,2024-09-19 04:00:00,2024-09-19 03:45:00,3012.2699999999822,2982.0199999999822
sell,high_vol,bollinger,1.0,1.32794,17.7,26.549999999999997,1.5,0.17,sl,-17.7,-30.09,False,2024-09-19 12:15:00,2024-09-19 12:00:00,2982.0199999999822,2951.929999999982
buy,high_vol,bollinger,1.0,1.32418,25.1,37.650000000000006,1.5,0.12,tp,37.65,45.18,True,2024-09-19 16:00:00,2024-09-19 15:45:00,2951.929999999982,2997.109999999982
sell,high_vol,bollinger,1.0,1.33186,10.5,15.75,1.5,0.29,sl,-10.5,-30.45,False,2024-09-20 09:15:00,2024-09-20 09:00:00,2997.109999999982,2966.659999999982
sell,high_vol,bollinger,0.9998,1.33234,10.9,16.35,1.5,0.27,sl,-10.9,-29.43,False,2024-09-20 09:30:00,2024-09-20 09:15:00,2966.659999999982,2937.2299999999823
buy,high_vol,bollinger,1.0,1.32885,10.9,16.35,1.5,0.27,sl,-10.9,-29.43,False,2024-09-23 10:15:00,2024-09-23 10:00:00,2937.2299999999823,2907.7999999999824
buy,high_vol,bollinger,1.0,1.3281,12.4,18.6,1.5,0.23,sl,-12.4,-28.52,False,2024-09-23 10:30:00,2024-09-23 10:15:00,2907.7999999999824,2879.2799999999825
sell,high_vol,bollinger,0.9885,1.33259,15.0,22.5,1.5,0.19,sl,-15.0,-28.5,False,2024-09-23 16:00:00,2024-09-23 15:45:00,2879.2799999999825,2850.7799999999825
buy,high_vol,bollinger,0.9672,1.33328,10.3,15.450000000000001,1.5,0.26,tp,15.45,40.17,True,2024-09-24 09:30:00,2024-09-24 09:15:00,2850.7799999999825,2890.9499999999825
buy,high_vol,bollinger,0.6651,1.33685,12.5,18.75,1.5,0.12,tp,18.75,22.5,True,2024-09-24 14:00:00,2024-09-24 13:45:00,2890.9499999999825,2913.4499999999825
buy,high_vol,bollinger,1.0,1.33693,17.5,26.25,1.5,0.17,tp,26.25,44.63,True,2024-09-24 18:45:00,2024-09-24 18:30:00,2913.4499999999825,2958.0799999999826
sell,high_vol,bollinger,0.9999,1.34064,11.0,16.5,1.5,0.27,sl,-11.0,-29.7,False,2024-09-24 22:15:00,2024-09-24 22:00:00,2958.0799999999826,2928.379999999983
sell,high_vol,bollinger,0.9888,1.3362,13.4,20.1,1.5,0.22,sl,-13.4,-29.48,False,2024-09-26 12:30:00,2024-09-26 12:15:00,2928.379999999983,2898.899999999983
buy,high_vol,bollinger,1.0,1.33583,18.2,27.299999999999997,1.5,0.16,tp,27.3,43.68,True,2024-09-26 16:15:00,2024-09-26 16:00:00,2898.899999999983,2942.5799999999826
sell,high_vol,bollinger,1.0,1.33865,24.6,36.900000000000006,1.5,0.12,sl,-24.6,-29.52,False,2024-09-26 17:45:00,2024-09-26 17:30:00,2942.5799999999826,2913.0599999999827
buy,high_vol,bollinger,0.6502,1.34035,10.0,15.0,1.5,0.15,sl,-10.0,-15.0,False,2024-09-27 00:15:00,2024-09-27 00:00:00,2913.0599999999827,2898.0599999999827
buy,low_vol,ema_flipped,0.788,1.33712,14.0,21.0,1.5,0.14,tp,21.0,29.4,True,2024-09-27 10:30:00,2024-09-27 10:15:00,2898.0599999999827,2927.4599999999828
sell,high_vol,bollinger,1.0,1.34191,14.9,22.35,1.5,0.2,tp,22.35,44.7,True,2024-09-27 15:45:00,2024-09-27 15:30:00,2927.4599999999828,2972.1599999999826
buy,low_vol,ema_flipped,0.9417,1.33788,13.3,19.950000000000003,1.5,0.2,timeout,2.4,4.8,True,2024-09-27 21:30:00,2024-09-27 21:15:00,2972.1599999999826,2976.9599999999828
sell,low_vol,ema_flipped,1.0,1.33952,6.1,9.149999999999999,1.5,0.49,tp,9.15,44.83,True,2024-09-30 08:45:00,2024-09-30 08:30:00,2976.9599999999828,3021.7899999999827
sell,high_vol,bollinger,1.0,1.34198,16.1,24.150000000000002,1.5,0.19,tp,24.15,45.89,True,2024-09-30 11:45:00,2024-09-30 11:30:00,3021.7899999999827,3067.6799999999826
buy,high_vol,bollinger,1.0,1.33697,17.4,26.099999999999998,1.5,0.18,tp,26.1,46.98,True,2024-09-30 17:30:00,2024-09-30 17:15:00,3067.6799999999826,3114.6599999999826
sell,high_vol,bollinger,1.0,1.34113,21.5,32.25,1.5,0.14,tp,32.25,45.15,True,2024-09-30 18:00:00,2024-09-30 17:45:00,3114.6599999999826,3159.8099999999827
buy,high_vol,bollinger,1.0,1.33687,19.9,29.849999999999998,1.5,0.16,sl,-19.9,-31.84,False,2024-09-30 21:15:00,2024-09-30 21:00:00,3159.8099999999827,3127.9699999999825
buy,high_vol,bollinger,1.0,1.33597,18.2,27.299999999999997,1.5,0.17,tp,27.3,46.41,True,2024-09-30 21:30:00,2024-09-30 21:15:00,3127.9699999999825,3174.3799999999824
buy,high_vol,bollinger,1.0,1.33452,14.5,21.75,1.5,0.22,sl,-14.5,-31.9,False,2024-10-01 10:15:00,2024-10-01 10:00:00,3174.3799999999824,3142.4799999999823
buy,high_vol,bollinger,1.0,1.33175,21.3,31.950000000000003,1.5,0.15,sl,-21.3,-31.95,False,2024-10-01 13:15:00,2024-10-01 13:00:00,3142.4799999999823,3110.5299999999825
buy,high_vol,bollinger,1.0,1.33006,16.5,24.75,1.5,0.19,sl,-16.5,-31.35,False,2024-10-01 16:45:00,2024-10-01 16:30:00,3110.5299999999825,3079.1799999999826
buy,high_vol,bollinger,1.0,1.32541,24.4,36.599999999999994,1.5,0.13,timeout,30.0,39.0,True,2024-10-01 19:45:00,2024-10-01 19:30:00,3079.1799999999826,3118.1799999999826
sell,high_vol,bollinger,0.9926,1.32983,14.4,21.6,1.5,0.21,tp,21.6,45.36,True,2024-10-02 10:15:00,2024-10-02 10:00:00,3118.1799999999826,3163.5399999999827
buy,high_vol,bollinger,0.7628,1.3279,14.2,21.299999999999997,1.5,0.15,sl,-14.2,-21.3,False,2024-10-02 14:00:00,2024-10-02 13:45:00,3163.5399999999827,3142.2399999999825
buy,high_vol,bollinger,1.0,1.32583,16.3,24.450000000000003,1.5,0.19,sl,-16.3,-30.97,False,2024-10-02 16:45:00,2024-10-02 16:30:00,3142.2399999999825,3111.2699999999827
buy,high_vol,bollinger,1.0,1.32034,12.1,18.15,1.5,0.26,sl,-12.1,-31.46,False,2024-10-03 08:15:00,2024-10-03 08:00:00,3111.2699999999827,3079.8099999999827
buy,high_vol,bollinger,1.0,1.31807,15.5,23.25,1.5,0.2,sl,-15.5,-31.0,False,2024-10-03 08:30:00,2024-10-03 08:15:00,3079.8099999999827,3048.8099999999827
buy,high_vol,bollinger,1.0,1.31109,19.1,28.650000000000002,1.5,0.16,sl,-19.1,-30.56,False,2024-10-03 14:15:00,2024-10-03 14:00:00,3048.8099999999827,3018.2499999999827
buy,high_vol,bollinger,1.0,1.31035,19.4,29.099999999999998,1.5,0.16,tp,29.1,46.56,True,2024-10-03 14:30:00,2024-10-03 14:15:00,3018.2499999999827,3064.8099999999827
buy,high_vol,bollinger,0.6921,1.31149,12.5,18.75,1.5,0.14,tp,18.75,26.25,True,2024-10-03 22:00:00,2024-10-03 21:45:00,3064.8099999999827,3091.0599999999827
buy,high_vol,bollinger,1.0,1.30973,19.1,28.650000000000002,1.5,0.16,sl,-19.1,-30.56,False,2024-10-04 15:45:00,2024-10-04 15:30:00,3091.0599999999827,3060.4999999999827
buy,high_vol,bollinger,1.0,1.30795,20.5,30.75,1.5,0.15,tp,30.75,46.12,True,2024-10-04 16:00:00,2024-10-04 15:45:00,3060.4999999999827,3106.6199999999826
buy,high_vol,bollinger,0.9988,1.31009,13.7,20.549999999999997,1.5,0.23,sl,-13.7,-31.51,False,2024-10-07 10:45:00,2024-10-07 10:30:00,3106.6199999999826,3075.1099999999824
buy,high_vol,bollinger,1.0,1.3074,19.5,29.25,1.5,0.16,timeout,14.8,23.68,True,2024-10-07 12:15:00,2024-10-07 12:00:00,3075.1099999999824,3098.7899999999822
sell,high_vol,bollinger,1.0,1.3087,17.2,25.799999999999997,1.5,0.18,sl,-17.2,-30.96,False,2024-10-07 14:45:00,2024-10-07 14:30:00,3098.7899999999822,3067.829999999982
sell,high_vol,bollinger,1.0,1.31048,13.0,19.5,1.5,0.24,tp,19.5,46.8,True,2024-10-08 15:00:00,2024-10-08 14:45:00,3067.829999999982,3114.6299999999824
buy,high_vol,bollinger,0.8995,1.30802,13.3,19.950000000000003,1.5,0.2,tp,19.95,39.9,True,2024-10-08 20:15:00,2024-10-08 20:00:00,3114.6299999999824,3154.5299999999825
sell,low_vol,ema_flipped,1.0,1.31016,9.3,13.950000000000001,1.5,0.34,tp,13.95,47.43,True,2024-10-08 23:30:00,2024-10-08 23:15:00,3154.5299999999825,3201.9599999999823
buy,low_vol,ema_flipped,1.0,1.309,9.0,13.5,1.5,0.36,sl,-9.0,-32.4,False,2024-10-09 06:30:00,2024-10-09 06:15:00,3201.9599999999823,3169.559999999982
buy,high_vol,bollinger,0.8091,1.30742,11.4,17.1,1.5,0.2,sl,-11.4,-22.8,False,2024-10-09 10:00:00,2024-10-09 09:45:00,3169.559999999982,3146.759999999982
buy,high_vol,bollinger,1.0,1.30584,13.3,19.950000000000003,1.5,0.24,tp,19.95,47.88,True,2024-10-09 10:15:00,2024-10-09 10:00:00,3146.759999999982,3194.639999999982
sell,low_vol,ema_flipped,0.9807,1.3082,9.4,14.100000000000001,1.5,0.33,sl,-9.4,-31.02,False,2024-10-10 11:00:00,2024-10-10 10:45:00,3194.639999999982,3163.619999999982
buy,low_vol,ema_flipped,0.9904,1.3072,10.4,15.600000000000001,1.5,0.3,tp,15.6,46.8,True,2024-10-10 11:15:00,2024-10-10 11:00:00,3163.619999999982,3210.4199999999823
sell,high_vol,bollinger,1.0,1.30905,12.0,18.0,1.5,0.27,tp,18.0,48.6,True,2024-10-10 14:00:00,2024-10-10 13:45:00,3210.4199999999823,3259.0199999999822
buy,high_vol,bollinger,1.0,1.30441,25.6,38.400000000000006,1.5,0.13,timeout,22.1,28.73,True,2024-10-10 16:45:00,2024-10-10 16:30:00,3259.0199999999822,3287.7499999999823
buy,high_vol,bollinger,1.0,1.30313,30.4,45.599999999999994,1.5,0.11,tp,45.6,50.16,True,2024-10-10 17:30:00,2024-10-10 17:15:00,3287.7499999999823,3337.909999999982
buy,high_vol,bollinger,1.0,1.30355,22.6,33.900000000000006,1.5,0.15,tp,33.9,50.85,True,2024-10-10 20:00:00,2024-10-10 19:45:00,3337.909999999982,3388.759999999982
buy,high_vol,bollinger,1.0,1.30246,21.2,31.799999999999997,1.5,0.16,tp,31.8,50.88,True,2024-10-10 20:15:00,2024-10-10 20:00:00,3388.759999999982,3439.639999999982
sell,high_vol,bollinger,1.0,1.30543,13.6,20.4,1.5,0.25,sl,-13.6,-34.0,False,2024-10-10 22:45:00,2024-10-10 22:30:00,3439.639999999982,3405.639999999982
sell,high_vol,bollinger,1.0,1.30607,13.3,19.950000000000003,1.5,0.26,sl,-13.3,-34.58,False,2024-10-10 23:15:00,2024-10-10 23:00:00,3405.639999999982,3371.059999999982
sell,high_vol,bollinger,0.9907,1.30738,10.7,16.049999999999997,1.5,0.31,tp,16.05,49.76,True,2024-10-11 11:00:00,2024-10-11 10:45:00,3371.059999999982,3420.8199999999824
buy,low_vol,ema_flipped,1.0,1.30568,7.9,11.850000000000001,1.5,0.43,sl,-7.9,-33.97,False,2024-10-14 01:45:00,2024-10-14 01:30:00,3420.8199999999824,3386.8499999999826
sell,low_vol,ema_flipped,1.0,1.30637,6.7,10.05,1.5,0.51,timeout,-4.0,-20.4,False,2024-10-14 10:30:00,2024-10-14 10:15:00,3386.8499999999826,3366.4499999999825
buy,low_vol,ema_flipped,0.9998,1.30572,10.2,15.299999999999999,1.5,0.33,sl,-10.2,-33.66,False,2024-10-14 13:15:00,2024-10-14 13:00:00,3366.4499999999825,3332.7899999999827
buy,high_vol,bollinger,1.0,1.30388,13.1,19.65,1.5,0.25,tp,19.65,49.12,True,2024-10-14 15:00:00,2024-10-14 14:45:00,3332.7899999999827,3381.9099999999826
sell,low_vol,ema_flipped,1.0,1.30565,8.0,12.0,1.5,0.42,sl,-8.0,-33.6,False,2024-10-15 01:15:00,2024-10-15 01:00:00,3381.9099999999826,3348.3099999999827
buy,low_vol,ema_flipped,1.0,1.30476,6.7,10.05,1.5,0.5,sl,-6.7,-33.5,False,2024-10-15 08:15:00,2024-10-15 08:00:00,3348.3099999999827,3314.8099999999827
sell,high_vol,bollinger,0.9987,1.30587,12.0,18.0,1.5,0.28,sl,-12.0,-33.6,False,2024-10-15 10:30:00,2024-10-15 10:15:00,3314.8099999999827,3281.2099999999828
sell,high_vol,bollinger,1.0,1.30722,13.7,20.549999999999997,1.5,0.24,sl,-13.7,-32.88,False,2024-10-15 11:00:00,2024-10-15 10:45:00,3281.2099999999828,3248.3299999999826
sell,high_vol,bollinger,1.0,1.3091,16.1,24.150000000000002,1.5,0.2,tp,24.15,48.3,True,2024-10-15 13:30:00,2024-10-15 13:15:00,3248.3299999999826,3296.629999999983
buy,low_vol,ema_flipped,1.0,1.30655,7.0,10.5,1.5,0.47,tp,10.5,49.35,True,2024-10-16 03:00:00,2024-10-16 02:45:00,3296.629999999983,3345.9799999999827
sell,low_vol,ema_flipped,1.0,1.30729,7.8,11.7,1.5,0.43,tp,11.7,50.31,True,2024-10-16 05:45:00,2024-10-16 05:30:00,3345.9799999999827,3396.2899999999827
buy,high_vol,bollinger,1.0,1.30067,12.7,19.049999999999997,1.5,0.27,sl,-12.7,-34.29,False,2024-10-16 09:15:00,2024-10-16 09:00:00,3396.2899999999827,3361.9999999999827
sell,high_vol,bollinger,1.0,1.30296,13.8,20.700000000000003,1.5,0.24,tp,20.7,49.68,True,2024-10-16 15:00:00,2024-10-16 14:45:00,3361.9999999999827,3411.6799999999826
sell,high_vol,bollinger,1.0,1.30001,13.1,19.65,1.5,0.26,sl,-13.1,-34.06,False,2024-10-17 13:15:00,2024-10-17 13:00:00,3411.6799999999826,3377.6199999999826
buy,high_vol,bollinger,1.0,1.29914,16.2,24.299999999999997,1.5,0.21,tp,24.3,51.03,True,2024-10-17 16:15:00,2024-10-17 16:00:00,3377.6199999999826,3428.649999999983
sell,high_vol,bollinger,1.0,1.30553,9.3,13.950000000000001,1.5,0.37,sl,-9.3,-34.41,False,2024-10-18 09:15:00,2024-10-18 09:00:00,3428.649999999983,3394.239999999983
sell,high_vol,bollinger,1.0,1.30639,10.5,15.75,1.5,0.32,tp,15.75,50.4,True,2024-10-18 09:30:00,2024-10-18 09:15:00,3394.239999999983,3444.639999999983
sell,high_vol,bollinger,0.9999,1.30628,11.3,16.950000000000003,1.5,0.3,tp,16.95,50.85,True,2024-10-18 16:30:00,2024-10-18 16:15:00,3444.639999999983,3495.489999999983
buy,low_vol,ema_flipped,1.0,1.30291,8.5,12.75,1.5,0.41,sl,-8.5,-34.85,False,2024-10-21 10:30:00,2024-10-21 10:15:00,3495.489999999983,3460.639999999983
buy,high_vol,bollinger,0.9991,1.30103,12.2,18.299999999999997,1.5,0.28,sl,-12.2,-34.16,False,2024-10-21 17:30:00,2024-10-21 17:15:00,3460.639999999983,3426.479999999983
buy,high_vol,bollinger,0.9997,1.30026,12.5,18.75,1.5,0.27,sl,-12.5,-33.75,False,2024-10-21 17:45:00,2024-10-21 17:30:00,3426.479999999983,3392.729999999983
sell,low_vol,ema_flipped,0.8292,1.30044,10.9,16.35,1.5,0.24,tp,16.35,39.24,True,2024-10-22 11:15:00,2024-10-22 11:00:00,3392.729999999983,3431.969999999983
buy,high_vol,bollinger,0.8218,1.29954,11.7,17.549999999999997,1.5,0.22,sl,-11.7,-25.74,False,2024-10-22 11:30:00,2024-10-22 11:15:00,3431.969999999983,3406.229999999983
buy,high_vol,bollinger,1.0,1.29571,13.9,20.85,1.5,0.25,tp,20.85,52.12,True,2024-10-22 16:00:00,2024-10-22 15:45:00,3406.229999999983,3458.349999999983
sell,low_vol,ema_flipped,1.0,1.299,7.3,10.95,1.5,0.47,tp,10.95,51.47,True,2024-10-23 08:30:00,2024-10-23 08:15:00,3458.349999999983,3509.819999999983
buy,low_vol,ema_flipped,0.9998,1.29714,8.7,13.049999999999999,1.5,0.4,sl,-8.7,-34.8,False,2024-10-23 10:00:00,2024-10-23 09:45:00,3509.819999999983,3475.0199999999827
sell,high_vol,bollinger,0.9307,1.29829,12.4,18.6,1.5,0.25,tp,18.6,46.5,True,2024-10-23 12:00:00,2024-10-23 11:45:00,3475.0199999999827,3521.5199999999827
buy,high_vol,bollinger,1.0,1.29521,12.8,19.200000000000003,1.5,0.28,sl,-12.8,-35.84,False,2024-10-23 15:00:00,2024-10-23 14:45:00,3521.5199999999827,3485.6799999999826
buy,high_vol,bollinger,1.0,1.29436,13.5,20.25,1.5,0.26,sl,-13.5,-35.1,False,2024-10-23 17:15:00,2024-10-23 17:00:00,3485.6799999999826,3450.5799999999826
buy,high_vol,bollinger,1.0,1.29266,16.1,24.150000000000002,1.5,0.21,sl,-16.1,-33.81,False,2024-10-23 19:30:00,2024-10-23 19:15:00,3450.5799999999826,3416.7699999999827
sell,high_vol,bollinger,1.0,1.29554,9.4,14.100000000000001,1.5,0.36,sl,-9.4,-33.84,False,2024-10-24 10:15:00,2024-10-24 10:00:00,3416.7699999999827,3382.9299999999826
buy,high_vol,bollinger,1.0,1.29616,13.0,19.5,1.5,0.26,sl,-13.0,-33.8,False,2024-10-24 18:00:00,2024-10-24 17:45:00,3382.9299999999826,3349.1299999999824
buy,high_vol,bollinger,0.9994,1.29838,12.5,18.75,1.5,0.27,sl,-12.5,-33.75,False,2024-10-25 18:30:00,2024-10-25 18:15:00,3349.1299999999824,3315.3799999999824
buy,high_vol,bollinger,0.998,1.29789,13.0,19.5,1.5,0.25,sl,-13.0,-32.5,False,2024-10-25 18:45:00,2024-10-25 18:30:00,3315.3799999999824,3282.8799999999824
buy,low_vol,ema_flipped,1.0,1.29616,8.6,12.899999999999999,1.5,0.38,sl,-8.6,-32.68,False,2024-10-25 22:30:00,2024-10-25 22:15:00,3282.8799999999824,3250.1999999999825
sell,high_vol,bollinger,1.0,1.29914,13.9,20.85,1.5,0.23,tp,20.85,47.95,True,2024-10-28 15:00:00,2024-10-28 14:45:00,3250.1999999999825,3298.1499999999824
buy,low_vol,ema_flipped,1.0,1.29692,5.8,8.7,1.5,0.57,sl,-5.8,-33.06,False,2024-10-29 01:15:00,2024-10-29 01:00:00,3298.1499999999824,3265.0899999999824
sell,high_vol,bollinger,1.0,1.29973,16.1,24.150000000000002,1.5,0.2,sl,-16.1,-32.2,False,2024-10-29 17:30:00,2024-10-29 17:15:00,3265.0899999999824,3232.8899999999826
sell,high_vol,bollinger,1.0,1.30133,9.4,14.100000000000001,1.5,0.34,tp,14.1,47.94,True,2024-10-29 23:45:00,2024-10-29 23:30:00,3232.8899999999826,3280.8299999999826
sell,high_vol,bollinger,0.9909,1.30202,10.3,15.450000000000001,1.5,0.31,tp,15.45,47.89,True,2024-10-30 11:15:00,2024-10-30 11:00:00,3280.8299999999826,3328.7199999999825
sell,high_vol,bollinger,0.8861,1.30242,10.8,16.200000000000003,1.5,0.26,tp,16.2,42.12,True,2024-10-30 11:30:00,2024-10-30 11:15:00,3328.7199999999825,3370.8399999999824
sell,high_vol,bollinger,1.0,1.29948,20.7,31.049999999999997,1.5,0.16,sl,-20.7,-33.12,False,2024-10-30 17:00:00,2024-10-30 16:45:00,3370.8399999999824,3337.7199999999825
sell,high_vol,bollinger,1.0,1.30271,23.8,35.7,1.5,0.14,tp,35.7,49.98,True,2024-10-30 17:15:00,2024-10-30 17:00:00,3337.7199999999825,3387.6999999999825
sell,high_vol,bollinger,0.9849,1.29723,8.0,12.0,1.5,0.41,sl,-8.0,-32.8,False,2024-10-31 10:00:00,2024-10-31 09:45:00,3387.6999999999825,3354.8999999999824
sell,high_vol,bollinger,1.0,1.299,10.5,15.75,1.5,0.32,tp,15.75,50.4,True,2024-10-31 10:45:00,2024-10-31 10:30:00,3354.8999999999824,3405.2999999999824
buy,high_vol,bollinger,1.0,1.29373,23.5,35.25,1.5,0.14,sl,-23.5,-32.9,False,2024-10-31 17:00:00,2024-10-31 16:45:00,3405.2999999999824,3372.3999999999824
buy,high_vol,bollinger,1.0,1.29073,27.7,41.55,1.5,0.12,sl,-27.7,-33.24,False,2024-10-31 17:15:00,2024-10-31 17:00:00,3372.3999999999824,3339.1599999999826
buy,high_vol,bollinger,0.8665,1.28853,7.3,10.95,1.5,0.37,tp,10.95,40.52,True,2024-11-01 08:45:00,2024-11-01 08:30:00,3339.1599999999826,3379.6799999999826
sell,high_vol,bollinger,1.0,1.2906,11.0,16.5,1.5,0.31,sl,-11.0,-34.1,False,2024-11-01 11:15:00,2024-11-01 11:00:00,3379.6799999999826,3345.5799999999826
sell,high_vol,bollinger,0.9154,1.29171,11.9,17.85,1.5,0.25,sl,-11.9,-29.75,False,2024-11-01 14:45:00,2024-11-01 14:30:00,3345.5799999999826,3315.8299999999826
sell,high_vol,bollinger,1.0,1.29561,15.0,22.5,1.5,0.22,sl,-15.0,-33.0,False,2024-11-01 15:45:00,2024-11-01 15:30:00,3315.8299999999826,3282.8299999999826
buy,high_vol,bollinger,1.0,1.29332,16.1,24.150000000000002,1.5,0.2,sl,-16.1,-32.2,False,2024-11-01 20:45:00,2024-11-01 20:30:00,3282.8299999999826,3250.629999999983
sell,high_vol,bollinger,1.0,1.29625,13.1,19.65,1.5,0.25,timeout,9.1,22.75,True,2024-11-04 00:15:00,2024-11-04 00:00:00,3250.629999999983,3273.379999999983
sell,high_vol,bollinger,1.0,1.29693,14.2,21.299999999999997,1.5,0.23,sl,-14.2,-32.66,False,2024-11-04 03:30:00,2024-11-04 03:15:00,3273.379999999983,3240.719999999983
sell,high_vol,bollinger,0.9886,1.29891,15.5,23.25,1.5,0.21,tp,23.25,48.82,True,2024-11-04 17:15:00,2024-11-04 17:00:00,3240.719999999983,3289.539999999983
sell,low_vol,ema_flipped,1.0,1.29588,6.0,9.0,1.5,0.55,sl,-6.0,-33.0,False,2024-11-05 08:30:00,2024-11-05 08:15:00,3289.539999999983,3256.539999999983
sell,high_vol,bollinger,0.9967,1.29969,11.7,17.549999999999997,1.5,0.28,sl,-11.7,-32.76,False,2024-11-05 16:15:00,2024-11-05 16:00:00,3256.539999999983,3223.779999999983
sell,high_vol,bollinger,1.0,1.3012,13.3,19.950000000000003,1.5,0.24,tp,19.95,47.88,True,2024-11-05 16:30:00,2024-11-05 16:15:00,3223.779999999983,3271.659999999983
sell,high_vol,bollinger,1.0,1.30262,20.7,31.049999999999997,1.5,0.16,sl,-20.7,-33.12,False,2024-11-05 19:15:00,2024-11-05 19:00:00,3271.659999999983,3238.539999999983
buy,high_vol,bollinger,1.0,1.30117,15.5,23.25,1.5,0.21,sl,-15.5,-32.55,False,2024-11-06 02:15:00,2024-11-06 02:00:00,3238.539999999983,3205.989999999983
buy,high_vol,bollinger,1.0,1.29894,18.1,27.150000000000002,1.5,0.18,sl,-18.1,-32.58,False,2024-11-06 02:30:00,2024-11-06 02:15:00,3205.989999999983,3173.409999999983
buy,high_vol,bollinger,1.0,1.29713,19.8,29.700000000000003,1.5,0.16,sl,-19.8,-31.68,False,2024-11-06 02:45:00,2024-11-06 02:30:00,3173.409999999983,3141.729999999983
buy,high_vol,bollinger,1.0,1.28592,36.3,54.449999999999996,1.5,0.09,tp,54.45,49.0,True,2024-11-06 08:30:00,2024-11-06 08:15:00,3141.729999999983,3190.729999999983
sell,high_vol,bollinger,1.0,1.29021,29.9,44.849999999999994,1.5,0.11,tp,44.85,49.34,True,2024-11-06 10:45:00,2024-11-06 10:30:00,3190.729999999983,3240.0699999999833
sell,high_vol,bollinger,1.0,1.29183,29.5,44.25,1.5,0.11,tp,44.25,48.67,True,2024-11-06 11:00:00,2024-11-06 10:45:00,3240.0699999999833,3288.7399999999834
sell,low_vol,ema_flipped,0.9999,1.29202,11.8,17.700000000000003,1.5,0.28,sl,-11.8,-33.04,False,2024-11-07 06:30:00,2024-11-07 06:15:00,3288.7399999999834,3255.6999999999834
sell,high_vol,bollinger,0.9096,1.29401,9.6,14.399999999999999,1.5,0.3,tp,14.4,43.2,True,2024-11-07 09:15:00,2024-11-07 09:00:00,3255.6999999999834,3298.8999999999833
buy,high_vol,bollinger,0.8303,1.29167,14.8,22.200000000000003,1.5,0.17,sl,-14.8,-25.16,False,2024-11-07 11:15:00,2024-11-07 11:00:00,3298.8999999999833,3273.7399999999834
sell,high_vol,bollinger,1.0,1.29331,18.4,27.599999999999998,1.5,0.18,sl,-18.4,-33.12,False,2024-11-07 14:15:00,2024-11-07 14:00:00,3273.7399999999834,3240.6199999999835
sell,high_vol,bollinger,1.0,1.29429,19.2,28.799999999999997,1.5,0.17,sl,-19.2,-32.64,False,2024-11-07 14:30:00,2024-11-07 14:15:00,3240.6199999999835,3207.9799999999836
buy,high_vol,bollinger,1.0,1.29437,12.0,18.0,1.5,0.27,tp,18.0,48.6,True,2024-11-08 10:15:00,2024-11-08 10:00:00,3207.9799999999836,3256.5799999999836
sell,high_vol,bollinger,0.9975,1.29727,17.3,25.950000000000003,1.5,0.19,tp,25.95,49.3,True,2024-11-08 13:30:00,2024-11-08 13:15:00,3256.5799999999836,3305.8799999999837
buy,low_vol,ema_flipped,0.8682,1.29481,14.9,22.35,1.5,0.18,sl,-14.9,-26.82,False,2024-11-08 15:15:00,2024-11-08 15:00:00,3305.8799999999837,3279.0599999999836
buy,high_vol,bollinger,1.0,1.29034,19.2,28.799999999999997,1.5,0.17,sl,-19.2,-32.64,False,2024-11-08 19:00:00,2024-11-08 18:45:00,3279.0599999999836,3246.4199999999837
buy,high_vol,bollinger,1.0,1.28909,19.9,29.849999999999998,1.5,0.16,tp,29.85,47.76,True,2024-11-08 19:15:00,2024-11-08 19:00:00,3246.4199999999837,3294.179999999984
buy,high_vol,bollinger,0.9998,1.29046,11.2,16.799999999999997,1.5,0.29,tp,16.8,48.72,True,2024-11-11 00:15:00,2024-11-11 00:00:00,3294.179999999984,3342.8999999999837
buy,high_vol,bollinger,0.9967,1.28686,15.7,23.549999999999997,1.5,0.21,sl,-15.7,-32.97,False,2024-11-11 15:30:00,2024-11-11 15:15:00,3342.8999999999837,3309.929999999984
buy,high_vol,bollinger,0.999,1.28639,15.7,23.549999999999997,1.5,0.21,sl,-15.7,-32.97,False,2024-11-11 15:45:00,2024-11-11 15:30:00,3309.929999999984,3276.959999999984
buy,high_vol,bollinger,1.0,1.27107,21.8,32.7,1.5,0.15,sl,-21.8,-32.7,False,2024-11-13 17:00:00,2024-11-13 16:45:00,3276.959999999984,3244.2599999999843
buy,high_vol,bollinger,1.0,1.26902,17.0,25.5,1.5,0.19,sl,-17.0,-32.3,False,2024-11-14 20:30:00,2024-11-14 20:15:00,3244.2599999999843,3211.959999999984
buy,high_vol,bollinger,1.0,1.26587,14.7,22.049999999999997,1.5,0.22,tp,22.05,48.51,True,2024-11-14 22:15:00,2024-11-14 22:00:00,3211.959999999984,3260.4699999999843
buy,high_vol,bollinger,1.0,1.26554,20.8,31.200000000000003,1.5,0.16,sl,-20.8,-33.28,False,2024-11-15 15:45:00,2024-11-15 15:30:00,3260.4699999999843,3227.189999999984
buy,high_vol,bollinger,1.0,1.26151,15.7,23.549999999999997,1.5,0.21,sl,-15.7,-32.97,False,2024-11-15 21:30:00,2024-11-15 21:15:00,3227.189999999984,3194.2199999999843
sell,high_vol,bollinger,0.992,1.26603,15.0,22.5,1.5,0.21,sl,-15.0,-31.5,False,2024-11-18 19:00:00,2024-11-18 18:45:00,3194.2199999999843,3162.7199999999843
buy,high_vol,bollinger,0.9992,1.26566,12.1,18.15,1.5,0.26,sl,-12.1,-31.46,False,2024-11-19 10:45:00,2024-11-19 10:30:00,3162.7199999999843,3131.2599999999843
buy,high_vol,bollinger,1.0,1.26264,16.8,25.200000000000003,1.5,0.19,tp,25.2,47.88,True,2024-11-19 11:30:00,2024-11-19 11:15:00,3131.2599999999843,3179.1399999999844
sell,high_vol,bollinger,1.0,1.26436,15.6,23.4,1.5,0.2,sl,-15.6,-31.2,False,2024-11-19 15:00:00,2024-11-19 14:45:00,3179.1399999999844,3147.9399999999846
sell,high_vol,bollinger,1.0,1.26467,14.6,21.9,1.5,0.22,sl,-14.6,-32.12,False,2024-11-19 15:15:00,2024-11-19 15:00:00,3147.9399999999846,3115.8199999999847
sell,high_vol,bollinger,1.0,1.26662,18.4,27.599999999999998,1.5,0.17,sl,-18.4,-31.28,False,2024-11-19 17:45:00,2024-11-19 17:30:00,3115.8199999999847,3084.5399999999845
sell,high_vol,bollinger,1.0,1.2709,10.8,16.200000000000003,1.5,0.29,tp,16.2,46.98,True,2024-11-20 09:15:00,2024-11-20 09:00:00,3084.5399999999845,3131.5199999999845
buy,high_vol,bollinger,1.0,1.26533,14.5,21.75,1.5,0.22,sl,-14.5,-31.9,False,2024-11-20 16:30:00,2024-11-20 16:15:00,3131.5199999999845,3099.6199999999844
buy,high_vol,bollinger,1.0,1.26427,16.4,24.599999999999998,1.5,0.19,sl,-16.4,-31.16,False,2024-11-20 17:00:00,2024-11-20 16:45:00,3099.6199999999844,3068.4599999999846
sell,high_vol,bollinger,0.9891,1.26472,13.7,20.549999999999997,1.5,0.22,tp,20.55,45.21,True,2024-11-21 13:30:00,2024-11-21 13:15:00,3068.4599999999846,3113.6699999999846
buy,high_vol,bollinger,1.0,1.26195,18.8,28.200000000000003,1.5,0.17,sl,-18.8,-31.96,False,2024-11-21 18:00:00,2024-11-21 17:45:00,3113.6699999999846,3081.7099999999846
buy,high_vol,bollinger,1.0,1.26124,19.5,29.25,1.5,0.16,sl,-19.5,-31.2,False,2024-11-21 18:15:00,2024-11-21 18:00:00,3081.7099999999846,3050.5099999999848
buy,high_vol,bollinger,1.0,1.25048,21.3,31.950000000000003,1.5,0.14,tp,31.95,44.73,True,2024-11-22 11:15:00,2024-11-22 11:00:00,3050.5099999999848,3095.239999999985
sell,high_vol,bollinger,1.0,1.25811,13.2,19.799999999999997,1.5,0.23,sl,-13.2,-30.36,False,2024-11-25 00:15:00,2024-11-25 00:00:00,3095.239999999985,3064.8799999999846
sell,high_vol,bollinger,1.0,1.26038,18.0,27.0,1.5,0.17,tp,27.0,45.9,True,2024-11-25 03:30:00,2024-11-25 03:15:00,3064.8799999999846,3110.7799999999847
sell,high_vol,bollinger,1.0,1.26016,14.7,22.049999999999997,1.5,0.21,tp,22.05,46.31,True,2024-11-25 15:30:00,2024-11-25 15:15:00,3110.7799999999847,3157.0899999999847
buy,high_vol,bollinger,1.0,1.25524,24.8,37.2,1.5,0.13,sl,-24.8,-32.24,False,2024-11-25 18:00:00,2024-11-25 17:45:00,3157.0899999999847,3124.849999999985
sell,high_vol,bollinger,1.0,1.25751,17.5,26.25,1.5,0.18,tp,26.25,47.25,True,2024-11-25 21:00:00,2024-11-25 20:45:00,3124.849999999985,3172.099999999985
buy,high_vol,bollinger,1.0,1.25415,9.8,14.700000000000001,1.5,0.32,sl,-9.8,-31.36,False,2024-11-26 01:45:00,2024-11-26 01:30:00,3172.099999999985,3140.739999999985
buy,high_vol,bollinger,1.0,1.25335,10.6,15.899999999999999,1.5,0.3,sl,-10.6,-31.8,False,2024-11-26 02:00:00,2024-11-26 01:45:00,3140.739999999985,3108.9399999999846
buy,high_vol,bollinger,1.0,1.25187,12.6,18.9,1.5,0.25,sl,-12.6,-31.5,False,2024-11-26 02:15:00,2024-11-26 02:00:00,3108.9399999999846,3077.4399999999846
sell,high_vol,bollinger,1.0,1.25743,14.9,22.35,1.5,0.21,sl,-14.9,-31.29,False,2024-11-26 11:15:00,2024-11-26 11:00:00,3077.4399999999846,3046.1499999999846
sell,high_vol,bollinger,1.0,1.25988,19.3,28.950000000000003,1.5,0.16,tp,28.95,46.32,True,2024-11-26 14:30:00,2024-11-26 14:15:00,3046.1499999999846,3092.469999999985
sell,high_vol,bollinger,1.0,1.26096,18.5,27.75,1.5,0.17,tp,27.75,47.17,True,2024-11-26 14:45:00,2024-11-26 14:30:00,3092.469999999985,3139.639999999985
sell,low_vol,ema_flipped,1.0,1.25731,8.3,12.450000000000001,1.5,0.38,sl,-8.3,-31.54,False,2024-11-27 01:15:00,2024-11-27 01:00:00,3139.639999999985,3108.099999999985
sell,high_vol,bollinger,0.9632,1.26289,15.2,22.799999999999997,1.5,0.19,sl,-15.2,-28.88,False,2024-11-27 14:45:00,2024-11-27 14:30:00,3108.099999999985,3079.219999999985
sell,high_vol,bollinger,1.0,1.26612,17.6,26.400000000000002,1.5,0.17,tp,26.4,44.88,True,2024-11-27 16:00:00,2024-11-27 15:45:00,3079.219999999985,3124.099999999985
buy,high_vol,bollinger,1.0,1.2674,15.8,23.700000000000003,1.5,0.2,tp,23.7,47.4,True,2024-11-29 16:15:00,2024-11-29 16:00:00,3124.099999999985,3171.499999999985
sell,high_vol,bollinger,1.0,1.27232,19.3,28.950000000000003,1.5,0.16,sl,-19.3,-30.88,False,2024-11-29 20:00:00,2024-11-29 19:45:00,3171.499999999985,3140.619999999985
buy,high_vol,bollinger,0.9987,1.27267,8.0,12.0,1.5,0.39,sl,-8.0,-31.2,False,2024-12-02 00:00:00,2024-11-29 23:45:00,3140.619999999985,3109.419999999985
buy,high_vol,bollinger,1.0,1.27117,10.0,15.0,1.5,0.31,sl,-10.0,-31.0,False,2024-12-02 01:15:00,2024-12-02 01:00:00,3109.419999999985,3078.419999999985
buy,high_vol,bollinger,1.0,1.26978,11.4,17.1,1.5,0.27,sl,-11.4,-30.78,False,2024-12-02 01:30:00,2024-12-02 01:15:00,3078.419999999985,3047.639999999985
sell,high_vol,bollinger,0.9675,1.27141,15.9,23.85,1.5,0.18,tp,23.85,42.93,True,2024-12-02 13:30:00,2024-12-02 13:15:00,3047.639999999985,3090.5699999999847
sell,high_vol,bollinger,0.9545,1.27201,15.0,22.5,1.5,0.19,tp,22.5,42.75,True,2024-12-02 13:45:00,2024-12-02 13:30:00,3090.5699999999847,3133.3199999999847
buy,high_vol,bollinger,0.9923,1.26932,15.7,23.549999999999997,1.5,0.2,sl,-15.7,-31.4,False,2024-12-02 14:45:00,2024-12-02 14:30:00,3133.3199999999847,3101.9199999999846
buy,high_vol,bollinger,1.0,1.2667,17.8,26.700000000000003,1.5,0.17,sl,-17.8,-30.26,False,2024-12-02 15:00:00,2024-12-02 14:45:00,3101.9199999999846,3071.6599999999844
buy,high_vol,bollinger,1.0,1.26386,21.4,32.099999999999994,1.5,0.14,sl,-21.4,-29.96,False,2024-12-02 17:00:00,2024-12-02 16:45:00,3071.6599999999844,3041.6999999999844
sell,low_vol,ema_flipped,0.932,1.26891,13.5,20.25,1.5,0.2,tp,20.25,40.5,True,2024-12-03 11:00:00,2024-12-03 10:45:00,3041.6999999999844,3082.1999999999844
buy,high_vol,bollinger,1.0,1.26384,16.9,25.349999999999998,1.5,0.18,tp,25.35,45.63,True,2024-12-03 17:30:00,2024-12-03 17:15:00,3082.1999999999844,3127.8299999999845
sell,high_vol,bollinger,1.0,1.26903,20.4,30.599999999999998,1.5,0.15,tp,30.6,45.9,True,2024-12-03 20:00:00,2024-12-03 19:45:00,3127.8299999999845,3173.7299999999846
buy,low_vol,ema_flipped,1.0,1.26597,9.3,13.950000000000001,1.5,0.34,tp,13.95,47.43,True,2024-12-04 05:15:00,2024-12-04 05:00:00,3173.7299999999846,3221.1599999999844
sell,low_vol,ema_flipped,0.9999,1.26845,9.7,14.549999999999999,1.5,0.33,sl,-9.7,-32.01,False,2024-12-04 07:15:00,2024-12-04 07:00:00,3221.1599999999844,3189.149999999984
buy,high_vol,bollinger,1.0,1.26461,18.6,27.900000000000002,1.5,0.17,tp,27.9,47.43,True,2024-12-04 11:15:00,2024-12-04 11:00:00,3189.149999999984,3236.579999999984
sell,high_vol,bollinger,1.0,1.26819,15.8,23.700000000000003,1.5,0.2,sl,-15.8,-31.6,False,2024-12-04 16:30:00,2024-12-04 16:15:00,3236.579999999984,3204.979999999984
sell,high_vol,bollinger,1.0,1.26899,17.5,26.25,1.5,0.18,sl,-17.5,-31.5,False,2024-12-04 17:15:00,2024-12-04 17:00:00,3204.979999999984,3173.479999999984
sell,high_vol,bollinger,1.0,1.2701,18.6,27.900000000000002,1.5,0.17,sl,-18.6,-31.62,False,2024-12-04 17:30:00,2024-12-04 17:15:00,3173.479999999984,3141.859999999984
buy,high_vol,bollinger,1.0,1.26941,16.6,24.900000000000002,1.5,0.19,timeout,7.4,14.06,True,2024-12-04 21:00:00,2024-12-04 20:45:00,3141.859999999984,3155.919999999984
sell,high_vol,bollinger,0.9991,1.27502,15.4,23.1,1.5,0.2,sl,-15.4,-30.8,False,2024-12-05 16:00:00,2024-12-05 15:45:00,3155.919999999984,3125.119999999984
sell,high_vol,bollinger,1.0,1.28035,14.9,22.35,1.5,0.21,tp,22.35,46.93,True,2024-12-06 15:45:00,2024-12-06 15:30:00,3125.119999999984,3172.049999999984
sell,low_vol,ema_flipped,0.9719,1.2759,12.0,18.0,1.5,0.25,sl,-12.0,-30.0,False,2024-12-09 10:45:00,2024-12-09 10:30:00,3172.049999999984,3142.049999999984
buy,high_vol,bollinger,1.0,1.27563,13.3,19.950000000000003,1.5,0.24,tp,19.95,47.88,True,2024-12-09 14:45:00,2024-12-09 14:30:00,3142.049999999984,3189.929999999984
sell,high_vol,bollinger,1.0,1.2794,17.0,25.5,1.5,0.19,tp,25.5,48.45,True,2024-12-09 17:45:00,2024-12-09 17:30:00,3189.929999999984,3238.3799999999837
buy,low_vol,ema_flipped,1.0,1.2745,8.5,12.75,1.5,0.38,sl,-8.5,-32.3,False,2024-12-10 00:00:00,2024-12-09 23:45:00,3238.3799999999837,3206.0799999999836
sell,high_vol,bollinger,0.9789,1.27615,13.4,20.1,1.5,0.23,tp,20.1,46.23,True,2024-12-10 12:15:00,2024-12-10 12:00:00,3206.0799999999836,3252.3099999999836
buy,high_vol,bollinger,1.0,1.27318,15.0,22.5,1.5,0.22,tp,22.5,49.5,True,2024-12-10 17:15:00,2024-12-10 17:00:00,3252.3099999999836,3301.8099999999836
sell,high_vol,bollinger,0.9994,1.27732,13.7,20.549999999999997,1.5,0.24,timeout,-5.6,-13.44,False,2024-12-10 21:15:00,2024-12-10 21:00:00,3301.8099999999836,3288.3699999999835
buy,high_vol,bollinger,1.0,1.27555,7.7,11.55,1.5,0.43,sl,-7.7,-33.11,False,2024-12-11 09:15:00,2024-12-11 09:00:00,3288.3699999999835,3255.2599999999834
buy,high_vol,bollinger,0.9505,1.27509,8.6,12.899999999999999,1.5,0.35,sl,-8.6,-30.1,False,2024-12-11 09:30:00,2024-12-11 09:15:00,3255.2599999999834,3225.1599999999835
buy,high_vol,bollinger,0.9857,1.27381,10.5,15.75,1.5,0.3,tp,15.75,47.25,True,2024-12-11 09:45:00,2024-12-11 09:30:00,3225.1599999999835,3272.4099999999835
sell,high_vol,bollinger,1.0,1.27725,16.5,24.75,1.5,0.2,tp,24.75,49.5,True,2024-12-11 15:45:00,2024-12-11 15:30:00,3272.4099999999835,3321.9099999999835
sell,low_vol,ema_flipped,1.0,1.27669,6.3,9.45,1.5,0.53,sl,-6.3,-33.39,False,2024-12-12 02:15:00,2024-12-12 02:00:00,3321.9099999999835,3288.5199999999836
buy,low_vol,ema_flipped,0.9985,1.27413,13.2,19.799999999999997,1.5,0.25,sl,-13.2,-33.0,False,2024-12-12 13:15:00,2024-12-12 13:00:00,3288.5199999999836,3255.5199999999836
buy,high_vol,bollinger,1.0,1.27143,18.1,27.150000000000002,1.5,0.18,sl,-18.1,-32.58,False,2024-12-12 16:15:00,2024-12-12 16:00:00,3255.5199999999836,3222.9399999999837
buy,high_vol,bollinger,1.0,1.27087,18.7,28.049999999999997,1.5,0.17,sl,-18.7,-31.79,False,2024-12-12 16:30:00,2024-12-12 16:15:00,3222.9399999999837,3191.1499999999837
buy,high_vol,bollinger,1.0,1.26423,10.6,15.899999999999999,1.5,0.3,sl,-10.6,-31.8,False,2024-12-13 09:15:00,2024-12-13 09:00:00,3191.1499999999837,3159.3499999999835
buy,high_vol,bollinger,1.0,1.26274,11.7,17.549999999999997,1.5,0.27,tp,17.55,47.38,True,2024-12-13 09:30:00,2024-12-13 09:15:00,3159.3499999999835,3206.7299999999836
sell,high_vol,bollinger,1.0,1.26388,16.2,24.299999999999997,1.5,0.2,sl,-16.2,-32.4,False,2024-12-13 12:00:00,2024-12-13 11:45:00,3206.7299999999836,3174.3299999999836
sell,high_vol,bollinger,1.0,1.26641,14.0,21.0,1.5,0.23,tp,21.0,48.3,True,2024-12-13 14:45:00,2024-12-13 14:30:00,3174.3299999999836,3222.6299999999837
buy,high_vol,bollinger,0.9999,1.26381,14.1,21.15,1.5,0.23,sl,-14.1,-32.43,False,2024-12-13 17:00:00,2024-12-13 16:45:00,3222.6299999999837,3190.199999999984
buy,high_vol,bollinger,1.0,1.26261,14.7,22.049999999999997,1.5,0.22,sl,-14.7,-32.34,False,2024-12-13 17:15:00,2024-12-13 17:00:00,3190.199999999984,3157.8599999999838
sell,high_vol,bollinger,1.0,1.26595,13.5,20.25,1.5,0.23,tp,20.25,46.57,True,2024-12-16 11:45:00,2024-12-16 11:30:00,3157.8599999999838,3204.429999999984
sell,high_vol,bollinger,1.0,1.26756,14.6,21.9,1.5,0.22,sl,-14.6,-32.12,False,2024-12-16 17:30:00,2024-12-16 17:15:00,3204.429999999984,3172.309999999984
sell,high_vol,bollinger,1.0,1.26863,16.0,24.0,1.5,0.2,timeout,12.2,24.4,True,2024-12-16 17:45:00,2024-12-16 17:30:00,3172.309999999984,3196.709999999984
sell,high_vol,bollinger,1.0,1.26973,9.2,13.799999999999999,1.5,0.35,sl,-9.2,-32.2,False,2024-12-17 09:15:00,2024-12-17 09:00:00,3196.709999999984,3164.5099999999843
buy,high_vol,bollinger,1.0,1.26792,15.7,23.549999999999997,1.5,0.2,tp,23.55,47.1,True,2024-12-17 12:30:00,2024-12-17 12:15:00,3164.5099999999843,3211.609999999984
buy,high_vol,bollinger,0.9948,1.26912,10.3,15.450000000000001,1.5,0.31,sl,-10.3,-31.93,False,2024-12-18 09:45:00,2024-12-18 09:30:00,3211.609999999984,3179.6799999999844
sell,high_vol,bollinger,1.0,1.27052,12.6,18.9,1.5,0.25,sl,-12.6,-31.5,False,2024-12-18 12:45:00,2024-12-18 12:30:00,3179.6799999999844,3148.1799999999844
sell,high_vol,bollinger,1.0,1.27163,14.2,21.299999999999997,1.5,0.22,tp,21.3,46.86,True,2024-12-18 13:00:00,2024-12-18 12:45:00,3148.1799999999844,3195.0399999999845
buy,high_vol,bollinger,1.0,1.26927,17.7,26.549999999999997,1.5,0.18,sl,-17.7,-31.86,False,2024-12-18 16:00:00,2024-12-18 15:45:00,3195.0399999999845,3163.1799999999844
buy,high_vol,bollinger,1.0,1.2636,20.5,30.75,1.5,0.15,sl,-20.5,-30.75,False,2024-12-18 21:15:00,2024-12-18 21:00:00,3163.1799999999844,3132.4299999999844
sell,high_vol,bollinger,0.9701,1.261,8.7,13.049999999999999,1.5,0.34,sl,-8.7,-29.58,False,2024-12-19 09:15:00,2024-12-19 09:00:00,3132.4299999999844,3102.8499999999844
sell,high_vol,bollinger,1.0,1.26465,15.1,22.65,1.5,0.21,sl,-15.1,-31.71,False,2024-12-19 11:00:00,2024-12-19 10:45:00,3102.8499999999844,3071.1399999999844
buy,high_vol,bollinger,1.0,1.26018,21.1,31.650000000000002,1.5,0.15,sl,-21.1,-31.65,False,2024-12-19 14:15:00,2024-12-19 14:00:00,3071.1399999999844,3039.4899999999843
sell,high_vol,bollinger,1.0,1.25243,16.6,24.900000000000002,1.5,0.18,sl,-16.6,-29.88,False,2024-12-20 15:15:00,2024-12-20 15:00:00,3039.4899999999843,3009.609999999984
sell,high_vol,bollinger,1.0,1.25331,16.0,24.0,1.5,0.19,sl,-16.0,-30.4,False,2024-12-20 15:30:00,2024-12-20 15:15:00,3009.609999999984,2979.209999999984
sell,high_vol,bollinger,1.0,1.25537,17.5,26.25,1.5,0.17,sl,-17.5,-29.75,False,2024-12-20 15:45:00,2024-12-20 15:30:00,2979.209999999984,2949.459999999984
sell,high_vol,bollinger,1.0,1.25709,24.1,36.150000000000006,1.5,0.12,sl,-24.1,-28.92,False,2024-12-20 18:30:00,2024-12-20 18:15:00,2949.459999999984,2920.539999999984
sell,high_vol,bollinger,1.0,1.25834,24.0,36.0,1.5,0.12,sl,-24.0,-28.8,False,2024-12-20 18:45:00,2024-12-20 18:30:00,2920.539999999984,2891.739999999984
buy,high_vol,bollinger,1.0,1.25753,14.1,21.15,1.5,0.21,sl,-14.1,-29.61,False,2024-12-20 23:00:00,2024-12-20 22:45:00,2891.739999999984,2862.1299999999837
buy,high_vol,bollinger,1.0,1.25489,13.3,19.950000000000003,1.5,0.22,sl,-13.3,-29.26,False,2024-12-23 12:45:00,2024-12-23 12:30:00,2862.1299999999837,2832.8699999999835
buy,high_vol,bollinger,1.0,1.25183,15.3,22.950000000000003,1.5,0.19,tp,22.95,43.6,True,2024-12-23 18:00:00,2024-12-23 17:45:00,2832.8699999999835,2876.4699999999834
sell,low_vol,ema_flipped,0.9269,1.25486,11.2,16.799999999999997,1.5,0.23,sl,-11.2,-25.76,False,2024-12-24 15:00:00,2024-12-24 14:45:00,2876.4699999999834,2850.709999999983
buy,high_vol,bollinger,1.0,1.25385,16.2,24.299999999999997,1.5,0.18,sl,-16.2,-29.16,False,2024-12-24 17:45:00,2024-12-24 17:30:00,2850.709999999983,2821.5499999999834
sell,low_vol,ema_flipped,0.995,1.25416,9.9,14.850000000000001,1.5,0.28,tp,14.85,41.58,True,2024-12-26 02:15:00,2024-12-26 02:00:00,2821.5499999999834,2863.1299999999833
buy,low_vol,ema_flipped,0.9986,1.25285,7.0,10.5,1.5,0.41,sl,-7.0,-28.7,False,2024-12-26 09:45:00,2024-12-26 09:30:00,2863.1299999999833,2834.4299999999835
sell,high_vol,bollinger,1.0,1.25266,13.4,20.1,1.5,0.21,tp,20.1,42.21,True,2024-12-26 20:15:00,2024-12-26 20:00:00,2834.4299999999835,2876.6399999999835
sell,high_vol,bollinger,0.9999,1.2531,13.0,19.5,1.5,0.22,tp,19.5,42.9,True,2024-12-26 20:30:00,2024-12-26 20:15:00,2876.6399999999835,2919.5399999999836
sell,high_vol,bollinger,1.0,1.25475,13.2,19.799999999999997,1.5,0.22,sl,-13.2,-29.04,False,2024-12-27 13:30:00,2024-12-27 13:15:00,2919.5399999999836,2890.4999999999836
sell,high_vol,bollinger,1.0,1.25733,15.5,23.25,1.5,0.19,sl,-15.5,-29.45,False,2024-12-27 16:00:00,2024-12-27 15:45:00,2890.4999999999836,2861.049999999984
sell,high_vol,bollinger,1.0,1.25812,15.6,23.4,1.5,0.18,tp,23.4,42.12,True,2024-12-27 17:45:00,2024-12-27 17:30:00,2861.049999999984,2903.1699999999837
sell,high_vol,bollinger,1.0,1.25774,12.6,18.9,1.5,0.23,sl,-12.6,-28.98,False,2024-12-27 21:45:00,2024-12-27 21:30:00,2903.1699999999837,2874.1899999999837
buy,high_vol,bollinger,0.9464,1.25655,10.1,15.149999999999999,1.5,0.26,tp,15.15,39.39,True,2024-12-30 00:30:00,2024-12-30 00:15:00,2874.1899999999837,2913.5799999999836
sell,high_vol,bollinger,1.0,1.2586,15.1,22.65,1.5,0.19,sl,-15.1,-28.69,False,2024-12-30 12:15:00,2024-12-30 12:00:00,2913.5799999999836,2884.8899999999835
buy,high_vol,bollinger,1.0,1.25556,16.6,24.900000000000002,1.5,0.17,timeout,-9.8,-16.66,False,2024-12-30 16:00:00,2024-12-30 15:45:00,2884.8899999999835,2868.2299999999836
sell,high_vol,bollinger,1.0,1.25487,18.0,27.0,1.5,0.16,tp,27.0,43.2,True,2024-12-31 17:15:00,2024-12-31 17:00:00,2868.2299999999836,2911.4299999999835
sell,high_vol,bollinger,1.0,1.25233,13.6,20.4,1.5,0.21,sl,-13.6,-28.56,False,2024-12-31 22:30:00,2024-12-31 22:15:00,2911.4299999999835,2882.8699999999835
buy,high_vol,bollinger,0.8208,1.2522,7.3,10.95,1.5,0.29,sl,-7.3,-21.17,False,2025-01-02 10:00:00,2025-01-02 09:45:00,2882.8699999999835,2861.6999999999834
buy,high_vol,bollinger,1.0,1.25124,8.7,13.049999999999999,1.5,0.33,sl,-8.7,-28.71,False,2025-01-02 10:15:00,2025-01-02 10:00:00,2861.6999999999834,2832.9899999999834
buy,high_vol,bollinger,1.0,1.24951,10.2,15.299999999999999,1.5,0.28,sl,-10.2,-28.56,False,2025-01-02 10:30:00,2025-01-02 10:15:00,2832.9899999999834,2804.4299999999835
buy,high_vol,bollinger,1.0,1.2463,18.3,27.450000000000003,1.5,0.15,sl,-18.3,-27.45,False,2025-01-02 12:45:00,2025-01-02 12:30:00,2804.4299999999835,2776.9799999999836
buy,high_vol,bollinger,1.0,1.24479,19.9,29.849999999999998,1.5,0.14,sl,-19.9,-27.86,False,2025-01-02 13:00:00,2025-01-02 12:45:00,2776.9799999999836,2749.1199999999835
buy,high_vol,bollinger,1.0,1.24082,20.2,30.299999999999997,1.5,0.14,sl,-20.2,-28.28,False,2025-01-02 15:15:00,2025-01-02 15:00:00,2749.1199999999835,2720.8399999999833
buy,high_vol,bollinger,1.0,1.23753,20.7,31.049999999999997,1.5,0.13,sl,-20.7,-26.91,False,2025-01-02 17:30:00,2025-01-02 17:15:00,2720.8399999999833,2693.9299999999835
sell,high_vol,bollinger,1.0,1.241,12.9,19.35,1.5,0.21,tp,19.35,40.64,True,2025-01-03 11:30:00,2025-01-03 11:15:00,2693.9299999999835,2734.5699999999833
buy,high_vol,bollinger,1.0,1.24026,12.7,19.049999999999997,1.5,0.22,sl,-12.7,-27.94,False,2025-01-03 16:00:00,2025-01-03 15:45:00,2734.5699999999833,2706.6299999999833
buy,high_vol,bollinger,1.0,1.23953,12.9,19.35,1.5,0.21,tp,19.35,40.64,True,2025-01-03 16:15:00,2025-01-03 16:00:00,2706.6299999999833,2747.269999999983
sell,high_vol,bollinger,0.9904,1.24282,11.9,17.85,1.5,0.23,sl,-11.9,-27.37,False,2025-01-03 21:30:00,2025-01-03 21:15:00,2747.269999999983,2719.8999999999833
sell,high_vol,bollinger,0.9375,1.24313,11.2,16.799999999999997,1.5,0.22,tp,16.8,36.96,True,2025-01-03 21:45:00,2025-01-03 21:30:00,2719.8999999999833,2756.8599999999833
sell,high_vol,bollinger,0.9734,1.24648,10.0,15.0,1.5,0.27,sl,-10.0,-27.0,False,2025-01-06 10:15:00,2025-01-06 10:00:00,2756.8599999999833,2729.8599999999833
sell,high_vol,bollinger,0.9989,1.24746,11.0,16.5,1.5,0.25,sl,-11.0,-27.5,False,2025-01-06 10:30:00,2025-01-06 10:15:00,2729.8599999999833,2702.3599999999833
sell,high_vol,bollinger,1.0,1.25036,22.7,34.05,1.5,0.12,sl,-22.7,-27.24,False,2025-01-06 13:15:00,2025-01-06 13:00:00,2702.3599999999833,2675.1199999999835
sell,high_vol,bollinger,1.0,1.25357,25.5,38.25,1.5,0.1,tp,38.25,38.25,True,2025-01-06 13:30:00,2025-01-06 13:15:00,2675.1199999999835,2713.3699999999835
buy,high_vol,bollinger,1.0,1.25247,27.6,41.400000000000006,1.5,0.1,sl,-27.6,-27.6,False,2025-01-06 15:45:00,2025-01-06 15:30:00,2713.3699999999835,2685.7699999999836
buy,high_vol,bollinger,1.0,1.25009,33.4,50.099999999999994,1.5,0.08,timeout,12.8,10.24,True,2025-01-06 16:30:00,2025-01-06 16:15:00,2685.7699999999836,2696.0099999999834
buy,high_vol,bollinger,1.0,1.24898,29.0,43.5,1.5,0.09,tp,43.5,39.15,True,2025-01-06 16:45:00,2025-01-06 16:30:00,2696.0099999999834,2735.1599999999835
sell,high_vol,bollinger,0.989,1.25181,8.0,12.0,1.5,0.34,sl,-8.0,-27.2,False,2025-01-07 04:00:00,2025-01-07 03:45:00,2735.1599999999835,2707.9599999999837
buy,high_vol,bollinger,1.0,1.25496,17.2,25.799999999999997,1.5,0.16,sl,-17.2,-27.52,False,2025-01-07 13:15:00,2025-01-07 13:00:00,2707.9599999999837,2680.4399999999837
buy,high_vol,bollinger,1.0,1.25408,17.0,25.5,1.5,0.16,sl,-17.0,-27.2,False,2025-01-07 13:30:00,2025-01-07 13:15:00,2680.4399999999837,2653.239999999984
buy,high_vol,bollinger,1.0,1.24969,18.8,28.200000000000003,1.5,0.14,sl,-18.8,-26.32,False,2025-01-07 17:15:00,2025-01-07 17:00:00,2653.239999999984,2626.9199999999837
buy,high_vol,bollinger,1.0,1.24866,22.5,33.75,1.5,0.12,sl,-22.5,-27.0,False,2025-01-07 20:45:00,2025-01-07 20:30:00,2626.9199999999837,2599.9199999999837
buy,high_vol,bollinger,1.0,1.24135,18.5,27.75,1.5,0.14,sl,-18.5,-25.9,False,2025-01-08 13:15:00,2025-01-08 13:00:00,2599.9199999999837,2574.0199999999836
buy,high_vol,bollinger,1.0,1.23755,22.5,33.75,1.5,0.11,sl,-22.5,-24.75,False,2025-01-08 13:30:00,2025-01-08 13:15:00,2574.0199999999836,2549.2699999999836
buy,high_vol,bollinger,1.0,1.23583,25.8,38.7,1.5,0.1,sl,-25.8,-25.8,False,2025-01-08 13:45:00,2025-01-08 13:30:00,2549.2699999999836,2523.4699999999834
sell,high_vol,bollinger,1.0,1.23744,20.1,30.150000000000002,1.5,0.13,timeout,9.5,12.35,True,2025-01-08 21:30:00,2025-01-08 21:15:00,2523.4699999999834,2535.8199999999833
buy,high_vol,bollinger,1.0,1.23135,12.8,19.200000000000003,1.5,0.2,sl,-12.8,-25.6,False,2025-01-09 08:15:00,2025-01-09 08:00:00,2535.8199999999833,2510.2199999999834
buy,high_vol,bollinger,1.0,1.22573,30.3,45.45,1.5,0.08,tp,45.45,36.36,True,2025-01-09 12:45:00,2025-01-09 12:30:00,2510.2199999999834,2546.5799999999836
buy,high_vol,bollinger,1.0,1.22242,24.9,37.349999999999994,1.5,0.1,tp,37.35,37.35,True,2025-01-10 15:45:00,2025-01-10 15:30:00,2546.5799999999836,2583.9299999999835
buy,high_vol,bollinger,1.0,1.22058,39.9,59.849999999999994,1.5,0.06,timeout,-6.0,-3.6,False,2025-01-10 18:15:00,2025-01-10 18:00:00,2583.9299999999835,2580.3299999999836
buy,high_vol,bollinger,0.9908,1.21667,12.6,18.9,1.5,0.2,sl,-12.6,-25.2,False,2025-01-13 05:15:00,2025-01-13 05:00:00,2580.3299999999836,2555.1299999999837
buy,high_vol,bollinger,0.9946,1.21408,14.6,21.9,1.5,0.17,sl,-14.6,-24.82,False,2025-01-13 05:45:00,2025-01-13 05:30:00,2555.1299999999837,2530.3099999999836
buy,high_vol,bollinger,1.0,1.21271,17.2,25.799999999999997,1.5,0.15,tp,25.8,38.7,True,2025-01-13 09:30:00,2025-01-13 09:15:00,2530.3099999999836,2569.0099999999834
sell,high_vol,bollinger,1.0,1.21653,22.1,33.150000000000006,1.5,0.12,sl,-22.1,-26.52,False,2025-01-13 18:45:00,2025-01-13 18:30:00,2569.0099999999834,2542.4899999999834
sell,high_vol,bollinger,0.9935,1.21975,12.8,19.200000000000003,1.5,0.2,sl,-12.8,-25.6,False,2025-01-14 00:00:00,2025-01-13 23:45:00,2542.4899999999834,2516.8899999999835
sell,high_vol,bollinger,0.9984,1.22281,16.1,24.150000000000002,1.5,0.16,tp,24.15,38.64,True,2025-01-14 10:15:00,2025-01-14 10:00:00,2516.8899999999835,2555.5299999999834
sell,high_vol,bollinger,0.9998,1.22337,17.4,26.099999999999998,1.5,0.15,tp,26.1,39.15,True,2025-01-14 10:30:00,2025-01-14 10:15:00,2555.5299999999834,2594.6799999999835
buy,high_vol,bollinger,1.0,1.21893,21.8,32.7,1.5,0.12,sl,-21.8,-26.16,False,2025-01-14 11:30:00,2025-01-14 11:15:00,2594.6799999999835,2568.5199999999836
buy,high_vol,bollinger,1.0,1.21641,20.4,30.599999999999998,1.5,0.13,sl,-20.4,-26.52,False,2025-01-14 14:15:00,2025-01-14 14:00:00,2568.5199999999836,2541.9999999999836
buy,high_vol,bollinger,1.0,1.21395,19.8,29.700000000000003,1.5,0.13,tp,29.7,38.61,True,2025-01-14 15:30:00,2025-01-14 15:15:00,2541.9999999999836,2580.6099999999838
sell,high_vol,bollinger,1.0,1.21982,29.8,44.7,1.5,0.09,timeout,-6.3,-5.67,False,2025-01-14 17:45:00,2025-01-14 17:30:00,2580.6099999999838,2574.9399999999837
buy,high_vol,bollinger,1.0,1.21858,14.0,21.0,1.5,0.18,tp,21.0,37.8,True,2025-01-15 09:15:00,2025-01-15 09:00:00,2574.9399999999837,2612.739999999984
sell,high_vol,bollinger,1.0,1.22324,21.7,32.55,1.5,0.12,sl,-21.7,-26.04,False,2025-01-15 10:00:00,2025-01-15 09:45:00,2612.739999999984,2586.699999999984
buy,high_vol,bollinger,0.9999,1.22167,14.3,21.450000000000003,1.5,0.18,sl,-14.3,-25.74,False,2025-01-15 14:15:00,2025-01-15 14:00:00,2586.699999999984,2560.959999999984
sell,high_vol,bollinger,1.0,1.2274,20.5,30.75,1.5,0.12,sl,-20.5,-24.6,False,2025-01-15 15:45:00,2025-01-15 15:30:00,2560.959999999984,2536.359999999984
sell,high_vol,bollinger,1.0,1.22964,23.2,34.8,1.5,0.11,tp,34.8,38.28,True,2025-01-15 16:00:00,2025-01-15 15:45:00,2536.359999999984,2574.6399999999844
buy,high_vol,bollinger,1.0,1.22059,38.6,57.900000000000006,1.5,0.07,timeout,31.6,22.12,True,2025-01-15 18:45:00,2025-01-15 18:30:00,2574.6399999999844,2596.7599999999843
buy,low_vol,ema_flipped,1.0,1.22152,8.4,12.600000000000001,1.5,0.31,sl,-8.4,-26.04,False,2025-01-16 07:30:00,2025-01-16 07:15:00,2596.7599999999843,2570.7199999999843
sell,high_vol,bollinger,1.0,1.2222,24.2,36.3,1.5,0.11,sl,-24.2,-26.62,False,2025-01-16 17:30:00,2025-01-16 17:15:00,2570.7199999999843,2544.0999999999844
sell,high_vol,bollinger,1.0,1.22351,25.5,38.25,1.5,0.1,sl,-25.5,-25.5,False,2025-01-16 17:45:00,2025-01-16 17:30:00,2544.0999999999844,2518.5999999999844
buy,low_vol,ema_flipped,1.0,1.22103,8.2,12.299999999999999,1.5,0.31,sl,-8.2,-25.42,False,2025-01-17 08:15:00,2025-01-17 08:00:00,2518.5999999999844,2493.1799999999844
buy,high_vol,bollinger,1.0,1.21836,12.7,19.049999999999997,1.5,0.2,sl,-12.7,-25.4,False,2025-01-17 09:15:00,2025-01-17 09:00:00,2493.1799999999844,2467.7799999999843
buy,high_vol,bollinger,1.0,1.21695,14.5,21.75,1.5,0.17,tp,21.75,36.98,True,2025-01-17 09:30:00,2025-01-17 09:15:00,2467.7799999999843,2504.7599999999843
buy,high_vol,bollinger,0.9579,1.21687,18.0,27.0,1.5,0.13,tp,27.0,35.1,True,2025-01-17 16:15:00,2025-01-17 16:00:00,2504.7599999999843,2539.859999999984
sell,high_vol,bollinger,1.0,1.22199,23.8,35.7,1.5,0.11,tp,35.7,39.27,True,2025-01-17 17:15:00,2025-01-17 17:00:00,2539.859999999984,2579.129999999984
buy,high_vol,bollinger,0.9998,1.21675,13.8,20.700000000000003,1.5,0.19,tp,20.7,39.33,True,2025-01-17 21:45:00,2025-01-17 21:30:00,2579.129999999984,2618.459999999984
sell,low_vol,ema_flipped,1.0,1.22048,10.0,15.0,1.5,0.26,sl,-10.0,-26.0,False,2025-01-20 06:45:00,2025-01-20 06:30:00,2618.459999999984,2592.459999999984
buy,high_vol,bollinger,0.8212,1.21803,16.5,24.75,1.5,0.12,tp,24.75,29.7,True,2025-01-20 11:15:00,2025-01-20 11:00:00,2592.459999999984,2622.159999999984
sell,high_vol,bollinger,1.0,1.22639,24.2,36.3,1.5,0.11,sl,-24.2,-26.62,False,2025-01-20 15:45:00,2025-01-20 15:30:00,2622.159999999984,2595.539999999984
sell,high_vol,bollinger,1.0,1.22976,27.0,40.5,1.5,0.1,sl,-27.0,-27.0,False,2025-01-20 16:00:00,2025-01-20 15:45:00,2595.539999999984,2568.539999999984
sell,high_vol,bollinger,1.0,1.23346,22.4,33.599999999999994,1.5,0.11,tp,33.6,36.96,True,2025-01-20 22:00:00,2025-01-20 21:45:00,2568.539999999984,2605.499999999984
sell,high_vol,bollinger,1.0,1.23318,14.0,21.0,1.5,0.19,tp,21.0,39.9,True,2025-01-21 01:15:00,2025-01-21 01:00:00,2605.499999999984,2645.399999999984
sell,high_vol,bollinger,1.0,1.23406,11.4,17.1,1.5,0.23,tp,17.1,39.33,True,2025-01-21 02:15:00,2025-01-21 02:00:00,2645.399999999984,2684.729999999984
buy,high_vol,bollinger,1.0,1.22608,21.0,31.5,1.5,0.13,tp,31.5,40.95,True,2025-01-21 03:00:00,2025-01-21 02:45:00,2684.729999999984,2725.679999999984
buy,high_vol,bollinger,1.0,1.22772,14.5,21.75,1.5,0.19,sl,-14.5,-27.55,False,2025-01-21 08:00:00,2025-01-21 07:45:00,2725.679999999984,2698.1299999999837
sell,high_vol,bollinger,0.9996,1.22751,17.8,26.700000000000003,1.5,0.15,sl,-17.8,-26.7,False,2025-01-21 15:45:00,2025-01-21 15:30:00,2698.1299999999837,2671.429999999984
sell,high_vol,bollinger,1.0,1.23196,23.5,35.25,1.5,0.11,sl,-23.5,-25.85,False,2025-01-21 18:30:00,2025-01-21 18:15:00,2671.429999999984,2645.579999999984
buy,high_vol,bollinger,0.9991,1.23263,13.7,20.549999999999997,1.5,0.19,tp,20.55,39.04,True,2025-01-22 01:15:00,2025-01-22 01:00:00,2645.579999999984,2684.619999999984
sell,high_vol,bollinger,0.6583,1.23392,15.4,23.1,1.5,0.09,sl,-15.4,-13.86,False,2025-01-22 11:00:00,2025-01-22 10:45:00,2684.619999999984,2670.759999999984
buy,low_vol,ema_flipped,0.9787,1.23195,15.0,22.5,1.5,0.17,sl,-15.0,-25.5,False,2025-01-22 19:45:00,2025-01-22 19:30:00,2670.759999999984,2645.259999999984
sell,high_vol,bollinger,1.0,1.23373,20.6,30.900000000000002,1.5,0.13,sl,-20.6,-26.78,False,2025-01-23 18:30:00,2025-01-23 18:15:00,2645.259999999984,2618.4799999999836
sell,high_vol,bollinger,1.0,1.23513,21.4,32.099999999999994,1.5,0.12,sl,-21.4,-25.68,False,2025-01-23 18:45:00,2025-01-23 18:30:00,2618.4799999999836,2592.799999999984
buy,high_vol,bollinger,1.0,1.23498,11.4,17.1,1.5,0.23,tp,17.1,39.33,True,2025-01-23 23:15:00,2025-01-23 23:00:00,2592.799999999984,2632.1299999999837
sell,high_vol,bollinger,0.6601,1.23764,10.6,15.899999999999999,1.5,0.13,sl,-10.6,-13.78,False,2025-01-24 04:30:00,2025-01-24 04:15:00,2632.1299999999837,2618.3499999999835
sell,high_vol,bollinger,0.9717,1.23979,12.6,18.9,1.5,0.2,sl,-12.6,-25.2,False,2025-01-24 04:45:00,2025-01-24 04:30:00,2618.3499999999835,2593.1499999999837
sell,high_vol,bollinger,0.8823,1.24082,13.9,20.85,1.5,0.16,tp,20.85,33.36,True,2025-01-24 08:15:00,2025-01-24 08:00:00,2593.1499999999837,2626.509999999984
sell,high_vol,bollinger,1.0,1.24319,22.0,33.0,1.5,0.12,sl,-22.0,-26.4,False,2025-01-24 11:30:00,2025-01-24 11:15:00,2626.509999999984,2600.1099999999838
buy,high_vol,bollinger,1.0,1.24154,20.0,30.0,1.5,0.13,tp,30.0,39.0,True,2025-01-24 13:45:00,2025-01-24 13:30:00,2600.1099999999838,2639.1099999999838
sell,high_vol,bollinger,1.0,1.24541,20.0,30.0,1.5,0.13,sl,-20.0,-26.0,False,2025-01-24 17:15:00,2025-01-24 17:00:00,2639.1099999999838,2613.1099999999838
buy,high_vol,bollinger,0.9434,1.24857,18.7,28.049999999999997,1.5,0.13,sl,-18.7,-24.31,False,2025-01-27 17:15:00,2025-01-27 17:00:00,2613.1099999999838,2588.799999999984
buy,high_vol,bollinger,0.976,1.24795,10.4,15.600000000000001,1.5,0.24,sl,-10.4,-24.96,False,2025-01-28 01:15:00,2025-01-28 01:00:00,2588.799999999984,2563.839999999984
buy,high_vol,bollinger,1.0,1.24506,13.3,19.950000000000003,1.5,0.19,sl,-13.3,-25.27,False,2025-01-28 01:30:00,2025-01-28 01:15:00,2563.839999999984,2538.569999999984
sell,low_vol,ema_flipped,1.0,1.24515,8.0,12.0,1.5,0.32,sl,-8.0,-25.6,False,2025-01-29 06:15:00,2025-01-29 06:00:00,2538.569999999984,2512.969999999984
sell,high_vol,bollinger,0.8784,1.24374,19.1,28.650000000000002,1.5,0.11,sl,-19.1,-21.01,False,2025-01-29 17:45:00,2025-01-29 17:30:00,2512.969999999984,2491.9599999999837
buy,high_vol,bollinger,0.9933,1.24239,16.6,24.900000000000002,1.5,0.15,tp,24.9,37.35,True,2025-01-29 21:30:00,2025-01-29 21:15:00,2491.9599999999837,2529.3099999999836
buy,low_vol,ema_flipped,0.9996,1.24267,15.3,22.950000000000003,1.5,0.17,tp,22.95,39.01,True,2025-01-30 13:15:00,2025-01-30 13:00:00,2529.3099999999836,2568.319999999984
sell,high_vol,bollinger,1.0,1.24658,16.4,24.599999999999998,1.5,0.16,tp,24.6,39.36,True,2025-01-30 16:00:00,2025-01-30 15:45:00,2568.319999999984,2607.679999999984
sell,low_vol,ema_flipped,0.8167,1.24681,17.2,25.799999999999997,1.5,0.11,tp,25.8,28.38,True,2025-01-30 16:15:00,2025-01-30 16:00:00,2607.679999999984,2636.059999999984
buy,high_vol,bollinger,1.0,1.2412,13.7,20.549999999999997,1.5,0.19,tp,20.55,39.04,True,2025-01-30 22:45:00,2025-01-30 22:30:00,2636.059999999984,2675.099999999984
sell,high_vol,bollinger,0.9997,1.24531,21.9,32.849999999999994,1.5,0.12,tp,32.85,39.42,True,2025-01-31 18:45:00,2025-01-31 18:30:00,2675.099999999984,2714.519999999984
buy,high_vol,bollinger,1.0,1.2391,26.2,39.3,1.5,0.1,sl,-26.2,-26.2,False,2025-01-31 23:15:00,2025-01-31 23:00:00,2714.519999999984,2688.3199999999842
buy,high_vol,bollinger,1.0,1.23136,29.2,43.8,1.5,0.09,sl,-29.2,-26.28,False,2025-02-03 00:15:00,2025-02-03 00:00:00,2688.3199999999842,2662.039999999984
sell,high_vol,bollinger,1.0,1.2318,19.6,29.400000000000002,1.5,0.14,sl,-19.6,-27.44,False,2025-02-03 10:30:00,2025-02-03 10:15:00,2662.039999999984,2634.599999999984
sell,high_vol,bollinger,1.0,1.23428,19.6,29.400000000000002,1.5,0.13,sl,-19.6,-25.48,False,2025-02-03 14:30:00,2025-02-03 14:15:00,2634.599999999984,2609.119999999984
sell,high_vol,bollinger,1.0,1.23935,28.7,43.05,1.5,0.09,sl,-28.7,-25.83,False,2025-02-03 17:30:00,2025-02-03 17:15:00,2609.119999999984,2583.289999999984
sell,high_vol,bollinger,1.0,1.24195,32.5,48.75,1.5,0.08,sl,-32.5,-26.0,False,2025-02-03 17:45:00,2025-02-03 17:30:00,2583.289999999984,2557.289999999984
sell,high_vol,bollinger,1.0,1.2412,16.0,24.0,1.5,0.16,sl,-16.0,-25.6,False,2025-02-03 23:30:00,2025-02-03 23:15:00,2557.289999999984,2531.689999999984
sell,high_vol,bollinger,1.0,1.24422,18.2,27.299999999999997,1.5,0.14,tp,27.3,38.22,True,2025-02-03 23:45:00,2025-02-03 23:30:00,2531.689999999984,2569.909999999984
buy,high_vol,bollinger,0.9749,1.23873,11.8,17.700000000000003,1.5,0.21,tp,17.7,37.17,True,2025-02-04 07:15:00,2025-02-04 07:00:00,2569.909999999984,2607.079999999984
buy,low_vol,ema_flipped,1.0,1.24907,8.5,12.75,1.5,0.31,sl,-8.5,-26.35,False,2025-02-06 06:45:00,2025-02-06 06:30:00,2607.079999999984,2580.729999999984
buy,high_vol,bollinger,1.0,1.23924,24.7,37.05,1.5,0.1,sl,-24.7,-24.7,False,2025-02-06 14:15:00,2025-02-06 14:00:00,2580.729999999984,2556.0299999999843
buy,high_vol,bollinger,0.9999,1.23837,25.8,38.7,1.5,0.1,tp,38.7,38.7,True,2025-02-06 14:30:00,2025-02-06 14:15:00,2556.0299999999843,2594.729999999984
sell,high_vol,bollinger,1.0,1.24074,28.1,42.150000000000006,1.5,0.09,sl,-28.1,-25.29,False,2025-02-06 16:45:00,2025-02-06 16:30:00,2594.729999999984,2569.439999999984
sell,low_vol,ema_flipped,1.0,1.24653,11.9,17.85,1.5,0.22,tp,17.85,39.27,True,2025-02-07 11:15:00,2025-02-07 11:00:00,2569.439999999984,2608.709999999984
buy,high_vol,bollinger,1.0,1.24378,17.5,26.25,1.5,0.15,tp,26.25,39.38,True,2025-02-07 15:45:00,2025-02-07 15:30:00,2608.709999999984,2648.0899999999842
buy,high_vol,bollinger,0.9999,1.24314,18.8,28.200000000000003,1.5,0.14,tp,28.2,39.48,True,2025-02-07 16:00:00,2025-02-07 15:45:00,2648.0899999999842,2687.5699999999842
buy,high_vol,bollinger,1.0,1.2403,31.6,47.400000000000006,1.5,0.09,sl,-31.6,-28.44,False,2025-02-07 18:15:00,2025-02-07 18:00:00,2687.5699999999842,2659.129999999984
buy,high_vol,bollinger,1.0,1.2368,13.9,20.85,1.5,0.19,tp,20.85,39.61,True,2025-02-10 00:15:00,2025-02-10 00:00:00,2659.129999999984,2698.7399999999843
sell,low_vol,ema_flipped,1.0,1.23883,13.9,20.85,1.5,0.19,sl,-13.9,-26.41,False,2025-02-11 15:45:00,2025-02-11 15:30:00,2698.7399999999843,2672.3299999999845
sell,high_vol,bollinger,1.0,1.24418,11.2,16.799999999999997,1.5,0.24,sl,-11.2,-26.88,False,2025-02-11 21:45:00,2025-02-11 21:30:00,2672.3299999999845,2645.4499999999844
buy,high_vol,bollinger,1.0,1.23897,19.5,29.25,1.5,0.14,tp,29.25,40.95,True,2025-02-12 15:45:00,2025-02-12 15:30:00,2645.4499999999844,2686.399999999984
sell,high_vol,bollinger,1.0,1.25097,12.4,18.6,1.5,0.22,tp,18.6,40.92,True,2025-02-13 09:15:00,2025-02-13 09:00:00,2686.399999999984,2727.3199999999842
buy,high_vol,bollinger,0.9992,1.2464,16.7,25.049999999999997,1.5,0.16,tp,25.05,40.08,True,2025-02-13 14:15:00,2025-02-13 14:00:00,2727.3199999999842,2767.399999999984
sell,high_vol,bollinger,0.7034,1.24812,19.3,28.950000000000003,1.5,0.08,sl,-19.3,-15.44,False,2025-02-13 17:00:00,2025-02-13 16:45:00,2767.399999999984,2751.959999999984
sell,high_vol,bollinger,0.9997,1.2503,21.7,32.55,1.5,0.13,sl,-21.7,-28.21,False,2025-02-13 17:15:00,2025-02-13 17:00:00,2751.959999999984,2723.749999999984
sell,high_vol,bollinger,0.9993,1.25122,21.3,31.950000000000003,1.5,0.13,sl,-21.3,-27.69,False,2025-02-13 17:30:00,2025-02-13 17:15:00,2723.749999999984,2696.059999999984
buy,high_vol,bollinger,1.0,1.25007,22.2,33.3,1.5,0.12,tp,33.3,39.96,True,2025-02-13 20:45:00,2025-02-13 20:30:00,2696.059999999984,2736.019999999984
buy,low_vol,ema_flipped,1.0,1.25947,8.6,12.899999999999999,1.5,0.32,tp,12.9,41.28,True,2025-02-18 07:15:00,2025-02-18 07:00:00,2736.019999999984,2777.2999999999843
sell,high_vol,bollinger,0.8815,1.26186,10.3,15.450000000000001,1.5,0.22,tp,15.45,33.99,True,2025-02-18 09:15:00,2025-02-18 09:00:00,2777.2999999999843,2811.289999999984
sell,low_vol,ema_flipped,0.9992,1.26148,11.3,16.950000000000003,1.5,0.25,tp,16.95,42.38,True,2025-02-18 09:45:00,2025-02-18 09:30:00,2811.289999999984,2853.669999999984
buy,low_vol,ema_flipped,0.9999,1.25958,13.9,20.85,1.5,0.21,tp,20.85,43.78,True,2025-02-18 13:00:00,2025-02-18 12:45:00,2853.669999999984,2897.4499999999844
sell,low_vol,ema_flipped,1.0,1.26182,13.7,20.549999999999997,1.5,0.21,tp,20.55,43.15,True,2025-02-18 17:45:00,2025-02-18 17:30:00,2897.4499999999844,2940.5999999999844
buy,low_vol,ema_flipped,0.9999,1.25967,12.1,18.15,1.5,0.24,tp,18.15,43.56,True,2025-02-18 20:45:00,2025-02-18 20:30:00,2940.5999999999844,2984.1599999999844
sell,low_vol,ema_flipped,1.0,1.26139,10.1,15.149999999999999,1.5,0.3,sl,-10.1,-30.3,False,2025-02-19 00:00:00,2025-02-18 23:45:00,2984.1599999999844,2953.859999999984
buy,high_vol,bollinger,0.8746,1.26063,16.4,24.599999999999998,1.5,0.15,sl,-16.4,-24.6,False,2025-02-19 11:45:00,2025-02-19 11:30:00,2953.859999999984,2929.2599999999843
buy,low_vol,ema_flipped,0.9084,1.2592,14.9,22.35,1.5,0.17,sl,-14.9,-25.33,False,2025-02-19 12:45:00,2025-02-19 12:30:00,2929.2599999999843,2903.9299999999844
sell,low_vol,ema_flipped,1.0,1.25996,7.1,10.649999999999999,1.5,0.41,sl,-7.1,-29.11,False,2025-02-20 08:30:00,2025-02-20 08:15:00,2903.9299999999844,2874.8199999999842
sell,high_vol,bollinger,0.9996,1.26372,16.4,24.599999999999998,1.5,0.18,sl,-16.4,-29.52,False,2025-02-20 17:30:00,2025-02-20 17:15:00,2874.8199999999842,2845.2999999999843
sell,high_vol,bollinger,0.8798,1.26591,17.0,25.5,1.5,0.14,timeout,-7.7,-10.78,False,2025-02-20 19:45:00,2025-02-20 19:30:00,2845.2999999999843,2834.519999999984
buy,low_vol,ema_flipped,0.9999,1.26308,15.6,23.4,1.5,0.18,tp,23.4,42.12,True,2025-02-21 17:45:00,2025-02-21 17:30:00,2834.519999999984,2876.639999999984
sell,low_vol,ema_flipped,0.9988,1.26666,11.8,17.700000000000003,1.5,0.24,sl,-11.8,-28.32,False,2025-02-24 02:30:00,2025-02-24 02:15:00,2876.639999999984,2848.319999999984
buy,low_vol,ema_flipped,0.9997,1.2639,16.3,24.450000000000003,1.5,0.17,sl,-16.3,-27.71,False,2025-02-24 11:45:00,2025-02-24 11:30:00,2848.319999999984,2820.6099999999838
sell,low_vol,ema_flipped,0.8743,1.26561,12.7,19.049999999999997,1.5,0.18,sl,-12.7,-22.86,False,2025-02-25 14:30:00,2025-02-25 14:15:00,2820.6099999999838,2797.7499999999836
buy,low_vol,ema_flipped,1.0,1.26391,7.9,11.850000000000001,1.5,0.35,tp,11.85,41.47,True,2025-02-26 07:15:00,2025-02-26 07:00:00,2797.7499999999836,2839.2199999999834
sell,low_vol,ema_flipped,1.0,1.26584,12.8,19.200000000000003,1.5,0.22,sl,-12.8,-28.16,False,2025-02-26 16:30:00,2025-02-26 16:15:00,2839.2199999999834,2811.0599999999836
buy,low_vol,ema_flipped,1.0,1.26575,8.2,12.299999999999999,1.5,0.34,timeout,4.0,13.6,True,2025-02-27 06:00:00,2025-02-27 05:45:00,2811.0599999999836,2824.6599999999835
sell,low_vol,ema_flipped,1.0,1.26746,9.8,14.700000000000001,1.5,0.29,sl,-9.8,-28.42,False,2025-02-27 11:15:00,2025-02-27 11:00:00,2824.6599999999835,2796.2399999999834
buy,high_vol,bollinger,1.0,1.26609,16.4,24.599999999999998,1.5,0.17,sl,-16.4,-27.88,False,2025-02-27 15:45:00,2025-02-27 15:30:00,2796.2399999999834,2768.3599999999833
buy,high_vol,bollinger,1.0,1.2634,19.6,29.400000000000002,1.5,0.14,sl,-19.6,-27.44,False,2025-02-27 16:00:00,2025-02-27 15:45:00,2768.3599999999833,2740.9199999999832
buy,high_vol,bollinger,1.0,1.25704,21.2,31.799999999999997,1.5,0.13,tp,31.8,41.34,True,2025-02-28 20:30:00,2025-02-28 20:15:00,2740.9199999999832,2782.2599999999834
sell,low_vol,ema_flipped,0.9995,1.26081,12.7,19.049999999999997,1.5,0.22,tp,19.05,41.91,True,2025-03-03 04:00:00,2025-03-03 03:45:00,2782.2599999999834,2824.1699999999832
sell,high_vol,bollinger,1.0,1.26145,14.2,21.299999999999997,1.5,0.2,sl,-14.2,-28.4,False,2025-03-03 11:15:00,2025-03-03 11:00:00,2824.1699999999832,2795.769999999983
sell,high_vol,bollinger,0.9998,1.26946,17.5,26.25,1.5,0.16,sl,-17.5,-28.0,False,2025-03-03 16:30:00,2025-03-03 16:15:00,2795.769999999983,2767.769999999983
buy,high_vol,bollinger,0.9377,1.26924,13.5,20.25,1.5,0.19,sl,-13.5,-25.65,False,2025-03-03 22:00:00,2025-03-03 21:45:00,2767.769999999983,2742.119999999983
sell,high_vol,bollinger,0.9992,1.27179,15.8,23.700000000000003,1.5,0.17,sl,-15.8,-26.86,False,2025-03-04 10:30:00,2025-03-04 10:15:00,2742.119999999983,2715.259999999983
sell,high_vol,bollinger,1.0,1.27267,20.3,30.450000000000003,1.5,0.13,sl,-20.3,-26.39,False,2025-03-04 18:45:00,2025-03-04 18:30:00,2715.259999999983,2688.869999999983
sell,high_vol,bollinger,1.0,1.2735,19.6,29.400000000000002,1.5,0.14,sl,-19.6,-27.44,False,2025-03-04 19:15:00,2025-03-04 19:00:00,2688.869999999983,2661.429999999983
sell,high_vol,bollinger,1.0,1.27669,20.4,30.599999999999998,1.5,0.13,sl,-20.4,-26.52,False,2025-03-04 20:15:00,2025-03-04 20:00:00,2661.429999999983,2634.909999999983
sell,high_vol,bollinger,0.6772,1.28141,13.1,19.65,1.5,0.11,sl,-13.1,-14.41,False,2025-03-05 09:45:00,2025-03-05 09:30:00,2634.909999999983,2620.499999999983
sell,high_vol,bollinger,1.0,1.28458,16.7,25.049999999999997,1.5,0.16,tp,25.05,40.08,True,2025-03-05 10:15:00,2025-03-05 10:00:00,2620.499999999983,2660.579999999983
buy,high_vol,bollinger,1.0,1.28143,19.5,29.25,1.5,0.14,tp,29.25,40.95,True,2025-03-05 15:00:00,2025-03-05 14:45:00,2660.579999999983,2701.529999999983
sell,high_vol,bollinger,1.0,1.28915,20.4,30.599999999999998,1.5,0.13,sl,-20.4,-26.52,False,2025-03-06 14:15:00,2025-03-06 14:00:00,2701.529999999983,2675.009999999983
buy,high_vol,bollinger,1.0,1.2897,11.9,17.85,1.5,0.22,sl,-11.9,-26.18,False,2025-03-10 11:00:00,2025-03-10 10:45:00,2675.009999999983,2648.829999999983
buy,high_vol,bollinger,0.9998,1.2885,13.4,20.1,1.5,0.2,tp,20.1,40.2,True,2025-03-10 11:15:00,2025-03-10 11:00:00,2648.829999999983,2689.029999999983
sell,high_vol,bollinger,1.0,1.29368,19.7,29.549999999999997,1.5,0.14,tp,29.55,41.37,True,2025-03-10 15:30:00,2025-03-10 15:15:00,2689.029999999983,2730.399999999983
sell,high_vol,bollinger,1.0,1.29448,19.9,29.849999999999998,1.5,0.14,tp,29.85,41.79,True,2025-03-10 15:45:00,2025-03-10 15:30:00,2730.399999999983,2772.189999999983
buy,high_vol,bollinger,0.9985,1.2879,15.8,23.700000000000003,1.5,0.18,sl,-15.8,-28.44,False,2025-03-10 21:00:00,2025-03-10 20:45:00,2772.189999999983,2743.7499999999827
sell,high_vol,bollinger,0.9817,1.29389,15.2,22.799999999999997,1.5,0.18,timeout,6.2,11.16,True,2025-03-11 15:30:00,2025-03-11 15:15:00,2743.7499999999827,2754.9099999999826
sell,high_vol,bollinger,0.9895,1.29582,14.3,21.450000000000003,1.5,0.19,tp,21.45,40.76,True,2025-03-11 21:15:00,2025-03-11 21:00:00,2754.9099999999826,2795.669999999983
buy,low_vol,ema_flipped,1.0,1.2928,6.9,10.350000000000001,1.5,0.41,sl,-6.9,-28.29,False,2025-03-12 08:45:00,2025-03-12 08:30:00,2795.669999999983,2767.379999999983
sell,low_vol,ema_flipped,1.0,1.29311,7.1,10.649999999999999,1.5,0.39,tp,10.65,41.54,True,2025-03-12 09:00:00,2025-03-12 08:45:00,2767.379999999983,2808.919999999983
buy,low_vol,ema_flipped,1.0,1.29276,7.3,10.95,1.5,0.38,sl,-7.3,-27.74,False,2025-03-12 09:30:00,2025-03-12 09:15:00,2808.919999999983,2781.179999999983
sell,high_vol,bollinger,0.9529,1.29409,13.4,20.1,1.5,0.19,sl,-13.4,-25.46,False,2025-03-12 12:00:00,2025-03-12 11:45:00,2781.179999999983,2755.719999999983
sell,high_vol,bollinger,0.999,1.29563,14.3,21.450000000000003,1.5,0.19,sl,-14.3,-27.17,False,2025-03-12 14:30:00,2025-03-12 14:15:00,2755.719999999983,2728.549999999983
sell,high_vol,bollinger,1.0,1.29646,13.2,19.799999999999997,1.5,0.21,tp,19.8,41.58,True,2025-03-13 11:30:00,2025-03-13 11:15:00,2728.549999999983,2770.129999999983
buy,high_vol,bollinger,1.0,1.29338,16.4,24.599999999999998,1.5,0.17,tp,24.6,41.82,True,2025-03-13 15:00:00,2025-03-13 14:45:00,2770.129999999983,2811.949999999983
sell,low_vol,ema_flipped,1.0,1.29543,7.7,11.55,1.5,0.37,tp,11.55,42.74,True,2025-03-14 02:45:00,2025-03-14 02:30:00,2811.949999999983,2854.689999999983
buy,low_vol,ema_flipped,1.0,1.29435,9.3,13.950000000000001,1.5,0.31,sl,-9.3,-28.83,False,2025-03-14 04:30:00,2025-03-14 04:15:00,2854.689999999983,2825.859999999983
sell,low_vol,ema_flipped,0.9997,1.29432,10.4,15.600000000000001,1.5,0.27,sl,-10.4,-28.08,False,2025-03-17 11:30:00,2025-03-17 11:15:00,2825.859999999983,2797.779999999983
buy,high_vol,bollinger,0.9998,1.29599,12.6,18.9,1.5,0.22,tp,18.9,41.58,True,2025-03-17 15:45:00,2025-03-17 15:30:00,2797.779999999983,2839.359999999983
sell,high_vol,bollinger,0.9999,1.29908,14.7,22.049999999999997,1.5,0.19,timeout,-1.7,-3.23,False,2025-03-17 18:30:00,2025-03-17 18:15:00,2839.359999999983,2836.129999999983
buy,high_vol,bollinger,1.0,1.29654,12.4,18.6,1.5,0.23,sl,-12.4,-28.52,False,2025-03-18 15:00:00,2025-03-18 14:45:00,2836.129999999983,2807.609999999983
sell,high_vol,bollinger,1.0,1.29852,18.3,27.450000000000003,1.5,0.15,sl,-18.3,-27.45,False,2025-03-18 18:45:00,2025-03-18 18:30:00,2807.609999999983,2780.159999999983
buy,low_vol,ema_flipped,1.0,1.29808,7.0,10.5,1.5,0.4,sl,-7.0,-28.0,False,2025-03-19 09:45:00,2025-03-19 09:30:00,2780.159999999983,2752.159999999983
buy,high_vol,bollinger,1.0,1.29636,9.7,14.549999999999999,1.5,0.28,tp,14.55,40.74,True,2025-03-19 10:45:00,2025-03-19 10:30:00,2752.159999999983,2792.899999999983
sell,high_vol,bollinger,1.0,1.30084,16.5,24.75,1.5,0.17,tp,24.75,42.08,True,2025-03-19 21:45:00,2025-03-19 21:30:00,2792.899999999983,2834.9799999999827
buy,high_vol,bollinger,0.8181,1.29664,10.2,15.299999999999999,1.5,0.21,sl,-10.2,-21.42,False,2025-03-20 10:45:00,2025-03-20 10:30:00,2834.9799999999827,2813.5599999999827
buy,high_vol,bollinger,1.0,1.29494,14.6,21.9,1.5,0.19,tp,21.9,41.61,True,2025-03-20 12:30:00,2025-03-20 12:15:00,2813.5599999999827,2855.169999999983
sell,high_vol,bollinger,1.0,1.29716,18.4,27.599999999999998,1.5,0.16,tp,27.6,44.16,True,2025-03-20 15:15:00,2025-03-20 15:00:00,2855.169999999983,2899.3299999999826
buy,high_vol,bollinger,1.0,1.29293,12.4,18.6,1.5,0.23,sl,-12.4,-28.52,False,2025-03-21 16:15:00,2025-03-21 16:00:00,2899.3299999999826,2870.8099999999827
buy,high_vol,bollinger,1.0,1.28951,16.4,24.599999999999998,1.5,0.18,tp,24.6,44.28,True,2025-03-21 19:00:00,2025-03-21 18:45:00,2870.8099999999827,2915.089999999983
buy,high_vol,bollinger,0.9999,1.28967,10.3,15.450000000000001,1.5,0.28,timeout,4.9,13.72,True,2025-03-24 00:15:00,2025-03-24 00:00:00,2915.089999999983,2928.8099999999827
sell,low_vol,ema_flipped,0.9893,1.29499,10.3,15.450000000000001,1.5,0.28,sl,-10.3,-28.84,False,2025-03-24 10:30:00,2025-03-24 10:15:00,2928.8099999999827,2899.9699999999825
sell,high_vol,bollinger,1.0,1.29663,15.7,23.549999999999997,1.5,0.18,tp,23.55,42.39,True,2025-03-24 13:15:00,2025-03-24 13:00:00,2899.9699999999825,2942.3599999999824
buy,high_vol,bollinger,1.0,1.29196,14.0,21.0,1.5,0.21,tp,21.0,44.1,True,2025-03-24 17:00:00,2025-03-24 16:45:00,2942.3599999999824,2986.4599999999823
sell,high_vol,bollinger,1.0,1.29267,17.1,25.650000000000002,1.5,0.17,sl,-17.1,-29.07,False,2025-03-24 21:45:00,2025-03-24 21:30:00,2986.4599999999823,2957.389999999982
buy,high_vol,bollinger,1.0,1.29166,9.3,13.950000000000001,1.5,0.32,sl,-9.3,-29.76,False,2025-03-25 00:30:00,2025-03-25 00:15:00,2957.389999999982,2927.629999999982
buy,high_vol,bollinger,1.0,1.29373,14.7,22.049999999999997,1.5,0.2,tp,22.05,44.1,True,2025-03-25 17:15:00,2025-03-25 17:00:00,2927.629999999982,2971.729999999982
buy,low_vol,ema_flipped,1.0,1.29337,7.1,10.649999999999999,1.5,0.42,sl,-7.1,-29.82,False,2025-03-26 07:45:00,2025-03-26 07:30:00,2971.729999999982,2941.9099999999817
buy,high_vol,bollinger,0.9994,1.29265,10.1,15.149999999999999,1.5,0.29,sl,-10.1,-29.29,False,2025-03-26 10:15:00,2025-03-26 10:00:00,2941.9099999999817,2912.6199999999817
buy,high_vol,bollinger,1.0,1.29095,12.2,18.299999999999997,1.5,0.24,sl,-12.2,-29.28,False,2025-03-26 10:45:00,2025-03-26 10:30:00,2912.6199999999817,2883.3399999999815
buy,high_vol,bollinger,1.0,1.28983,14.3,21.450000000000003,1.5,0.2,sl,-14.3,-28.6,False,2025-03-26 15:00:00,2025-03-26 14:45:00,2883.3399999999815,2854.7399999999816
buy,high_vol,bollinger,1.0,1.28891,14.8,22.200000000000003,1.5,0.19,sl,-14.8,-28.12,False,2025-03-26 15:15:00,2025-03-26 15:00:00,2854.7399999999816,2826.6199999999817
buy,high_vol,bollinger,1.0,1.28777,18.7,28.049999999999997,1.5,0.15,tp,28.05,42.07,True,2025-03-26 16:30:00,2025-03-26 16:15:00,2826.6199999999817,2868.689999999982
buy,high_vol,bollinger,0.9446,1.28743,9.0,13.5,1.5,0.29,tp,13.5,39.15,True,2025-03-27 00:30:00,2025-03-27 00:15:00,2868.689999999982,2907.839999999982
sell,low_vol,ema_flipped,1.0,1.29225,9.2,13.799999999999999,1.5,0.32,tp,13.8,44.16,True,2025-03-27 07:30:00,2025-03-27 07:15:00,2907.839999999982,2951.999999999982
buy,high_vol,bollinger,0.9945,1.29075,12.0,18.0,1.5,0.24,tp,18.0,43.2,True,2025-03-27 10:30:00,2025-03-27 10:15:00,2951.999999999982,2995.1999999999816
sell,high_vol,bollinger,0.9999,1.29313,13.9,20.85,1.5,0.22,sl,-13.9,-30.58,False,2025-03-27 14:00:00,2025-03-27 13:45:00,2995.1999999999816,2964.6199999999817
sell,high_vol,bollinger,1.0,1.294,14.3,21.450000000000003,1.5,0.21,sl,-14.3,-30.03,False,2025-03-27 14:15:00,2025-03-27 14:00:00,2964.6199999999817,2934.5899999999815
sell,high_vol,bollinger,1.0,1.29655,20.1,30.150000000000002,1.5,0.15,sl,-20.1,-30.15,False,2025-03-27 18:30:00,2025-03-27 18:15:00,2934.5899999999815,2904.4399999999814
sell,high_vol,bollinger,1.0,1.2987,21.0,31.5,1.5,0.14,tp,31.5,44.1,True,2025-03-27 18:45:00,2025-03-27 18:30:00,2904.4399999999814,2948.5399999999813
sell,high_vol,bollinger,1.0,1.29526,14.2,21.299999999999997,1.5,0.21,sl,-14.2,-29.82,False,2025-03-28 16:15:00,2025-03-28 16:00:00,2948.5399999999813,2918.719999999981
sell,low_vol,ema_flipped,0.8483,1.29441,10.3,15.450000000000001,1.5,0.22,tp,15.45,33.99,True,2025-03-28 23:00:00,2025-03-28 22:45:00,2918.719999999981,2952.709999999981
buy,low_vol,ema_flipped,1.0,1.29369,9.1,13.649999999999999,1.5,0.32,sl,-9.1,-29.12,False,2025-03-31 00:15:00,2025-03-31 00:00:00,2952.709999999981,2923.589999999981
sell,low_vol,ema_flipped,0.9998,1.29615,10.4,15.600000000000001,1.5,0.28,sl,-10.4,-29.12,False,2025-03-31 04:15:00,2025-03-31 04:00:00,2923.589999999981,2894.469999999981
buy,high_vol,bollinger,0.9991,1.29476,12.6,18.9,1.5,0.23,sl,-12.6,-28.98,False,2025-03-31 11:15:00,2025-03-31 11:00:00,2894.469999999981,2865.489999999981
buy,high_vol,bollinger,0.9995,1.29375,13.6,20.4,1.5,0.21,sl,-13.6,-28.56,False,2025-03-31 11:30:00,2025-03-31 11:15:00,2865.489999999981,2836.929999999981
sell,high_vol,bollinger,1.0,1.2957,15.3,22.950000000000003,1.5,0.19,tp,22.95,43.6,True,2025-03-31 14:45:00,2025-03-31 14:30:00,2836.929999999981,2880.529999999981
buy,high_vol,bollinger,1.0,1.29098,16.5,24.75,1.5,0.17,sl,-16.5,-28.05,False,2025-03-31 17:30:00,2025-03-31 17:15:00,2880.529999999981,2852.479999999981
buy,high_vol,bollinger,1.0,1.29033,17.1,25.650000000000002,1.5,0.17,tp,25.65,43.6,True,2025-03-31 17:45:00,2025-03-31 17:30:00,2852.479999999981,2896.079999999981
sell,high_vol,bollinger,1.0,1.29195,10.1,15.149999999999999,1.5,0.29,sl,-10.1,-29.29,False,2025-03-31 22:45:00,2025-03-31 22:30:00,2896.079999999981,2866.789999999981
sell,low_vol,ema_flipped,0.9999,1.29372,8.1,12.149999999999999,1.5,0.35,tp,12.15,42.52,True,2025-04-01 07:45:00,2025-04-01 07:30:00,2866.789999999981,2909.309999999981
buy,low_vol,ema_flipped,1.0,1.29207,7.6,11.399999999999999,1.5,0.38,sl,-7.6,-28.88,False,2025-04-01 09:00:00,2025-04-01 08:45:00,2909.309999999981,2880.4299999999807
sell,high_vol,bollinger,1.0,1.29205,18.6,27.900000000000002,1.5,0.15,sl,-18.6,-27.9,False,2025-04-01 18:00:00,2025-04-01 17:45:00,2880.4299999999807,2852.5299999999806
sell,low_vol,ema_flipped,1.0,1.29232,7.2,10.8,1.5,0.4,sl,-7.2,-28.8,False,2025-04-02 01:15:00,2025-04-02 01:00:00,2852.5299999999806,2823.7299999999805
buy,low_vol,ema_flipped,1.0,1.29122,7.0,10.5,1.5,0.4,tp,10.5,42.0,True,2025-04-02 04:00:00,2025-04-02 03:45:00,2823.7299999999805,2865.7299999999805
sell,low_vol,ema_flipped,1.0,1.29218,8.3,12.450000000000001,1.5,0.35,tp,12.45,43.57,True,2025-04-02 06:00:00,2025-04-02 05:45:00,2865.7299999999805,2909.2999999999806
buy,low_vol,ema_flipped,1.0,1.29164,6.5,9.75,1.5,0.45,sl,-6.5,-29.25,False,2025-04-02 08:30:00,2025-04-02 08:15:00,2909.2999999999806,2880.0499999999806
sell,high_vol,bollinger,1.0,1.2965,14.3,21.450000000000003,1.5,0.2,sl,-14.3,-28.6,False,2025-04-02 18:00:00,2025-04-02 17:45:00,2880.0499999999806,2851.4499999999807
sell,high_vol,bollinger,0.9945,1.29777,13.9,20.85,1.5,0.2,sl,-13.9,-27.8,False,2025-04-02 20:15:00,2025-04-02 20:00:00,2851.4499999999807,2823.6499999999805
sell,high_vol,bollinger,1.0,1.30054,13.4,20.1,1.5,0.21,sl,-13.4,-28.14,False,2025-04-02 23:15:00,2025-04-02 23:00:00,2823.6499999999805,2795.5099999999807
sell,high_vol,bollinger,1.0,1.30269,41.9,62.849999999999994,1.5,0.07,sl,-41.9,-29.33,False,2025-04-03 02:15:00,2025-04-03 02:00:00,2795.5099999999807,2766.1799999999807
sell,high_vol,bollinger,1.0,1.3087,13.8,20.700000000000003,1.5,0.2,sl,-13.8,-27.6,False,2025-04-03 08:30:00,2025-04-03 08:15:00,2766.1799999999807,2738.579999999981
sell,high_vol,bollinger,1.0,1.30967,14.3,21.450000000000003,1.5,0.19,timeout,-0.6,-1.14,False,2025-04-03 08:45:00,2025-04-03 08:30:00,2738.579999999981,2737.439999999981
buy,high_vol,bollinger,1.0,1.30852,15.4,23.1,1.5,0.18,tp,23.1,41.58,True,2025-04-03 22:30:00,2025-04-03 22:15:00,2737.439999999981,2779.019999999981
buy,high_vol,bollinger,1.0,1.30668,17.9,26.849999999999998,1.5,0.16,sl,-17.9,-28.64,False,2025-04-04 09:45:00,2025-04-04 09:30:00,2779.019999999981,2750.379999999981
sell,high_vol,bollinger,1.0,1.30287,35.0,52.5,1.5,0.08,tp,52.5,42.0,True,2025-04-04 13:30:00,2025-04-04 13:15:00,2750.379999999981,2792.379999999981
buy,high_vol,bollinger,1.0,1.29568,43.6,65.4,1.5,0.06,sl,-43.6,-26.16,False,2025-04-04 17:15:00,2025-04-04 17:00:00,2792.379999999981,2766.219999999981
buy,high_vol,bollinger,1.0,1.28325,32.4,48.599999999999994,1.5,0.09,tp,48.6,43.74,True,2025-04-07 00:15:00,2025-04-07 00:00:00,2766.219999999981,2809.959999999981
buy,high_vol,bollinger,1.0,1.2861,30.8,46.2,1.5,0.09,tp,46.2,41.58,True,2025-04-07 05:30:00,2025-04-07 05:15:00,2809.959999999981,2851.539999999981
buy,high_vol,bollinger,1.0,1.27551,40.5,60.75,1.5,0.07,sl,-40.5,-28.35,False,2025-04-07 18:00:00,2025-04-07 17:45:00,2851.539999999981,2823.189999999981
buy,high_vol,bollinger,1.0,1.2717,27.8,41.7,1.5,0.1,tp,41.7,41.7,True,2025-04-07 23:00:00,2025-04-07 22:45:00,2823.189999999981,2864.889999999981
sell,high_vol,bollinger,1.0,1.27296,20.1,30.150000000000002,1.5,0.14,sl,-20.1,-28.14,False,2025-04-08 01:15:00,2025-04-08 01:00:00,2864.889999999981,2836.749999999981
sell,high_vol,bollinger,1.0,1.27451,11.8,17.700000000000003,1.5,0.24,sl,-11.8,-28.32,False,2025-04-08 03:15:00,2025-04-08 03:00:00,2836.749999999981,2808.4299999999807
sell,high_vol,bollinger,1.0,1.27564,13.2,19.799999999999997,1.5,0.21,sl,-13.2,-27.72,False,2025-04-08 03:30:00,2025-04-08 03:15:00,2808.4299999999807,2780.709999999981
buy,high_vol,bollinger,1.0,1.27588,26.7,40.05,1.5,0.1,tp,40.05,40.05,True,2025-04-08 17:45:00,2025-04-08 17:30:00,2780.709999999981,2820.759999999981
sell,high_vol,bollinger,1.0,1.28024,16.1,24.150000000000002,1.5,0.18,sl,-16.1,-28.98,False,2025-04-09 03:45:00,2025-04-09 03:30:00,2820.759999999981,2791.779999999981
sell,high_vol,bollinger,1.0,1.28135,16.4,24.599999999999998,1.5,0.17,sl,-16.4,-27.88,False,2025-04-09 04:00:00,2025-04-09 03:45:00,2791.779999999981,2763.899999999981
sell,high_vol,bollinger,1.0,1.28508,22.3,33.45,1.5,0.12,tp,33.45,40.14,True,2025-04-09 07:30:00,2025-04-09 07:15:00,2763.899999999981,2804.039999999981
buy,high_vol,bollinger,1.0,1.27944,28.9,43.349999999999994,1.5,0.1,sl,-28.9,-28.9,False,2025-04-09 14:45:00,2025-04-09 14:30:00,2804.039999999981,2775.139999999981
buy,high_vol,bollinger,1.0,1.27741,31.7,47.55,1.5,0.09,sl,-31.7,-28.53,False,2025-04-09 15:00:00,2025-04-09 14:45:00,2775.139999999981,2746.6099999999806
sell,high_vol,bollinger,1.0,1.27887,35.9,53.849999999999994,1.5,0.08,sl,-35.9,-28.72,False,2025-04-09 21:00:00,2025-04-09 20:45:00,2746.6099999999806,2717.889999999981
sell,high_vol,bollinger,1.0,1.28003,42.4,63.599999999999994,1.5,0.06,sl,-42.4,-25.44,False,2025-04-09 21:30:00,2025-04-09 21:15:00,2717.889999999981,2692.4499999999807
sell,high_vol,bollinger,1.0,1.28181,43.1,64.65,1.5,0.06,sl,-43.1,-25.86,False,2025-04-09 21:45:00,2025-04-09 21:30:00,2692.4499999999807,2666.5899999999806
sell,high_vol,bollinger,1.0,1.28904,26.0,39.0,1.5,0.1,sl,-26.0,-26.0,False,2025-04-10 13:00:00,2025-04-10 12:45:00,2666.5899999999806,2640.5899999999806
sell,high_vol,bollinger,1.0,1.29091,26.9,40.349999999999994,1.5,0.1,sl,-26.9,-26.9,False,2025-04-10 13:30:00,2025-04-10 13:15:00,2640.5899999999806,2613.6899999999805
sell,high_vol,bollinger,1.0,1.296,30.4,45.599999999999994,1.5,0.09,sl,-30.4,-27.36,False,2025-04-10 18:00:00,2025-04-10 17:45:00,2613.6899999999805,2586.3299999999804
sell,high_vol,bollinger,1.0,1.29836,20.8,31.200000000000003,1.5,0.12,sl,-20.8,-24.96,False,2025-04-11 01:15:00,2025-04-11 01:00:00,2586.3299999999804,2561.3699999999803
sell,high_vol,bollinger,1.0,1.3024,22.6,33.900000000000006,1.5,0.11,sl,-22.6,-24.86,False,2025-04-11 03:45:00,2025-04-11 03:30:00,2561.3699999999803,2536.50999999998
sell,high_vol,bollinger,1.0,1.30359,27.5,41.25,1.5,0.09,tp,41.25,37.12,True,2025-04-11 06:30:00,2025-04-11 06:15:00,2536.50999999998,2573.62999999998
sell,high_vol,bollinger,1.0,1.30426,25.2,37.8,1.5,0.1,sl,-25.2,-25.2,False,2025-04-11 10:15:00,2025-04-11 10:00:00,2573.62999999998,2548.4299999999803
sell,high_vol,bollinger,1.0,1.30724,29.5,44.25,1.5,0.09,sl,-29.5,-26.55,False,2025-04-11 20:45:00,2025-04-11 20:30:00,2548.4299999999803,2521.87999999998
sell,high_vol,bollinger,1.0,1.31006,19.5,29.25,1.5,0.13,sl,-19.5,-25.35,False,2025-04-14 03:15:00,2025-04-14 03:00:00,2521.87999999998,2496.52999999998
sell,high_vol,bollinger,0.9487,1.31244,16.0,24.0,1.5,0.14,sl,-16.0,-22.4,False,2025-04-14 09:00:00,2025-04-14 08:45:00,2496.52999999998,2474.12999999998
sell,high_vol,bollinger,0.9999,1.31324,17.7,26.549999999999997,1.5,0.14,sl,-17.7,-24.78,False,2025-04-14 09:15:00,2025-04-14 09:00:00,2474.12999999998,2449.34999999998
sell,high_vol,bollinger,1.0,1.31504,19.3,28.950000000000003,1.5,0.13,sl,-19.3,-25.09,False,2025-04-14 09:30:00,2025-04-14 09:15:00,2449.34999999998,2424.2599999999798
sell,high_vol,bollinger,1.0,1.31978,21.9,32.849999999999994,1.5,0.11,tp,32.85,36.13,True,2025-04-14 14:00:00,2025-04-14 13:45:00,2424.2599999999798,2460.38999999998
buy,high_vol,bollinger,1.0,1.31666,21.6,32.400000000000006,1.5,0.11,tp,32.4,35.64,True,2025-04-14 20:00:00,2025-04-14 19:45:00,2460.38999999998,2496.0299999999797
sell,high_vol,bollinger,0.9997,1.32224,19.8,29.700000000000003,1.5,0.13,sl,-19.8,-25.74,False,2025-04-15 11:00:00,2025-04-15 10:45:00,2496.0299999999797,2470.28999999998
sell,high_vol,bollinger,1.0,1.32848,12.0,18.0,1.5,0.21,tp,18.0,37.8,True,2025-04-16 09:00:00,2025-04-16 08:45:00,2470.28999999998,2508.08999999998
buy,high_vol,bollinger,1.0,1.32622,21.5,32.25,1.5,0.12,sl,-21.5,-25.8,False,2025-04-16 12:45:00,2025-04-16 12:30:00,2508.08999999998,2482.28999999998
buy,high_vol,bollinger,0.8328,1.32505,17.2,25.799999999999997,1.5,0.11,sl,-17.2,-18.92,False,2025-04-16 17:15:00,2025-04-16 17:00:00,2482.28999999998,2463.36999999998
buy,high_vol,bollinger,0.9998,1.3218,18.8,28.200000000000003,1.5,0.13,tp,28.2,36.66,True,2025-04-16 21:00:00,2025-04-16 20:45:00,2463.36999999998,2500.0299999999797
sell,low_vol,ema_flipped,0.9996,1.32427,15.7,23.549999999999997,1.5,0.16,sl,-15.7,-25.12,False,2025-04-17 12:45:00,2025-04-17 12:30:00,2500.0299999999797,2474.90999999998
buy,low_vol,ema_flipped,1.0,1.32235,15.1,22.65,1.5,0.16,tp,22.65,36.24,True,2025-04-17 15:30:00,2025-04-17 15:15:00,2474.90999999998,2511.1499999999796
sell,low_vol,ema_flipped,1.0,1.3248,17.3,25.950000000000003,1.5,0.15,sl,-17.3,-25.95,False,2025-04-17 16:00:00,2025-04-17 15:45:00,2511.1499999999796,2485.19999999998
sell,high_vol,bollinger,0.6512,1.3335,16.7,25.049999999999997,1.5,0.07,sl,-16.7,-11.69,False,2025-04-21 03:15:00,2025-04-21 03:00:00,2485.19999999998,2473.5099999999798
sell,high_vol,bollinger,1.0,1.33729,17.5,26.25,1.5,0.14,sl,-17.5,-24.5,False,2025-04-21 05:30:00,2025-04-21 05:15:00,2473.5099999999798,2449.0099999999798
buy,low_vol,ema_flipped,0.991,1.33662,16.7,25.049999999999997,1.5,0.14,sl,-16.7,-23.38,False,2025-04-22 15:15:00,2025-04-22 15:00:00,2449.0099999999798,2425.6299999999796
buy,high_vol,bollinger,1.0,1.33074,12.5,18.75,1.5,0.19,sl,-12.5,-23.75,False,2025-04-23 00:45:00,2025-04-23 00:30:00,2425.6299999999796,2401.8799999999796
buy,high_vol,bollinger,1.0,1.32921,14.3,21.450000000000003,1.5,0.17,sl,-14.3,-24.31,False,2025-04-23 01:00:00,2025-04-23 00:45:00,2401.8799999999796,2377.5699999999797
buy,high_vol,bollinger,1.0,1.32805,16.6,24.900000000000002,1.5,0.14,sl,-16.6,-23.24,False,2025-04-23 01:15:00,2025-04-23 01:00:00,2377.5699999999797,2354.32999999998
buy,high_vol,bollinger,1.0,1.32482,19.8,29.700000000000003,1.5,0.12,tp,29.7,35.64,True,2025-04-23 01:30:00,2025-04-23 01:15:00,2354.32999999998,2389.96999999998
buy,high_vol,bollinger,1.0,1.32845,19.1,28.650000000000002,1.5,0.13,sl,-19.1,-24.83,False,2025-04-23 17:00:00,2025-04-23 16:45:00,2389.96999999998,2365.13999999998
sell,low_vol,ema_flipped,0.9999,1.33004,14.7,22.049999999999997,1.5,0.16,sl,-14.7,-23.52,False,2025-04-24 12:00:00,2025-04-24 11:45:00,2365.13999999998,2341.61999999998
buy,low_vol,ema_flipped,1.0,1.32885,12.3,18.450000000000003,1.5,0.19,sl,-12.3,-23.37,False,2025-04-25 07:00:00,2025-04-25 06:45:00,2341.61999999998,2318.24999999998
sell,low_vol,ema_flipped,1.0,1.33176,14.9,22.35,1.5,0.16,sl,-14.9,-23.84,False,2025-04-25 15:15:00,2025-04-25 15:00:00,2318.24999999998,2294.40999999998
buy,low_vol,ema_flipped,1.0,1.33003,9.6,14.399999999999999,1.5,0.24,timeout,-3.2,-7.68,False,2025-04-28 01:45:00,2025-04-28 01:30:00,2294.40999999998,2286.72999999998
sell,low_vol,ema_flipped,1.0,1.33275,15.3,22.950000000000003,1.5,0.15,sl,-15.3,-22.95,False,2025-04-28 11:45:00,2025-04-28 11:30:00,2286.72999999998,2263.77999999998
sell,high_vol,bollinger,1.0,1.3411,19.9,29.849999999999998,1.5,0.11,sl,-19.9,-21.89,False,2025-04-28 17:45:00,2025-04-28 17:30:00,2263.77999999998,2241.8899999999803
buy,low_vol,ema_flipped,1.0,1.33912,9.5,14.25,1.5,0.24,sl,-9.5,-22.8,False,2025-04-30 06:00:00,2025-04-30 05:45:00,2241.8899999999803,2219.08999999998
sell,low_vol,ema_flipped,1.0,1.33169,10.7,16.049999999999997,1.5,0.21,tp,16.05,33.71,True,2025-05-02 08:45:00,2025-05-02 08:30:00,2219.08999999998,2252.79999999998
buy,low_vol,ema_flipped,1.0,1.3291,14.7,22.049999999999997,1.5,0.15,tp,22.05,33.08,True,2025-05-02 11:45:00,2025-05-02 11:30:00,2252.79999999998,2285.87999999998
sell,low_vol,ema_flipped,1.0,1.33085,15.0,22.5,1.5,0.15,tp,22.5,33.75,True,2025-05-02 13:15:00,2025-05-02 13:00:00,2285.87999999998,2319.62999999998
buy,low_vol,ema_flipped,1.0,1.32934,15.1,22.65,1.5,0.15,sl,-15.1,-22.65,False,2025-05-02 13:45:00,2025-05-02 13:30:00,2319.62999999998,2296.97999999998
sell,high_vol,bollinger,1.0,1.33112,19.8,29.700000000000003,1.5,0.12,sl,-19.8,-23.76,False,2025-05-02 16:30:00,2025-05-02 16:15:00,2296.97999999998,2273.21999999998
sell,high_vol,bollinger,1.0,1.33217,21.4,32.099999999999994,1.5,0.11,tp,32.1,35.31,True,2025-05-02 16:45:00,2025-05-02 16:30:00,2273.21999999998,2308.5299999999797
buy,high_vol,bollinger,1.0,1.32907,26.5,39.75,1.5,0.09,sl,-26.5,-23.85,False,2025-05-02 18:45:00,2025-05-02 18:30:00,2308.5299999999797,2284.67999999998
sell,low_vol,ema_flipped,0.9999,1.33032,11.4,17.1,1.5,0.2,tp,17.1,34.2,True,2025-05-05 08:15:00,2025-05-05 08:00:00,2284.67999999998,2318.8799999999796
buy,low_vol,ema_flipped,1.0,1.3282,13.8,20.700000000000003,1.5,0.17,tp,20.7,35.19,True,2025-05-05 11:00:00,2025-05-05 10:45:00,2318.8799999999796,2354.0699999999797
sell,low_vol,ema_flipped,1.0,1.32996,15.3,22.950000000000003,1.5,0.15,sl,-15.3,-22.95,False,2025-05-05 12:45:00,2025-05-05 12:30:00,2354.0699999999797,2331.11999999998
buy,low_vol,ema_flipped,1.0,1.32785,15.2,22.799999999999997,1.5,0.15,sl,-15.2,-22.8,False,2025-05-05 20:15:00,2025-05-05 20:00:00,2331.11999999998,2308.3199999999797
sell,low_vol,ema_flipped,1.0,1.33009,10.6,15.899999999999999,1.5,0.22,timeout,9.4,20.68,True,2025-05-06 08:15:00,2025-05-06 08:00:00,2308.3199999999797,2328.9999999999795
buy,low_vol,ema_flipped,1.0,1.33351,16.7,25.049999999999997,1.5,0.14,tp,25.05,35.07,True,2025-05-07 13:00:00,2025-05-07 12:45:00,2328.9999999999795,2364.0699999999797
sell,low_vol,ema_flipped,1.0,1.33537,15.8,23.700000000000003,1.5,0.15,sl,-15.8,-23.7,False,2025-05-07 14:15:00,2025-05-07 14:00:00,2364.0699999999797,2340.36999999998
buy,low_vol,ema_flipped,0.999,1.33347,16.5,24.75,1.5,0.14,sl,-16.5,-23.1,False,2025-05-07 20:30:00,2025-05-07 20:15:00,2340.36999999998,2317.26999999998
buy,high_vol,bollinger,1.0,1.32936,22.1,33.150000000000006,1.5,0.1,tp,33.15,33.15,True,2025-05-07 22:15:00,2025-05-07 22:00:00,2317.26999999998,2350.41999999998
sell,high_vol,bollinger,1.0,1.33415,14.4,21.6,1.5,0.16,sl,-14.4,-23.04,False,2025-05-08 05:00:00,2025-05-08 04:45:00,2350.41999999998,2327.37999999998
buy,high_vol,bollinger,1.0,1.33078,19.7,29.549999999999997,1.5,0.12,sl,-19.7,-23.64,False,2025-05-08 08:15:00,2025-05-08 08:00:00,2327.37999999998,2303.7399999999802
sell,high_vol,bollinger,1.0,1.32884,18.8,28.200000000000003,1.5,0.12,sl,-18.8,-22.56,False,2025-05-08 13:30:00,2025-05-08 13:15:00,2303.7399999999802,2281.1799999999803
sell,high_vol,bollinger,1.0,1.32935,18.0,27.0,1.5,0.13,sl,-18.0,-23.4,False,2025-05-08 13:45:00,2025-05-08 13:30:00,2281.1799999999803,2257.77999999998
sell,high_vol,bollinger,1.0,1.33158,28.0,42.0,1.5,0.08,sl,-28.0,-22.4,False,2025-05-08 14:15:00,2025-05-08 14:00:00,2257.77999999998,2235.37999999998
buy,high_vol,bollinger,1.0,1.33095,21.8,32.7,1.5,0.1,sl,-21.8,-21.8,False,2025-05-08 18:00:00,2025-05-08 17:45:00,2235.37999999998,2213.57999999998
buy,high_vol,bollinger,0.7372,1.32371,15.8,23.700000000000003,1.5,0.09,sl,-15.8,-14.22,False,2025-05-08 22:30:00,2025-05-08 22:15:00,2213.57999999998,2199.35999999998
sell,low_vol,ema_flipped,1.0,1.32776,14.9,22.35,1.5,0.15,sl,-14.9,-22.35,False,2025-05-09 14:30:00,2025-05-09 14:15:00,2199.35999999998,2177.00999999998
buy,high_vol,bollinger,1.0,1.32649,12.1,18.15,1.5,0.18,tp,18.15,32.67,True,2025-05-12 00:15:00,2025-05-12 00:00:00,2177.00999999998,2209.6799999999803
buy,high_vol,bollinger,1.0,1.32415,16.4,24.599999999999998,1.5,0.13,sl,-16.4,-21.32,False,2025-05-12 10:15:00,2025-05-12 10:00:00,2209.6799999999803,2188.35999999998
buy,high_vol,bollinger,1.0,1.31972,20.8,31.200000000000003,1.5,0.11,sl,-20.8,-22.88,False,2025-05-12 10:30:00,2025-05-12 10:15:00,2188.35999999998,2165.47999999998
buy,high_vol,bollinger,1.0,1.31759,23.3,34.95,1.5,0.09,timeout,7.7,6.93,True,2025-05-12 10:45:00,2025-05-12 10:30:00,2165.47999999998,2172.40999999998
buy,high_vol,bollinger,1.0,1.31497,29.4,44.099999999999994,1.5,0.07,tp,44.1,30.87,True,2025-05-12 13:45:00,2025-05-12 13:30:00,2172.40999999998,2203.2799999999797
sell,low_vol,ema_flipped,0.8377,1.32107,16.2,24.299999999999997,1.5,0.1,sl,-16.2,-16.2,False,2025-05-13 12:00:00,2025-05-13 11:45:00,2203.2799999999797,2187.07999999998
sell,high_vol,bollinger,0.9997,1.32585,21.7,32.55,1.5,0.1,sl,-21.7,-21.7,False,2025-05-13 18:00:00,2025-05-13 17:45:00,2187.07999999998,2165.37999999998
sell,high_vol,bollinger,1.0,1.33508,20.6,30.900000000000002,1.5,0.11,timeout,28.1,30.91,True,2025-05-14 11:30:00,2025-05-14 11:15:00,2165.37999999998,2196.28999999998
buy,high_vol,bollinger,1.0,1.3304,20.1,30.150000000000002,1.5,0.11,sl,-20.1,-22.11,False,2025-05-14 17:30:00,2025-05-14 17:15:00,2196.28999999998,2174.17999999998
buy,high_vol,bollinger,1.0,1.32822,21.6,32.400000000000006,1.5,0.1,sl,-21.6,-21.6,False,2025-05-14 19:45:00,2025-05-14 19:30:00,2174.17999999998,2152.57999999998
sell,low_vol,ema_flipped,0.9913,1.32885,15.6,23.4,1.5,0.14,tp,23.4,32.76,True,2025-05-15 10:30:00,2025-05-15 10:15:00,2152.57999999998,2185.33999999998
buy,low_vol,ema_flipped,0.7904,1.32678,17.1,25.650000000000002,1.5,0.09,tp,25.65,23.08,True,2025-05-15 11:00:00,2025-05-15 10:45:00,2185.33999999998,2208.41999999998
buy,high_vol,bollinger,0.7338,1.32713,16.6,24.900000000000002,1.5,0.08,tp,24.9,19.92,True,2025-05-15 15:00:00,2025-05-15 14:45:00,2208.41999999998,2228.33999999998
buy,high_vol,bollinger,1.0,1.3267,23.0,34.5,1.5,0.1,tp,34.5,34.5,True,2025-05-15 17:45:00,2025-05-15 17:30:00,2228.33999999998,2262.83999999998
sell,high_vol,bollinger,0.7292,1.32982,12.4,18.6,1.5,0.11,sl,-12.4,-13.64,False,2025-05-15 21:45:00,2025-05-15 21:30:00,2262.83999999998,2249.1999999999803
buy,low_vol,ema_flipped,0.9999,1.32989,13.5,20.25,1.5,0.17,sl,-13.5,-22.95,False,2025-05-16 14:15:00,2025-05-16 14:00:00,2249.1999999999803,2226.2499999999804
buy,high_vol,bollinger,1.0,1.32591,17.2,25.799999999999997,1.5,0.13,tp,25.8,33.54,True,2025-05-16 17:45:00,2025-05-16 17:30:00,2226.2499999999804,2259.7899999999804
sell,high_vol,bollinger,0.9874,1.32954,10.9,16.35,1.5,0.2,sl,-10.9,-21.8,False,2025-05-19 01:15:00,2025-05-19 01:00:00,2259.7899999999804,2237.9899999999802
sell,low_vol,ema_flipped,0.9999,1.33052,13.0,19.5,1.5,0.17,sl,-13.0,-22.1,False,2025-05-19 03:00:00,2025-05-19 02:45:00,2237.9899999999802,2215.8899999999803
buy,high_vol,bollinger,0.9192,1.33562,16.6,24.900000000000002,1.5,0.12,tp,24.9,29.88,True,2025-05-19 19:00:00,2025-05-19 18:45:00,2215.8899999999803,2245.7699999999804
buy,low_vol,ema_flipped,1.0,1.33376,14.9,22.35,1.5,0.15,tp,22.35,33.52,True,2025-05-20 16:15:00,2025-05-20 16:00:00,2245.7699999999804,2279.2899999999804
sell,low_vol,ema_flipped,0.9985,1.33695,16.4,24.599999999999998,1.5,0.14,timeout,0.0,0.0,False,2025-05-20 17:30:00,2025-05-20 17:15:00,2279.2899999999804,2279.2899999999804
sell,high_vol,bollinger,1.0,1.34479,11.4,17.1,1.5,0.2,sl,-11.4,-22.8,False,2025-05-21 09:15:00,2025-05-21 09:00:00,2279.2899999999804,2256.4899999999802
sell,high_vol,bollinger,1.0,1.34614,13.5,20.25,1.5,0.17,tp,20.25,34.42,True,2025-05-21 09:30:00,2025-05-21 09:15:00,2256.4899999999802,2290.9099999999803
sell,high_vol,bollinger,1.0,1.34346,22.1,33.150000000000006,1.5,0.1,tp,33.15,33.15,True,2025-05-21 13:30:00,2025-05-21 13:15:00,2290.9099999999803,2324.0599999999804
sell,high_vol,bollinger,0.8632,1.34176,17.3,25.950000000000003,1.5,0.11,sl,-17.3,-19.03,False,2025-05-22 14:30:00,2025-05-22 14:15:00,2324.0599999999804,2305.02999999998
buy,high_vol,bollinger,0.9488,1.34123,18.2,27.299999999999997,1.5,0.12,timeout,7.3,8.76,True,2025-05-22 20:15:00,2025-05-22 20:00:00,2305.02999999998,2313.7899999999804
sell,low_vol,ema_flipped,1.0,1.34226,12.1,18.15,1.5,0.19,sl,-12.1,-22.99,False,2025-05-22 22:00:00,2025-05-22 21:45:00,2313.7899999999804,2290.7999999999806
buy,low_vol,ema_flipped,1.0,1.34177,9.1,13.649999999999999,1.5,0.25,tp,13.65,34.13,True,2025-05-23 01:00:00,2025-05-23 00:45:00,2290.7999999999806,2324.9299999999807
sell,low_vol,ema_flipped,1.0,1.34229,9.4,14.100000000000001,1.5,0.25,sl,-9.4,-23.5,False,2025-05-23 01:15:00,2025-05-23 01:00:00,2324.9299999999807,2301.4299999999807
buy,high_vol,bollinger,1.0,1.3489,17.4,26.099999999999998,1.5,0.13,tp,26.1,33.93,True,2025-05-23 15:00:00,2025-05-23 14:45:00,2301.4299999999807,2335.3599999999806
sell,high_vol,bollinger,1.0,1.35312,21.6,32.400000000000006,1.5,0.11,tp,32.4,35.64,True,2025-05-23 15:45:00,2025-05-23 15:30:00,2335.3599999999806,2370.9999999999804
sell,high_vol,bollinger,1.0,1.35093,23.0,34.5,1.5,0.1,sl,-23.0,-23.0,False,2025-05-23 18:45:00,2025-05-23 18:30:00,2370.9999999999804,2347.9999999999804
buy,high_vol,bollinger,0.9257,1.3535,16.6,24.900000000000002,1.5,0.13,sl,-16.6,-21.58,False,2025-05-27 17:30:00,2025-05-27 17:15:00,2347.9999999999804,2326.4199999999805
buy,high_vol,bollinger,0.948,1.35246,17.3,25.950000000000003,1.5,0.12,sl,-17.3,-20.76,False,2025-05-27 17:45:00,2025-05-27 17:30:00,2326.4199999999805,2305.6599999999803
sell,high_vol,bollinger,0.9741,1.34976,14.1,21.15,1.5,0.16,sl,-14.1,-22.56,False,2025-05-28 10:15:00,2025-05-28 10:00:00,2305.6599999999803,2283.0999999999804
buy,high_vol,bollinger,1.0,1.3495,14.1,21.15,1.5,0.16,sl,-14.1,-22.56,False,2025-05-28 14:00:00,2025-05-28 13:45:00,2283.0999999999804,2260.5399999999804
buy,high_vol,bollinger,0.9994,1.34899,13.5,20.25,1.5,0.17,sl,-13.5,-22.95,False,2025-05-28 14:15:00,2025-05-28 14:00:00,2260.5399999999804,2237.5899999999806
buy,high_vol,bollinger,1.0,1.34164,11.5,17.25,1.5,0.19,tp,17.25,32.77,True,2025-05-29 02:45:00,2025-05-29 02:30:00,2237.5899999999806,2270.3599999999806
sell,low_vol,ema_flipped,0.9952,1.3472,15.2,22.799999999999997,1.5,0.15,sl,-15.2,-22.8,False,2025-05-29 14:00:00,2025-05-29 13:45:00,2270.3599999999806,2247.5599999999804
buy,low_vol,ema_flipped,0.9574,1.34615,13.6,20.4,1.5,0.16,tp,20.4,32.64,True,2025-05-29 15:00:00,2025-05-29 14:45:00,2247.5599999999804,2280.1999999999803
sell,low_vol,ema_flipped,0.7723,1.34751,14.4,21.6,1.5,0.11,sl,-14.4,-15.84,False,2025-05-29 15:15:00,2025-05-29 15:00:00,2280.1999999999803,2264.35999999998
sell,high_vol,bollinger,1.0,1.34973,16.5,24.75,1.5,0.14,tp,24.75,34.65,True,2025-05-29 15:45:00,2025-05-29 15:30:00,2264.35999999998,2299.00999999998
sell,high_vol,bollinger,1.0,1.35032,18.6,27.900000000000002,1.5,0.12,tp,27.9,33.48,True,2025-05-29 19:15:00,2025-05-29 19:00:00,2299.00999999998,2332.4899999999802
buy,low_vol,ema_flipped,1.0,1.34716,11.4,17.1,1.5,0.2,sl,-11.4,-22.8,False,2025-05-30 07:15:00,2025-05-30 07:00:00,2332.4899999999802,2309.68999999998
sell,high_vol,bollinger,0.6749,1.34842,14.7,22.049999999999997,1.5,0.08,sl,-14.7,-11.76,False,2025-05-30 15:15:00,2025-05-30 15:00:00,2309.68999999998,2297.92999999998
sell,high_vol,bollinger,0.7037,1.34978,15.0,22.5,1.5,0.09,tp,22.5,20.25,True,2025-05-30 15:45:00,2025-05-30 15:30:00,2297.92999999998,2318.17999999998
buy,high_vol,bollinger,1.0,1.34562,19.4,29.099999999999998,1.5,0.12,tp,29.1,34.92,True,2025-05-30 19:45:00,2025-05-30 19:30:00,2318.17999999998,2353.09999999998
sell,low_vol,ema_flipped,0.9997,1.34931,11.8,17.700000000000003,1.5,0.2,sl,-11.8,-23.6,False,2025-06-02 04:15:00,2025-06-02 04:00:00,2353.09999999998,2329.49999999998
buy,high_vol,bollinger,0.8286,1.35346,17.2,25.799999999999997,1.5,0.1,sl,-17.2,-17.2,False,2025-06-02 19:30:00,2025-06-02 19:15:00,2329.49999999998,2312.29999999998
buy,high_vol,bollinger,0.7943,1.35247,17.7,26.549999999999997,1.5,0.09,tp,26.55,23.9,True,2025-06-02 19:45:00,2025-06-02 19:30:00,2312.29999999998,2336.1999999999803
buy,low_vol,ema_flipped,1.0,1.35172,9.0,13.5,1.5,0.26,tp,13.5,35.1,True,2025-06-03 08:30:00,2025-06-03 08:15:00,2336.1999999999803,2371.29999999998
sell,low_vol,ema_flipped,0.9998,1.35293,14.0,21.0,1.5,0.17,tp,21.0,35.7,True,2025-06-03 10:30:00,2025-06-03 10:15:00,2371.29999999998,2406.99999999998
buy,low_vol,ema_flipped,0.9992,1.35212,15.0,22.5,1.5,0.16,sl,-15.0,-24.0,False,2025-06-03 10:45:00,2025-06-03 10:30:00,2406.99999999998,2382.99999999998
sell,low_vol,ema_flipped,0.9937,1.35267,13.5,20.25,1.5,0.17,sl,-13.5,-22.95,False,2025-06-03 21:00:00,2025-06-03 20:45:00,2382.99999999998,2360.04999999998
buy,low_vol,ema_flipped,1.0,1.35164,9.2,13.799999999999999,1.5,0.26,tp,13.8,35.88,True,2025-06-03 23:00:00,2025-06-03 22:45:00,2360.04999999998,2395.9299999999803
sell,low_vol,ema_flipped,1.0,1.35293,5.0,7.5,1.5,0.48,tp,7.5,36.0,True,2025-06-04 02:45:00,2025-06-04 02:30:00,2395.9299999999803,2431.9299999999803
buy,low_vol,ema_flipped,1.0,1.3512,10.3,15.450000000000001,1.5,0.24,tp,15.45,37.08,True,2025-06-04 08:30:00,2025-06-04 08:15:00,2431.9299999999803,2469.00999999998
sell,low_vol,ema_flipped,0.9998,1.35354,13.3,19.950000000000003,1.5,0.19,tp,19.95,37.9,True,2025-06-04 10:45:00,2025-06-04 10:30:00,2469.00999999998,2506.9099999999803
sell,high_vol,bollinger,0.9297,1.35422,14.6,21.9,1.5,0.15,sl,-14.6,-21.9,False,2025-06-04 16:00:00,2025-06-04 15:45:00,2506.9099999999803,2485.00999999998
sell,high_vol,bollinger,1.0,1.35751,20.1,30.150000000000002,1.5,0.12,tp,30.15,36.18,True,2025-06-04 17:45:00,2025-06-04 17:30:00,2485.00999999998,2521.18999999998
sell,high_vol,bollinger,1.0,1.36124,17.8,26.700000000000003,1.5,0.14,tp,26.7,37.38,True,2025-06-05 16:30:00,2025-06-05 16:15:00,2521.18999999998,2558.56999999998
buy,low_vol,ema_flipped,0.9995,1.3557,7.0,10.5,1.5,0.37,sl,-7.0,-25.9,False,2025-06-06 09:15:00,2025-06-06 09:00:00,2558.56999999998,2532.66999999998
buy,high_vol,bollinger,1.0,1.35319,16.4,24.599999999999998,1.5,0.15,sl,-16.4,-24.6,False,2025-06-06 15:45:00,2025-06-06 15:30:00,2532.66999999998,2508.06999999998
buy,high_vol,bollinger,1.0,1.35115,20.7,31.049999999999997,1.5,0.12,tp,31.05,37.26,True,2025-06-06 16:30:00,2025-06-06 16:15:00,2508.06999999998,2545.3299999999804
sell,low_vol,ema_flipped,1.0,1.35588,10.2,15.299999999999999,1.5,0.25,sl,-10.2,-25.5,False,2025-06-09 05:45:00,2025-06-09 05:30:00,2545.3299999999804,2519.8299999999804
buy,high_vol,bollinger,0.8423,1.35458,11.6,17.4,1.5,0.17,sl,-11.6,-19.72,False,2025-06-09 15:15:00,2025-06-09 15:00:00,2519.8299999999804,2500.1099999999806
buy,low_vol,ema_flipped,0.9988,1.35342,13.1,19.65,1.5,0.19,tp,19.65,37.33,True,2025-06-09 16:45:00,2025-06-09 16:30:00,2500.1099999999806,2537.4399999999805
sell,low_vol,ema_flipped,0.9999,1.35599,13.5,20.25,1.5,0.19,tp,20.25,38.47,True,2025-06-09 19:30:00,2025-06-09 19:15:00,2537.4399999999805,2575.9099999999803
buy,low_vol,ema_flipped,0.9998,1.35422,8.4,12.600000000000001,1.5,0.31,sl,-8.4,-26.04,False,2025-06-10 04:45:00,2025-06-10 04:30:00,2575.9099999999803,2549.8699999999803
buy,high_vol,bollinger,0.9999,1.35101,12.9,19.35,1.5,0.2,sl,-12.9,-25.8,False,2025-06-10 09:45:00,2025-06-10 09:30:00,2549.8699999999803,2524.06999999998
buy,high_vol,bollinger,1.0,1.34835,15.1,22.65,1.5,0.17,sl,-15.1,-25.67,False,2025-06-10 10:00:00,2025-06-10 09:45:00,2524.06999999998,2498.39999999998
buy,high_vol,bollinger,1.0,1.34651,17.6,26.400000000000002,1.5,0.14,tp,26.4,36.96,True,2025-06-10 10:15:00,2025-06-10 10:00:00,2498.39999999998,2535.35999999998
sell,high_vol,bollinger,1.0,1.35164,15.5,23.25,1.5,0.16,sl,-15.5,-24.8,False,2025-06-10 16:15:00,2025-06-10 16:00:00,2535.35999999998,2510.55999999998
sell,high_vol,bollinger,1.0,1.35309,16.6,24.900000000000002,1.5,0.15,tp,24.9,37.35,True,2025-06-10 16:30:00,2025-06-10 16:15:00,2510.55999999998,2547.90999999998
sell,high_vol,bollinger,1.0,1.35332,17.4,26.099999999999998,1.5,0.15,tp,26.1,39.15,True,2025-06-11 15:45:00,2025-06-11 15:30:00,2547.90999999998,2587.05999999998
buy,high_vol,bollinger,1.0,1.35617,11.9,17.85,1.5,0.22,sl,-11.9,-26.18,False,2025-06-12 09:15:00,2025-06-12 09:00:00,2587.05999999998,2560.87999999998
sell,high_vol,bollinger,1.0,1.36171,21.7,32.55,1.5,0.12,tp,32.55,39.06,True,2025-06-12 15:45:00,2025-06-12 15:30:00,2560.87999999998,2599.93999999998
buy,high_vol,bollinger,1.0,1.35947,11.7,17.549999999999997,1.5,0.22,sl,-11.7,-25.74,False,2025-06-13 03:15:00,2025-06-13 03:00:00,2599.93999999998,2574.1999999999803
buy,high_vol,bollinger,1.0,1.357,16.4,24.599999999999998,1.5,0.16,sl,-16.4,-26.24,False,2025-06-13 03:45:00,2025-06-13 03:30:00,2574.1999999999803,2547.9599999999805
buy,high_vol,bollinger,1.0,1.35343,16.0,24.0,1.5,0.16,tp,24.0,38.4,True,2025-06-13 07:30:00,2025-06-13 07:15:00,2547.9599999999805,2586.3599999999806
sell,high_vol,bollinger,1.0,1.35578,20.1,30.150000000000002,1.5,0.13,tp,30.15,39.19,True,2025-06-13 10:30:00,2025-06-13 10:15:00,2586.3599999999806,2625.5499999999806
sell,high_vol,bollinger,1.0,1.35646,20.1,30.150000000000002,1.5,0.13,tp,30.15,39.19,True,2025-06-13 10:45:00,2025-06-13 10:30:00,2625.5499999999806,2664.7399999999807
sell,high_vol,bollinger,1.0,1.35545,19.8,29.700000000000003,1.5,0.13,sl,-19.8,-25.74,False,2025-06-13 17:15:00,2025-06-13 17:00:00,2664.7399999999807,2638.999999999981
buy,high_vol,bollinger,1.0,1.35752,15.0,22.5,1.5,0.18,sl,-15.0,-27.0,False,2025-06-13 20:45:00,2025-06-13 20:30:00,2638.999999999981,2611.999999999981
buy,high_vol,bollinger,0.9999,1.35455,15.4,23.1,1.5,0.17,tp,23.1,39.27,True,2025-06-16 00:30:00,2025-06-16 00:15:00,2611.999999999981,2651.269999999981
buy,low_vol,ema_flipped,1.0,1.35693,9.8,14.700000000000001,1.5,0.27,sl,-9.8,-26.46,False,2025-06-17 02:45:00,2025-06-17 02:30:00,2651.269999999981,2624.809999999981
buy,high_vol,bollinger,0.9998,1.35481,15.7,23.549999999999997,1.5,0.17,sl,-15.7,-26.69,False,2025-06-17 16:00:00,2025-06-17 15:45:00,2624.809999999981,2598.119999999981
buy,high_vol,bollinger,1.0,1.35203,18.4,27.599999999999998,1.5,0.14,sl,-18.4,-25.76,False,2025-06-17 17:30:00,2025-06-17 17:15:00,2598.119999999981,2572.3599999999806
buy,high_vol,bollinger,1.0,1.34979,19.5,29.25,1.5,0.13,sl,-19.5,-25.35,False,2025-06-17 17:45:00,2025-06-17 17:30:00,2572.3599999999806,2547.0099999999807
buy,high_vol,bollinger,1.0,1.34729,22.8,34.2,1.5,0.11,sl,-22.8,-25.08,False,2025-06-17 20:00:00,2025-06-17 19:45:00,2547.0099999999807,2521.9299999999807
buy,high_vol,bollinger,0.9309,1.34527,15.6,23.4,1.5,0.15,sl,-15.6,-23.4,False,2025-06-18 11:30:00,2025-06-18 11:15:00,2521.9299999999807,2498.5299999999806
buy,high_vol,bollinger,0.9274,1.34422,14.2,21.299999999999997,1.5,0.16,tp,21.3,34.08,True,2025-06-18 14:00:00,2025-06-18 13:45:00,2498.5299999999806,2532.6099999999806
sell,high_vol,bollinger,1.0,1.34693,18.9,28.349999999999998,1.5,0.13,tp,28.35,36.85,True,2025-06-18 17:15:00,2025-06-18 17:00:00,2532.6099999999806,2569.4599999999805
buy,high_vol,bollinger,1.0,1.34394,16.5,24.75,1.5,0.16,tp,24.75,39.6,True,2025-06-18 20:45:00,2025-06-18 20:30:00,2569.4599999999805,2609.0599999999804
buy,high_vol,bollinger,1.0,1.34172,19.6,29.400000000000002,1.5,0.13,sl,-19.6,-25.48,False,2025-06-18 22:00:00,2025-06-18 21:45:00,2609.0599999999804,2583.5799999999804
sell,high_vol,bollinger,0.9996,1.34421,12.5,18.75,1.5,0.21,sl,-12.5,-26.25,False,2025-06-19 20:45:00,2025-06-19 20:30:00,2583.5799999999804,2557.3299999999804
sell,high_vol,bollinger,1.0,1.34532,12.5,18.75,1.5,0.2,sl,-12.5,-25.0,False,2025-06-19 21:00:00,2025-06-19 20:45:00,2557.3299999999804,2532.3299999999804
buy,high_vol,bollinger,0.9999,1.34533,10.1,15.149999999999999,1.5,0.25,tp,15.15,37.87,True,2025-06-20 00:15:00,2025-06-20 00:00:00,2532.3299999999804,2570.1999999999803
buy,low_vol,ema_flipped,0.9978,1.3466,11.3,16.950000000000003,1.5,0.23,sl,-11.3,-25.99,False,2025-06-20 22:00:00,2025-06-20 21:45:00,2570.1999999999803,2544.2099999999805
buy,high_vol,bollinger,1.0,1.34035,14.7,22.049999999999997,1.5,0.17,tp,22.05,37.49,True,2025-06-23 00:15:00,2025-06-23 00:00:00,2544.2099999999805,2581.6999999999803
buy,high_vol,bollinger,0.9823,1.34153,16.4,24.599999999999998,1.5,0.15,sl,-16.4,-24.6,False,2025-06-23 12:00:00,2025-06-23 11:45:00,2581.6999999999803,2557.0999999999804
buy,high_vol,bollinger,1.0,1.33968,18.8,28.200000000000003,1.5,0.14,sl,-18.8,-26.32,False,2025-06-23 12:15:00,2025-06-23 12:00:00,2557.0999999999804,2530.77999999998
buy,high_vol,bollinger,1.0,1.33771,20.4,30.599999999999998,1.5,0.12,tp,30.6,36.72,True,2025-06-23 12:30:00,2025-06-23 12:15:00,2530.77999999998,2567.49999999998
sell,high_vol,bollinger,1.0,1.34236,19.2,28.799999999999997,1.5,0.13,sl,-19.2,-24.96,False,2025-06-23 16:45:00,2025-06-23 16:30:00,2567.49999999998,2542.53999999998
sell,high_vol,bollinger,1.0,1.34618,22.9,34.349999999999994,1.5,0.11,sl,-22.9,-25.19,False,2025-06-23 17:15:00,2025-06-23 17:00:00,2542.53999999998,2517.34999999998
sell,high_vol,bollinger,1.0,1.35114,25.4,38.099999999999994,1.5,0.1,sl,-25.4,-25.4,False,2025-06-23 20:30:00,2025-06-23 20:15:00,2517.34999999998,2491.94999999998
sell,high_vol,bollinger,1.0,1.35204,22.3,33.45,1.5,0.11,sl,-22.3,-24.53,False,2025-06-23 20:45:00,2025-06-23 20:30:00,2491.94999999998,2467.4199999999796
buy,high_vol,bollinger,0.8297,1.35123,11.7,17.549999999999997,1.5,0.16,tp,17.55,28.08,True,2025-06-24 00:15:00,2025-06-24 00:00:00,2467.4199999999796,2495.4999999999795
sell,high_vol,bollinger,0.994,1.35441,12.2,18.299999999999997,1.5,0.2,sl,-12.2,-24.4,False,2025-06-24 01:30:00,2025-06-24 01:15:00,2495.4999999999795,2471.0999999999794
sell,high_vol,bollinger,0.9986,1.35895,12.6,18.9,1.5,0.2,tp,18.9,37.8,True,2025-06-24 09:30:00,2025-06-24 09:15:00,2471.0999999999794,2508.8999999999796
sell,high_vol,bollinger,0.9999,1.36093,20.3,30.450000000000003,1.5,0.12,sl,-20.3,-24.36,False,2025-06-24 12:15:00,2025-06-24 12:00:00,2508.8999999999796,2484.5399999999795
sell,high_vol,bollinger,1.0,1.36365,18.2,27.299999999999997,1.5,0.14,timeout,19.6,27.44,True,2025-06-24 17:30:00,2025-06-24 17:15:00,2484.5399999999795,2511.9799999999796
buy,high_vol,bollinger,0.9972,1.36153,13.1,19.65,1.5,0.19,sl,-13.1,-24.89,False,2025-06-25 11:00:00,2025-06-25 10:45:00,2511.9799999999796,2487.0899999999797
buy,high_vol,bollinger,1.0,1.37178,18.8,28.200000000000003,1.5,0.13,sl,-18.8,-24.44,False,2025-06-26 14:15:00,2025-06-26 14:00:00,2487.0899999999797,2462.6499999999796
sell,low_vol,ema_flipped,1.0,1.37288,10.1,15.149999999999999,1.5,0.24,sl,-10.1,-24.24,False,2025-06-30 08:00:00,2025-06-30 07:45:00,2462.6499999999796,2438.40999999998
buy,low_vol,ema_flipped,1.0,1.37,15.1,22.65,1.5,0.16,sl,-15.1,-24.16,False,2025-06-30 11:15:00,2025-06-30 11:00:00,2438.40999999998,2414.24999999998
sell,low_vol,ema_flipped,0.9633,1.37203,13.6,20.4,1.5,0.17,timeout,-9.0,-15.3,False,2025-06-30 22:30:00,2025-06-30 22:15:00,2414.24999999998,2398.94999999998
sell,high_vol,bollinger,1.0,1.37867,19.4,29.099999999999998,1.5,0.12,tp,29.1,34.92,True,2025-07-01 13:15:00,2025-07-01 13:00:00,2398.94999999998,2433.86999999998
buy,high_vol,bollinger,1.0,1.37546,18.9,28.349999999999998,1.5,0.13,sl,-18.9,-24.57,False,2025-07-01 15:00:00,2025-07-01 14:45:00,2433.86999999998,2409.2999999999797
sell,low_vol,ema_flipped,1.0,1.37465,8.3,12.450000000000001,1.5,0.29,tp,12.45,36.1,True,2025-07-01 23:45:00,2025-07-01 23:30:00,2409.2999999999797,2445.3999999999796
buy,low_vol,ema_flipped,1.0,1.37293,10.0,15.0,1.5,0.24,sl,-10.0,-24.0,False,2025-07-02 10:00:00,2025-07-02 09:45:00,2445.3999999999796,2421.3999999999796
buy,high_vol,bollinger,1.0,1.36638,19.0,28.5,1.5,0.13,sl,-19.0,-24.7,False,2025-07-02 15:00:00,2025-07-02 14:45:00,2421.3999999999796,2396.69999999998
buy,high_vol,bollinger,1.0,1.36386,21.4,32.099999999999994,1.5,0.11,sl,-21.4,-23.54,False,2025-07-02 15:15:00,2025-07-02 15:00:00,2396.69999999998,2373.15999999998
sell,high_vol,bollinger,1.0,1.36661,11.9,17.85,1.5,0.2,timeout,9.6,19.2,True,2025-07-03 00:45:00,2025-07-03 00:30:00,2373.15999999998,2392.3599999999797
buy,high_vol,bollinger,1.0,1.36383,8.9,13.350000000000001,1.5,0.27,sl,-8.9,-24.03,False,2025-07-03 05:15:00,2025-07-03 05:00:00,2392.3599999999797,2368.3299999999795
buy,high_vol,bollinger,0.9999,1.36311,9.7,14.549999999999999,1.5,0.24,tp,14.55,34.92,True,2025-07-03 05:30:00,2025-07-03 05:15:00,2368.3299999999795,2403.2499999999795
buy,high_vol,bollinger,1.0,1.36019,19.3,28.950000000000003,1.5,0.12,tp,28.95,34.74,True,2025-07-03 15:45:00,2025-07-03 15:30:00,2403.2499999999795,2437.9899999999793
sell,low_vol,ema_flipped,1.0,1.36644,6.0,9.0,1.5,0.41,tp,9.0,36.9,True,2025-07-04 02:45:00,2025-07-04 02:30:00,2437.9899999999793,2474.8899999999794
buy,low_vol,ema_flipped,1.0,1.36509,10.2,15.299999999999999,1.5,0.24,sl,-10.2,-24.48,False,2025-07-04 14:30:00,2025-07-04 14:15:00,2474.8899999999794,2450.4099999999794
buy,high_vol,bollinger,1.0,1.36236,16.2,24.299999999999997,1.5,0.15,sl,-16.2,-24.3,False,2025-07-07 19:30:00,2025-07-07 19:15:00,2450.4099999999794,2426.109999999979
buy,high_vol,bollinger,0.9993,1.36131,17.0,25.5,1.5,0.14,sl,-17.0,-23.8,False,2025-07-07 19:45:00,2025-07-07 19:30:00,2426.109999999979,2402.309999999979
buy,high_vol,bollinger,1.0,1.35959,17.6,26.400000000000002,1.5,0.14,tp,26.4,36.96,True,2025-07-07 20:00:00,2025-07-07 19:45:00,2402.309999999979,2439.269999999979
sell,low_vol,ema_flipped,0.9999,1.36324,10.8,16.200000000000003,1.5,0.23,sl,-10.8,-24.84,False,2025-07-08 05:15:00,2025-07-08 05:00:00,2439.269999999979,2414.429999999979
buy,low_vol,ema_flipped,0.9998,1.36065,13.9,20.85,1.5,0.17,sl,-13.9,-23.63,False,2025-07-08 12:45:00,2025-07-08 12:30:00,2414.429999999979,2390.799999999979
buy,high_vol,bollinger,0.8688,1.35629,14.7,22.049999999999997,1.5,0.13,sl,-14.7,-19.11,False,2025-07-08 16:15:00,2025-07-08 16:00:00,2390.799999999979,2371.6899999999787
buy,high_vol,bollinger,0.9094,1.35487,15.0,22.5,1.5,0.14,sl,-15.0,-21.0,False,2025-07-08 16:30:00,2025-07-08 16:15:00,2371.6899999999787,2350.6899999999787
sell,low_vol,ema_flipped,0.9985,1.36003,15.7,23.549999999999997,1.5,0.15,tp,23.55,35.33,True,2025-07-09 12:00:00,2025-07-09 11:45:00,2350.6899999999787,2386.0199999999786
buy,low_vol,ema_flipped,0.9999,1.35878,14.0,21.0,1.5,0.17,sl,-14.0,-23.8,False,2025-07-09 14:30:00,2025-07-09 14:15:00,2386.0199999999786,2362.2199999999784
sell,high_vol,bollinger,0.9873,1.36079,15.4,23.1,1.5,0.15,tp,23.1,34.65,True,2025-07-09 16:00:00,2025-07-09 15:45:00,2362.2199999999784,2396.8699999999785
sell,high_vol,bollinger,0.9846,1.35959,12.7,19.049999999999997,1.5,0.18,sl,-12.7,-22.86,False,2025-07-09 21:15:00,2025-07-09 21:00:00,2396.8699999999785,2374.0099999999784
sell,low_vol,ema_flipped,1.0,1.35946,11.1,16.65,1.5,0.21,sl,-11.1,-23.31,False,2025-07-09 23:00:00,2025-07-09 22:45:00,2374.0099999999784,2350.6999999999784
buy,low_vol,ema_flipped,1.0,1.35883,10.9,16.35,1.5,0.22,tp,16.35,35.97,True,2025-07-09 23:45:00,2025-07-09 23:30:00,2350.6999999999784,2386.6699999999782
sell,low_vol,ema_flipped,1.0,1.36031,7.3,10.95,1.5,0.33,sl,-7.3,-24.09,False,2025-07-10 03:15:00,2025-07-10 03:00:00,2386.6699999999782,2362.579999999978
buy,low_vol,ema_flipped,0.9967,1.35773,12.5,18.75,1.5,0.19,sl,-12.5,-23.75,False,2025-07-10 15:15:00,2025-07-10 15:00:00,2362.579999999978,2338.829999999978
buy,high_vol,bollinger,0.9285,1.35541,11.1,16.65,1.5,0.19,timeout,6.7,12.73,True,2025-07-11 03:30:00,2025-07-11 03:15:00,2338.829999999978,2351.559999999978
buy,high_vol,bollinger,1.0,1.35422,10.8,16.200000000000003,1.5,0.22,sl,-10.8,-23.76,False,2025-07-11 09:15:00,2025-07-11 09:00:00,2351.559999999978,2327.799999999978
buy,high_vol,bollinger,1.0,1.35201,16.2,24.299999999999997,1.5,0.14,sl,-16.2,-22.68,False,2025-07-11 14:30:00,2025-07-11 14:15:00,2327.799999999978,2305.119999999978
buy,high_vol,bollinger,0.8839,1.346,15.2,22.799999999999997,1.5,0.13,sl,-15.2,-19.76,False,2025-07-14 17:45:00,2025-07-14 17:30:00,2305.119999999978,2285.359999999978
buy,high_vol,bollinger,0.9645,1.34483,16.5,24.75,1.5,0.13,sl,-16.5,-21.45,False,2025-07-14 18:00:00,2025-07-14 17:45:00,2285.359999999978,2263.909999999978
buy,high_vol,bollinger,1.0,1.34101,20.6,30.900000000000002,1.5,0.11,sl,-20.6,-22.66,False,2025-07-15 16:45:00,2025-07-15 16:30:00,2263.909999999978,2241.249999999978
sell,high_vol,bollinger,1.0,1.34135,24.6,36.900000000000006,1.5,0.09,sl,-24.6,-22.14,False,2025-07-16 18:15:00,2025-07-16 18:00:00,2241.249999999978,2219.1099999999783
sell,high_vol,bollinger,1.0,1.34558,30.0,45.0,1.5,0.07,tp,45.0,31.5,True,2025-07-16 18:30:00,2025-07-16 18:15:00,2219.1099999999783,2250.6099999999783
buy,low_vol,ema_flipped,1.0,1.34006,7.7,11.55,1.5,0.29,sl,-7.7,-22.33,False,2025-07-17 04:45:00,2025-07-17 04:30:00,2250.6099999999783,2228.2799999999784
buy,high_vol,bollinger,0.9891,1.33788,10.4,15.600000000000001,1.5,0.21,tp,15.6,32.76,True,2025-07-17 09:30:00,2025-07-17 09:15:00,2228.2799999999784,2261.0399999999786
sell,high_vol,bollinger,1.0,1.34105,16.4,24.599999999999998,1.5,0.14,sl,-16.4,-22.96,False,2025-07-17 17:30:00,2025-07-17 17:15:00,2261.0399999999786,2238.0799999999786
buy,low_vol,ema_flipped,1.0,1.34183,10.9,16.35,1.5,0.21,sl,-10.9,-22.89,False,2025-07-18 21:30:00,2025-07-18 21:15:00,2238.0799999999786,2215.1899999999787
sell,high_vol,bollinger,0.9957,1.3421,8.7,13.049999999999999,1.5,0.25,tp,13.05,32.62,True,2025-07-21 00:45:00,2025-07-21 00:30:00,2215.1899999999787,2247.8099999999786
sell,low_vol,ema_flipped,0.9999,1.34428,7.7,11.55,1.5,0.29,sl,-7.7,-22.33,False,2025-07-21 10:00:00,2025-07-21 09:45:00,2247.8099999999786,2225.4799999999786
sell,high_vol,bollinger,1.0,1.35,15.0,22.5,1.5,0.15,sl,-15.0,-22.5,False,2025-07-22 18:00:00,2025-07-22 17:45:00,2225.4799999999786,2202.9799999999786
sell,high_vol,bollinger,0.9986,1.35052,15.9,23.85,1.5,0.14,sl,-15.9,-22.26,False,2025-07-22 18:15:00,2025-07-22 18:00:00,2202.9799999999786,2180.7199999999784
buy,low_vol,ema_flipped,0.9999,1.35452,11.0,16.5,1.5,0.2,sl,-11.0,-22.0,False,2025-07-24 12:45:00,2025-07-24 12:30:00,2180.7199999999784,2158.7199999999784
buy,high_vol,bollinger,0.9959,1.3509,9.9,14.850000000000001,1.5,0.22,sl,-9.9,-21.78,False,2025-07-24 23:00:00,2025-07-24 22:45:00,2158.7199999999784,2136.939999999978
buy,high_vol,bollinger,1.0,1.34293,13.9,20.85,1.5,0.15,sl,-13.9,-20.85,False,2025-07-25 15:45:00,2025-07-25 15:30:00,2136.939999999978,2116.0899999999783
buy,high_vol,bollinger,0.7245,1.34143,10.0,15.0,1.5,0.13,tp,15.0,19.5,True,2025-07-28 09:30:00,2025-07-28 09:15:00,2116.0899999999783,2135.5899999999783
sell,high_vol,bollinger,0.999,1.34266,14.1,21.15,1.5,0.15,tp,21.15,31.73,True,2025-07-28 15:00:00,2025-07-28 14:45:00,2135.5899999999783,2167.3199999999783
buy,high_vol,bollinger,1.0,1.33341,13.8,20.700000000000003,1.5,0.16,sl,-13.8,-22.08,False,2025-07-29 14:45:00,2025-07-29 14:30:00,2167.3199999999783,2145.2399999999784
sell,low_vol,ema_flipped,1.0,1.33648,6.7,10.05,1.5,0.32,tp,10.05,32.16,True,2025-07-30 04:00:00,2025-07-30 03:45:00,2145.2399999999784,2177.3999999999783
buy,low_vol,ema_flipped,1.0,1.33487,8.5,12.75,1.5,0.26,tp,12.75,33.15,True,2025-07-30 09:00:00,2025-07-30 08:45:00,2177.3999999999783,2210.5499999999784
sell,low_vol,ema_flipped,1.0,1.33552,8.9,13.350000000000001,1.5,0.25,sl,-8.9,-22.25,False,2025-07-30 09:45:00,2025-07-30 09:30:00,2210.5499999999784,2188.2999999999784
buy,high_vol,bollinger,1.0,1.33291,17.3,25.950000000000003,1.5,0.13,sl,-17.3,-22.49,False,2025-07-30 15:45:00,2025-07-30 15:30:00,2188.2999999999784,2165.8099999999786
buy,high_vol,bollinger,1.0,1.331,18.8,28.200000000000003,1.5,0.12,sl,-18.8,-22.56,False,2025-07-30 16:00:00,2025-07-30 15:45:00,2165.8099999999786,2143.2499999999786
buy,high_vol,bollinger,1.0,1.32741,21.1,31.650000000000002,1.5,0.1,tp,31.65,31.65,True,2025-07-30 19:00:00,2025-07-30 18:45:00,2143.2499999999786,2174.8999999999787
buy,high_vol,bollinger,1.0,1.324,19.1,28.650000000000002,1.5,0.11,tp,28.65,31.51,True,2025-07-30 22:00:00,2025-07-30 21:45:00,2174.8999999999787,2206.409999999979
buy,high_vol,bollinger,1.0,1.32544,12.2,18.299999999999997,1.5,0.18,sl,-12.2,-21.96,False,2025-07-31 10:30:00,2025-07-31 10:15:00,2206.409999999979,2184.449999999979
buy,high_vol,bollinger,1.0,1.3205,18.4,27.599999999999998,1.5,0.12,sl,-18.4,-22.08,False,2025-07-31 16:15:00,2025-07-31 16:00:00,2184.449999999979,2162.369999999979
buy,high_vol,bollinger,0.6543,1.31814,13.1,19.65,1.5,0.08,sl,-13.1,-10.48,False,2025-08-01 11:15:00,2025-08-01 11:00:00,2162.369999999979,2151.889999999979
buy,high_vol,bollinger,0.9977,1.31683,14.6,21.9,1.5,0.15,sl,-14.6,-21.9,False,2025-08-01 11:45:00,2025-08-01 11:30:00,2151.889999999979,2129.989999999979
buy,high_vol,bollinger,1.0,1.31442,16.4,24.599999999999998,1.5,0.13,tp,24.6,31.98,True,2025-08-01 15:30:00,2025-08-01 15:15:00,2129.989999999979,2161.969999999979
sell,high_vol,bollinger,1.0,1.32884,31.2,46.8,1.5,0.07,tp,46.8,32.76,True,2025-08-01 15:45:00,2025-08-01 15:30:00,2161.969999999979,2194.729999999979
buy,high_vol,bollinger,1.0,1.32211,28.0,42.0,1.5,0.08,tp,42.0,33.6,True,2025-08-01 20:15:00,2025-08-01 20:00:00,2194.729999999979,2228.329999999979
sell,high_vol,bollinger,1.0,1.32708,22.5,33.75,1.5,0.1,sl,-22.5,-22.5,False,2025-08-01 22:45:00,2025-08-01 22:30:00,2228.329999999979,2205.829999999979
sell,high_vol,bollinger,1.0,1.32857,11.7,17.549999999999997,1.5,0.19,tp,17.55,33.34,True,2025-08-04 02:45:00,2025-08-04 02:30:00,2205.829999999979,2239.169999999979
sell,high_vol,bollinger,1.0,1.32903,11.5,17.25,1.5,0.19,tp,17.25,32.77,True,2025-08-04 03:00:00,2025-08-04 02:45:00,2239.169999999979,2271.939999999979
sell,high_vol,bollinger,1.0,1.32901,18.2,27.299999999999997,1.5,0.12,sl,-18.2,-21.84,False,2025-08-04 12:15:00,2025-08-04 12:00:00,2271.939999999979,2250.099999999979
sell,high_vol,bollinger,1.0,1.32957,18.5,27.75,1.5,0.12,sl,-18.5,-22.2,False,2025-08-04 12:30:00,2025-08-04 12:15:00,2250.099999999979,2227.899999999979
buy,high_vol,bollinger,0.9997,1.32745,19.1,28.650000000000002,1.5,0.12,tp,28.65,34.38,True,2025-08-05 14:15:00,2025-08-05 14:00:00,2227.899999999979,2262.2799999999793
sell,high_vol,bollinger,0.9983,1.32919,17.7,26.549999999999997,1.5,0.13,sl,-17.7,-23.01,False,2025-08-05 16:30:00,2025-08-05 16:15:00,2262.2799999999793,2239.269999999979
sell,high_vol,bollinger,1.0,1.33025,21.1,31.650000000000002,1.5,0.11,sl,-21.1,-23.21,False,2025-08-05 18:15:00,2025-08-05 18:00:00,2239.269999999979,2216.059999999979
sell,high_vol,bollinger,1.0,1.34264,16.5,24.75,1.5,0.13,tp,24.75,32.18,True,2025-08-07 14:15:00,2025-08-07 14:00:00,2216.059999999979,2248.239999999979
buy,high_vol,bollinger,1.0,1.34043,23.2,34.8,1.5,0.1,tp,34.8,34.8,True,2025-08-07 17:45:00,2025-08-07 17:30:00,2248.239999999979,2283.039999999979
sell,high_vol,bollinger,1.0,1.34376,12.2,18.299999999999997,1.5,0.19,sl,-12.2,-23.18,False,2025-08-07 22:45:00,2025-08-07 22:30:00,2283.039999999979,2259.859999999979
buy,low_vol,ema_flipped,0.9999,1.34255,12.9,19.35,1.5,0.18,sl,-12.9,-23.22,False,2025-08-11 15:15:00,2025-08-11 15:00:00,2259.859999999979,2236.6399999999794
sell,low_vol,ema_flipped,0.9997,1.34442,13.3,19.950000000000003,1.5,0.17,sl,-13.3,-22.61,False,2025-08-12 10:15:00,2025-08-12 10:00:00,2236.6399999999794,2214.0299999999793
sell,high_vol,bollinger,1.0,1.34988,16.4,24.599999999999998,1.5,0.14,tp,24.6,34.44,True,2025-08-12 15:45:00,2025-08-12 15:30:00,2214.0299999999793,2248.4699999999793
sell,high_vol,bollinger,1.0,1.35141,30.5,45.75,1.5,0.07,timeout,11.1,7.77,True,2025-08-12 18:30:00,2025-08-12 18:15:00,2248.4699999999793,2256.2399999999793
sell,high_vol,bollinger,1.0,1.35401,8.9,13.350000000000001,1.5,0.25,sl,-8.9,-22.25,False,2025-08-13 10:15:00,2025-08-13 10:00:00,2256.2399999999793,2233.9899999999793
buy,high_vol,bollinger,1.0,1.35541,16.6,24.900000000000002,1.5,0.13,sl,-16.6,-21.58,False,2025-08-14 16:00:00,2025-08-14 15:45:00,2233.9899999999793,2212.4099999999794
sell,low_vol,ema_flipped,1.0,1.35521,6.6,9.899999999999999,1.5,0.34,sl,-6.6,-22.44,False,2025-08-15 10:00:00,2025-08-15 09:45:00,2212.4099999999794,2189.9699999999793
buy,low_vol,ema_flipped,1.0,1.35459,7.6,11.399999999999999,1.5,0.29,sl,-7.6,-22.04,False,2025-08-18 10:00:00,2025-08-18 09:45:00,2189.9699999999793,2167.9299999999794
sell,low_vol,ema_flipped,1.0,1.35207,9.8,14.700000000000001,1.5,0.22,tp,14.7,32.34,True,2025-08-19 15:00:00,2025-08-19 14:45:00,2167.9299999999794,2200.2699999999795
buy,low_vol,ema_flipped,1.0,1.35094,11.0,16.5,1.5,0.2,sl,-11.0,-22.0,False,2025-08-19 15:45:00,2025-08-19 15:30:00,2200.2699999999795,2178.2699999999795
sell,high_vol,bollinger,0.9993,1.34997,9.3,13.950000000000001,1.5,0.23,sl,-9.3,-21.39,False,2025-08-20 09:15:00,2025-08-20 09:00:00,2178.2699999999795,2156.8799999999796
buy,high_vol,bollinger,0.9464,1.34726,12.9,19.35,1.5,0.15,tp,19.35,29.03,True,2025-08-20 15:00:00,2025-08-20 14:45:00,2156.8799999999796,2185.90999999998
sell,low_vol,ema_flipped,1.0,1.34677,11.9,17.85,1.5,0.18,tp,17.85,32.13,True,2025-08-21 14:15:00,2025-08-21 14:00:00,2185.90999999998,2218.03999999998
buy,low_vol,ema_flipped,1.0,1.34611,12.2,18.299999999999997,1.5,0.18,sl,-12.2,-21.96,False,2025-08-21 14:30:00,2025-08-21 14:15:00,2218.03999999998,2196.07999999998
buy,high_vol,bollinger,0.9988,1.34274,16.1,24.150000000000002,1.5,0.14,sl,-16.1,-22.54,False,2025-08-21 17:00:00,2025-08-21 16:45:00,2196.07999999998,2173.53999999998
sell,high_vol,bollinger,1.0,1.34922,17.2,25.799999999999997,1.5,0.13,sl,-17.2,-22.36,False,2025-08-22 17:15:00,2025-08-22 17:00:00,2173.53999999998,2151.17999999998
buy,low_vol,ema_flipped,0.9998,1.34829,10.9,16.35,1.5,0.2,sl,-10.9,-21.8,False,2025-08-25 20:45:00,2025-08-25 20:30:00,2151.17999999998,2129.3799999999796
sell,high_vol,bollinger,1.0,1.34771,10.8,16.200000000000003,1.5,0.2,sl,-10.8,-21.6,False,2025-08-26 03:15:00,2025-08-26 03:00:00,2129.3799999999796,2107.7799999999797
buy,high_vol,bollinger,0.9997,1.34566,15.5,23.25,1.5,0.14,sl,-15.5,-21.7,False,2025-08-26 06:15:00,2025-08-26 06:00:00,2107.7799999999797,2086.07999999998
buy,high_vol,bollinger,0.9997,1.34461,11.7,17.549999999999997,1.5,0.18,tp,17.55,31.59,True,2025-08-26 10:15:00,2025-08-26 10:00:00,2086.07999999998,2117.66999999998
sell,low_vol,ema_flipped,0.9999,1.34856,10.8,16.200000000000003,1.5,0.2,tp,16.2,32.4,True,2025-08-26 14:45:00,2025-08-26 14:30:00,2117.66999999998,2150.06999999998
buy,low_vol,ema_flipped,1.0,1.34711,5.3,7.949999999999999,1.5,0.41,sl,-5.3,-21.73,False,2025-08-27 04:30:00,2025-08-27 04:15:00,2150.06999999998,2128.33999999998
sell,low_vol,ema_flipped,0.9999,1.34852,13.8,20.700000000000003,1.5,0.15,sl,-13.8,-20.7,False,2025-08-27 19:45:00,2025-08-27 19:30:00,2128.33999999998,2107.6399999999803
buy,high_vol,bollinger,0.9999,1.35036,13.3,19.950000000000003,1.5,0.16,sl,-13.3,-21.28,False,2025-08-28 16:00:00,2025-08-28 15:45:00,2107.6399999999803,2086.35999999998
buy,low_vol,ema_flipped,1.0,1.35025,8.2,12.299999999999999,1.5,0.25,sl,-8.2,-20.5,False,2025-08-29 06:00:00,2025-08-29 05:45:00,2086.35999999998,2065.85999999998
buy,low_vol,ema_flipped,1.0,1.35298,7.6,11.399999999999999,1.5,0.27,sl,-7.6,-20.52,False,2025-09-02 07:45:00,2025-09-02 07:30:00,2065.85999999998,2045.3399999999801
buy,high_vol,bollinger,1.0,1.34648,15.1,22.65,1.5,0.14,sl,-15.1,-21.14,False,2025-09-02 10:15:00,2025-09-02 10:00:00,2045.3399999999801,2024.19999999998
buy,high_vol,bollinger,1.0,1.34437,18.8,28.200000000000003,1.5,0.11,sl,-18.8,-20.68,False,2025-09-02 10:30:00,2025-09-02 10:15:00,2024.19999999998,2003.51999999998
buy,high_vol,bollinger,1.0,1.33528,25.8,38.7,1.5,0.08,tp,38.7,30.96,True,2025-09-02 15:30:00,2025-09-02 15:15:00,2003.51999999998,2034.47999999998
buy,high_vol,bollinger,1.0,1.33447,25.0,37.5,1.5,0.08,tp,37.5,30.0,True,2025-09-02 15:45:00,2025-09-02 15:30:00,2034.47999999998,2064.47999999998
buy,high_vol,bollinger,1.0,1.33776,14.0,21.0,1.5,0.15,sl,-14.0,-21.0,False,2025-09-02 21:30:00,2025-09-02 21:15:00,2064.47999999998,2043.47999999998
sell,high_vol,bollinger,1.0,1.3451,13.0,19.5,1.5,0.16,tp,19.5,31.2,True,2025-09-04 11:45:00,2025-09-04 11:30:00,2043.47999999998,2074.67999999998
sell,low_vol,ema_flipped,0.9101,1.34362,7.5,11.25,1.5,0.24,tp,11.25,27.0,True,2025-09-04 23:45:00,2025-09-04 23:30:00,2074.67999999998,2101.67999999998
buy,low_vol,ema_flipped,0.9953,1.34283,7.8,11.7,1.5,0.27,tp,11.7,31.59,True,2025-09-05 00:30:00,2025-09-05 00:15:00,2101.67999999998,2133.26999999998
sell,low_vol,ema_flipped,0.9999,1.34327,7.3,10.95,1.5,0.29,sl,-7.3,-21.17,False,2025-09-05 01:00:00,2025-09-05 00:45:00,2133.26999999998,2112.09999999998
sell,high_vol,bollinger,1.0,1.35143,18.2,27.299999999999997,1.5,0.12,sl,-18.2,-21.84,False,2025-09-05 15:45:00,2025-09-05 15:30:00,2112.09999999998,2090.2599999999798
sell,high_vol,bollinger,0.7606,1.35221,12.4,18.6,1.5,0.11,sl,-12.4,-13.64,False,2025-09-08 13:45:00,2025-09-08 13:30:00,2090.2599999999798,2076.61999999998
sell,high_vol,bollinger,0.7169,1.35296,12.9,19.35,1.5,0.1,sl,-12.9,-12.9,False,2025-09-08 14:00:00,2025-09-08 13:45:00,2076.61999999998,2063.71999999998
buy,high_vol,bollinger,1.0,1.35442,15.9,23.85,1.5,0.13,sl,-15.9,-20.67,False,2025-09-09 17:15:00,2025-09-09 17:00:00,2063.71999999998,2043.0499999999797
buy,high_vol,bollinger,0.8785,1.35266,14.3,21.450000000000003,1.5,0.12,sl,-14.3,-17.16,False,2025-09-09 21:00:00,2025-09-09 20:45:00,2043.0499999999797,2025.8899999999796
buy,high_vol,bollinger,0.9899,1.35271,8.7,13.049999999999999,1.5,0.23,tp,13.05,30.01,True,2025-09-10 10:00:00,2025-09-10 09:45:00,2025.8899999999796,2055.8999999999796
sell,high_vol,bollinger,1.0,1.35501,17.5,26.25,1.5,0.12,tp,26.25,31.5,True,2025-09-10 16:45:00,2025-09-10 16:30:00,2055.8999999999796,2087.3999999999796
buy,low_vol,ema_flipped,1.0,1.35267,8.8,13.200000000000001,1.5,0.24,sl,-8.8,-21.12,False,2025-09-10 22:30:00,2025-09-10 22:15:00,2087.3999999999796,2066.2799999999797
sell,high_vol,bollinger,1.0,1.35341,20.1,30.150000000000002,1.5,0.1,sl,-20.1,-20.1,False,2025-09-11 15:45:00,2025-09-11 15:30:00,2066.2799999999797,2046.1799999999798
sell,high_vol,bollinger,1.0,1.35448,21.8,32.7,1.5,0.09,sl,-21.8,-19.62,False,2025-09-11 16:00:00,2025-09-11 15:45:00,2046.1799999999798,2026.55999999998
buy,high_vol,bollinger,0.9997,1.3541,12.5,18.75,1.5,0.16,sl,-12.5,-20.0,False,2025-09-12 15:15:00,2025-09-12 15:00:00,2026.55999999998,2006.55999999998
buy,high_vol,bollinger,1.0,1.35312,13.2,19.799999999999997,1.5,0.15,tp,19.8,29.7,True,2025-09-12 15:45:00,2025-09-12 15:30:00,2006.55999999998,2036.25999999998
sell,high_vol,bollinger,0.9764,1.35571,13.5,20.25,1.5,0.15,sl,-13.5,-20.25,False,2025-09-12 17:15:00,2025-09-12 17:00:00,2036.25999999998,2016.00999999998
sell,high_vol,bollinger,0.9991,1.35648,14.3,21.450000000000003,1.5,0.14,tp,21.45,30.03,True,2025-09-12 17:30:00,2025-09-12 17:15:00,2016.00999999998,2046.03999999998
buy,high_vol,bollinger,0.7607,1.35421,8.0,12.0,1.5,0.17,tp,12.0,20.4,True,2025-09-15 00:30:00,2025-09-15 00:15:00,2046.03999999998,2066.43999999998
sell,high_vol,bollinger,1.0,1.36076,15.5,23.25,1.5,0.13,sl,-15.5,-20.15,False,2025-09-15 13:30:00,2025-09-15 13:15:00,2066.43999999998,2046.28999999998
sell,high_vol,bollinger,0.9906,1.36537,14.8,22.200000000000003,1.5,0.14,sl,-14.8,-20.72,False,2025-09-16 16:30:00,2025-09-16 16:15:00,2046.28999999998,2025.56999999998
sell,high_vol,bollinger,1.0,1.36967,15.0,22.5,1.5,0.14,tp,22.5,31.5,True,2025-09-17 21:15:00,2025-09-17 21:00:00,2025.56999999998,2057.0699999999797
buy,high_vol,bollinger,0.8349,1.36244,9.4,14.100000000000001,1.5,0.17,sl,-9.4,-15.98,False,2025-09-18 03:15:00,2025-09-18 03:00:00,2057.0699999999797,2041.0899999999797
buy,high_vol,bollinger,1.0,1.36305,15.7,23.549999999999997,1.5,0.13,sl,-15.7,-20.41,False,2025-09-18 14:15:00,2025-09-18 14:00:00,2041.0899999999797,2020.6799999999796
buy,high_vol,bollinger,1.0,1.3625,16.0,24.0,1.5,0.13,sl,-16.0,-20.8,False,2025-09-18 14:30:00,2025-09-18 14:15:00,2020.6799999999796,1999.8799999999796
buy,high_vol,bollinger,1.0,1.35412,22.4,33.599999999999994,1.5,0.09,timeout,2.2,1.98,True,2025-09-18 16:45:00,2025-09-18 16:30:00,1999.8799999999796,2001.8599999999797
buy,high_vol,bollinger,1.0,1.35211,12.6,18.9,1.5,0.16,sl,-12.6,-20.16,False,2025-09-19 09:15:00,2025-09-19 09:00:00,2001.8599999999797,1981.6999999999796
buy,high_vol,bollinger,1.0,1.35046,14.0,21.0,1.5,0.14,sl,-14.0,-19.6,False,2025-09-19 09:30:00,2025-09-19 09:15:00,1981.6999999999796,1962.0999999999797
buy,high_vol,bollinger,0.9996,1.34907,15.5,23.25,1.5,0.13,sl,-15.5,-20.15,False,2025-09-19 14:15:00,2025-09-19 14:00:00,1962.0999999999797,1941.9499999999796
sell,high_vol,bollinger,0.9999,1.34962,13.3,19.950000000000003,1.5,0.15,sl,-13.3,-19.95,False,2025-09-22 11:15:00,2025-09-22 11:00:00,1941.9499999999796,1921.9999999999795
sell,low_vol,ema_flipped,0.9995,1.34987,14.2,21.299999999999997,1.5,0.14,sl,-14.2,-19.88,False,2025-09-22 13:15:00,2025-09-22 13:00:00,1921.9999999999795,1902.1199999999794
buy,high_vol,bollinger,1.0,1.34982,15.2,22.799999999999997,1.5,0.13,tp,22.8,29.64,True,2025-09-23 11:45:00,2025-09-23 11:30:00,1902.1199999999794,1931.7599999999795
sell,high_vol,bollinger,0.9998,1.35279,13.4,20.1,1.5,0.14,tp,20.1,28.14,True,2025-09-23 16:15:00,2025-09-23 16:00:00,1931.7599999999795,1959.8999999999796
buy,low_vol,ema_flipped,1.0,1.35098,7.5,11.25,1.5,0.26,sl,-7.5,-19.5,False,2025-09-24 06:30:00,2025-09-24 06:15:00,1959.8999999999796,1940.3999999999796
buy,high_vol,bollinger,0.8196,1.34507,13.5,20.25,1.5,0.11,sl,-13.5,-14.85,False,2025-09-24 15:45:00,2025-09-24 15:30:00,1940.3999999999796,1925.5499999999797
buy,high_vol,bollinger,0.9788,1.34359,15.5,23.25,1.5,0.12,tp,23.25,27.9,True,2025-09-24 16:15:00,2025-09-24 16:00:00,1925.5499999999797,1953.4499999999798
buy,high_vol,bollinger,0.9873,1.3433,13.8,20.700000000000003,1.5,0.14,sl,-13.8,-19.32,False,2025-09-25 14:15:00,2025-09-25 14:00:00,1953.4499999999798,1934.1299999999799
buy,high_vol,bollinger,1.0,1.34193,12.7,19.049999999999997,1.5,0.15,sl,-12.7,-19.05,False,2025-09-25 14:45:00,2025-09-25 14:30:00,1934.1299999999799,1915.07999999998
buy,high_vol,bollinger,1.0,1.33896,14.8,22.200000000000003,1.5,0.13,sl,-14.8,-19.24,False,2025-09-25 15:45:00,2025-09-25 15:30:00,1915.07999999998,1895.83999999998
buy,high_vol,bollinger,0.9999,1.33287,17.2,25.799999999999997,1.5,0.11,tp,25.8,28.38,True,2025-09-25 20:30:00,2025-09-25 20:15:00,1895.83999999998,1924.21999999998
sell,high_vol,bollinger,0.96,1.3447,10.9,16.35,1.5,0.17,tp,16.35,27.8,True,2025-09-29 15:00:00,2025-09-29 14:45:00,1924.21999999998,1952.01999999998
buy,high_vol,bollinger,0.8423,1.34302,15.2,22.799999999999997,1.5,0.1,sl,-15.2,-15.2,False,2025-09-29 17:15:00,2025-09-29 17:00:00,1952.01999999998,1936.81999999998
buy,high_vol,bollinger,0.9985,1.34265,12.2,18.299999999999997,1.5,0.16,tp,18.3,29.28,True,2025-09-30 14:15:00,2025-09-30 14:00:00,1936.81999999998,1966.09999999998
sell,high_vol,bollinger,1.0,1.34999,18.0,27.0,1.5,0.11,sl,-18.0,-19.8,False,2025-10-01 15:30:00,2025-10-01 15:15:00,1966.09999999998,1946.29999999998
buy,high_vol,bollinger,1.0,1.3486,27.6,41.400000000000006,1.5,0.07,sl,-27.6,-19.32,False,2025-10-01 18:15:00,2025-10-01 18:00:00,1946.29999999998,1926.97999999998
buy,high_vol,bollinger,0.9995,1.34671,12.2,18.299999999999997,1.5,0.16,sl,-12.2,-19.52,False,2025-10-02 16:00:00,2025-10-02 15:45:00,1926.97999999998,1907.45999999998
buy,high_vol,bollinger,0.9997,1.34578,12.4,18.6,1.5,0.15,sl,-12.4,-18.6,False,2025-10-02 16:15:00,2025-10-02 16:00:00,1907.45999999998,1888.8599999999801
buy,high_vol,bollinger,1.0,1.34378,14.6,21.9,1.5,0.13,sl,-14.6,-18.98,False,2025-10-02 16:45:00,2025-10-02 16:30:00,1888.8599999999801,1869.87999999998
sell,high_vol,bollinger,0.9788,1.34555,10.8,16.200000000000003,1.5,0.17,sl,-10.8,-18.36,False,2025-10-03 10:45:00,2025-10-03 10:30:00,1869.87999999998,1851.5199999999802
buy,high_vol,bollinger,1.0,1.34425,12.8,19.200000000000003,1.5,0.14,sl,-12.8,-17.92,False,2025-10-06 00:15:00,2025-10-06 00:00:00,1851.5199999999802,1833.5999999999801
sell,high_vol,bollinger,0.9918,1.34575,13.6,20.4,1.5,0.13,tp,20.4,26.52,True,2025-10-06 10:30:00,2025-10-06 10:15:00,1833.5999999999801,1860.11999999998
sell,high_vol,bollinger,0.9999,1.34555,13.2,19.799999999999997,1.5,0.14,sl,-13.2,-18.48,False,2025-10-06 16:45:00,2025-10-06 16:30:00,1860.11999999998,1841.63999999998
sell,low_vol,ema_flipped,0.7317,1.34766,13.6,20.4,1.5,0.08,sl,-13.6,-10.88,False,2025-10-06 17:45:00,2025-10-06 17:30:00,1841.63999999998,1830.75999999998
buy,low_vol,ema_flipped,0.9994,1.34514,8.9,13.350000000000001,1.5,0.21,sl,-8.9,-18.69,False,2025-10-07 09:30:00,2025-10-07 09:15:00,1830.75999999998,1812.06999999998
buy,high_vol,bollinger,1.0,1.34358,11.9,17.85,1.5,0.15,sl,-11.9,-17.85,False,2025-10-07 10:15:00,2025-10-07 10:00:00,1812.06999999998,1794.21999999998
buy,high_vol,bollinger,1.0,1.34261,11.0,16.5,1.5,0.16,sl,-11.0,-17.6,False,2025-10-07 14:00:00,2025-10-07 13:45:00,1794.21999999998,1776.61999999998
buy,high_vol,bollinger,1.0,1.34196,11.4,17.1,1.5,0.16,sl,-11.4,-18.24,False,2025-10-07 14:15:00,2025-10-07 14:00:00,1776.61999999998,1758.37999999998
buy,high_vol,bollinger,1.0,1.34062,12.4,18.6,1.5,0.14,sl,-12.4,-17.36,False,2025-10-07 14:30:00,2025-10-07 14:15:00,1758.37999999998,1741.0199999999802
sell,high_vol,bollinger,0.9992,1.34376,14.8,22.200000000000003,1.5,0.12,sl,-14.8,-17.76,False,2025-10-07 18:15:00,2025-10-07 18:00:00,1741.0199999999802,1723.2599999999802
sell,low_vol,ema_flipped,1.0,1.34158,8.0,12.0,1.5,0.22,tp,12.0,26.4,True,2025-10-09 05:45:00,2025-10-09 05:30:00,1723.2599999999802,1749.6599999999803
buy,high_vol,bollinger,0.9999,1.33935,8.9,13.350000000000001,1.5,0.2,sl,-8.9,-17.8,False,2025-10-09 09:15:00,2025-10-09 09:00:00,1749.6599999999803,1731.8599999999803
buy,high_vol,bollinger,1.0,1.3375,10.8,16.200000000000003,1.5,0.16,sl,-10.8,-17.28,False,2025-10-09 09:30:00,2025-10-09 09:15:00,1731.8599999999803,1714.5799999999804
sell,high_vol,bollinger,1.0,1.33777,19.7,29.549999999999997,1.5,0.09,tp,29.55,26.6,True,2025-10-09 12:30:00,2025-10-09 12:15:00,1714.5799999999804,1741.1799999999803
buy,high_vol,bollinger,1.0,1.33588,18.0,27.0,1.5,0.1,sl,-18.0,-18.0,False,2025-10-09 16:45:00,2025-10-09 16:30:00,1741.1799999999803,1723.1799999999803
buy,high_vol,bollinger,1.0,1.32626,15.5,23.25,1.5,0.11,tp,23.25,25.57,True,2025-10-10 14:00:00,2025-10-10 13:45:00,1723.1799999999803,1748.7499999999802
sell,high_vol,bollinger,1.0,1.32941,14.9,22.35,1.5,0.12,sl,-14.9,-17.88,False,2025-10-10 17:45:00,2025-10-10 17:30:00,1748.7499999999802,1730.86999999998
sell,high_vol,bollinger,1.0,1.33023,16.2,24.299999999999997,1.5,0.11,sl,-16.2,-17.82,False,2025-10-10 18:00:00,2025-10-10 17:45:00,1730.86999999998,1713.0499999999802
sell,high_vol,bollinger,1.0,1.33465,22.8,34.2,1.5,0.08,timeout,12.8,10.24,True,2025-10-10 18:15:00,2025-10-10 18:00:00,1713.0499999999802,1723.2899999999802
buy,high_vol,bollinger,1.0,1.33296,12.3,18.450000000000003,1.5,0.14,tp,18.45,25.83,True,2025-10-13 00:30:00,2025-10-13 00:15:00,1723.2899999999802,1749.11999999998
sell,high_vol,bollinger,0.8468,1.33631,8.9,13.350000000000001,1.5,0.15,tp,13.35,20.03,True,2025-10-13 09:30:00,2025-10-13 09:15:00,1749.11999999998,1769.14999999998
buy,high_vol,bollinger,1.0,1.33326,11.9,17.85,1.5,0.15,sl,-11.9,-17.85,False,2025-10-13 10:15:00,2025-10-13 10:00:00,1769.14999999998,1751.2999999999802
sell,high_vol,bollinger,1.0,1.33467,13.5,20.25,1.5,0.13,tp,20.25,26.32,True,2025-10-13 14:15:00,2025-10-13 14:00:00,1751.2999999999802,1777.61999999998
buy,high_vol,bollinger,1.0,1.33248,14.7,22.049999999999997,1.5,0.12,timeout,7.4,8.88,True,2025-10-13 17:15:00,2025-10-13 17:00:00,1777.61999999998,1786.4999999999802
buy,high_vol,bollinger,1.0,1.3322,14.9,22.35,1.5,0.12,timeout,10.2,12.24,True,2025-10-13 17:30:00,2025-10-13 17:15:00,1786.4999999999802,1798.7399999999802
sell,low_vol,ema_flipped,0.9999,1.33442,8.1,12.149999999999999,1.5,0.22,sl,-8.1,-17.82,False,2025-10-14 04:30:00,2025-10-14 04:15:00,1798.7399999999802,1780.9199999999803
buy,high_vol,bollinger,1.0,1.3308,11.9,17.85,1.5,0.15,sl,-11.9,-17.85,False,2025-10-14 09:15:00,2025-10-14 09:00:00,1780.9199999999803,1763.0699999999804
buy,high_vol,bollinger,1.0,1.32972,13.2,19.799999999999997,1.5,0.13,sl,-13.2,-17.16,False,2025-10-14 09:30:00,2025-10-14 09:15:00,1763.0699999999804,1745.9099999999803
buy,high_vol,bollinger,1.0,1.32534,14.9,22.35,1.5,0.12,tp,22.35,26.82,True,2025-10-14 15:45:00,2025-10-14 15:30:00,1745.9099999999803,1772.7299999999802
sell,high_vol,bollinger,1.0,1.32818,17.1,25.650000000000002,1.5,0.1,sl,-17.1,-17.1,False,2025-10-14 16:15:00,2025-10-14 16:00:00,1772.7299999999802,1755.6299999999803
sell,high_vol,bollinger,1.0,1.33171,20.8,31.200000000000003,1.5,0.08,sl,-20.8,-16.64,False,2025-10-14 19:00:00,2025-10-14 18:45:00,1755.6299999999803,1738.9899999999802
buy,high_vol,bollinger,1.0,1.33212,11.7,17.549999999999997,1.5,0.15,tp,17.55,26.32,True,2025-10-14 23:15:00,2025-10-14 23:00:00,1738.9899999999802,1765.3099999999802
buy,high_vol,bollinger,1.0,1.33153,10.9,16.35,1.5,0.16,tp,16.35,26.16,True,2025-10-14 23:30:00,2025-10-14 23:15:00,1765.3099999999802,1791.4699999999802
sell,high_vol,bollinger,0.9969,1.33669,8.5,12.75,1.5,0.21,tp,12.75,26.77,True,2025-10-15 09:15:00,2025-10-15 09:00:00,1791.4699999999802,1818.2399999999802
sell,high_vol,bollinger,1.0,1.33638,14.8,22.200000000000003,1.5,0.12,tp,22.2,26.64,True,2025-10-15 14:00:00,2025-10-15 13:45:00,1818.2399999999802,1844.8799999999803
sell,high_vol,bollinger,1.0,1.33945,17.1,25.650000000000002,1.5,0.11,timeout,-9.7,-10.67,False,2025-10-15 18:30:00,2025-10-15 18:15:00,1844.8799999999803,1834.2099999999803
sell,high_vol,bollinger,1.0,1.34465,17.1,25.650000000000002,1.5,0.11,tp,25.65,28.21,True,2025-10-16 16:00:00,2025-10-16 15:45:00,1834.2099999999803,1862.4199999999803
sell,high_vol,bollinger,1.0,1.34429,17.6,26.400000000000002,1.5,0.11,sl,-17.6,-19.36,False,2025-10-16 20:15:00,2025-10-16 20:00:00,1862.4199999999803,1843.0599999999804
buy,high_vol,bollinger,1.0,1.34289,10.8,16.200000000000003,1.5,0.17,tp,16.2,27.54,True,2025-10-17 00:15:00,2025-10-17 00:00:00,1843.0599999999804,1870.5999999999804
buy,high_vol,bollinger,1.0,1.34354,14.9,22.35,1.5,0.13,sl,-14.9,-19.37,False,2025-10-17 10:30:00,2025-10-17 10:15:00,1870.5999999999804,1851.2299999999805
buy,high_vol,bollinger,1.0,1.34209,14.2,21.299999999999997,1.5,0.13,sl,-14.2,-18.46,False,2025-10-17 15:30:00,2025-10-17 15:15:00,1851.2299999999805,1832.7699999999804
buy,high_vol,bollinger,1.0,1.34109,14.2,21.299999999999997,1.5,0.13,sl,-14.2,-18.46,False,2025-10-17 15:45:00,2025-10-17 15:30:00,1832.7699999999804,1814.3099999999804
sell,high_vol,bollinger,1.0,1.34321,15.1,22.65,1.5,0.12,timeout,-2.9,-3.48,False,2025-10-17 21:30:00,2025-10-17 21:15:00,1814.3099999999804,1810.8299999999804
buy,high_vol,bollinger,1.0,1.33745,15.8,23.700000000000003,1.5,0.11,timeout,1.1,1.21,True,2025-10-21 13:30:00,2025-10-21 13:15:00,1810.8299999999804,1812.0399999999804
buy,high_vol,bollinger,1.0,1.33451,10.0,15.0,1.5,0.18,sl,-10.0,-18.0,False,2025-10-22 09:15:00,2025-10-22 09:00:00,1812.0399999999804,1794.0399999999804
buy,high_vol,bollinger,1.0,1.33093,15.7,23.549999999999997,1.5,0.11,tp,23.55,25.91,True,2025-10-22 13:30:00,2025-10-22 13:15:00,1794.0399999999804,1819.9499999999805
sell,high_vol,bollinger,1.0,1.33356,13.1,19.65,1.5,0.14,tp,19.65,27.51,True,2025-10-22 15:15:00,2025-10-22 15:00:00,1819.9499999999805,1847.4599999999805
buy,low_vol,ema_flipped,1.0,1.33546,7.0,10.5,1.5,0.26,sl,-7.0,-18.2,False,2025-10-23 01:00:00,2025-10-23 00:45:00,1847.4599999999805,1829.2599999999804
sell,low_vol,ema_flipped,1.0,1.33583,7.0,10.5,1.5,0.26,tp,10.5,27.3,True,2025-10-23 01:15:00,2025-10-23 01:00:00,1829.2599999999804,1856.5599999999804
buy,low_vol,ema_flipped,1.0,1.33544,6.3,9.45,1.5,0.29,sl,-6.3,-18.27,False,2025-10-23 02:15:00,2025-10-23 02:00:00,1856.5599999999804,1838.2899999999804
buy,high_vol,bollinger,1.0,1.33116,12.5,18.75,1.5,0.15,tp,18.75,28.13,True,2025-10-24 14:30:00,2025-10-24 14:15:00,1838.2899999999804,1866.4199999999805
buy,high_vol,bollinger,1.0,1.33058,12.5,18.75,1.5,0.15,tp,18.75,28.13,True,2025-10-24 14:45:00,2025-10-24 14:30:00,1866.4199999999805,1894.5499999999806
sell,high_vol,bollinger,1.0,1.33492,16.0,24.0,1.5,0.12,tp,24.0,28.8,True,2025-10-24 15:45:00,2025-10-24 15:30:00,1894.5499999999806,1923.3499999999806
sell,low_vol,ema_flipped,1.0,1.33235,7.9,11.850000000000001,1.5,0.24,sl,-7.9,-18.96,False,2025-10-27 04:00:00,2025-10-27 03:45:00,1923.3499999999806,1904.3899999999805
buy,low_vol,ema_flipped,1.0,1.33181,5.9,8.850000000000001,1.5,0.32,tp,8.85,28.32,True,2025-10-27 08:30:00,2025-10-27 08:15:00,1904.3899999999805,1932.7099999999805
sell,low_vol,ema_flipped,1.0,1.33259,6.5,9.75,1.5,0.3,sl,-6.5,-19.5,False,2025-10-27 09:15:00,2025-10-27 09:00:00,1932.7099999999805,1913.2099999999805
buy,low_vol,ema_flipped,0.9877,1.3316,9.5,14.25,1.5,0.2,tp,14.25,28.5,True,2025-10-27 11:00:00,2025-10-27 10:45:00,1913.2099999999805,1941.7099999999805
buy,high_vol,bollinger,1.0,1.33325,11.8,17.700000000000003,1.5,0.16,sl,-11.8,-18.88,False,2025-10-27 16:45:00,2025-10-27 16:30:00,1941.7099999999805,1922.8299999999804
buy,high_vol,bollinger,0.9999,1.33365,10.5,15.75,1.5,0.18,sl,-10.5,-18.9,False,2025-10-28 11:00:00,2025-10-28 10:45:00,1922.8299999999804,1903.9299999999803
buy,high_vol,bollinger,1.0,1.33274,11.4,17.1,1.5,0.17,sl,-11.4,-19.38,False,2025-10-28 11:15:00,2025-10-28 11:00:00,1903.9299999999803,1884.5499999999802
buy,high_vol,bollinger,1.0,1.32704,16.6,24.900000000000002,1.5,0.11,sl,-16.6,-18.26,False,2025-10-28 16:15:00,2025-10-28 16:00:00,1884.5499999999802,1866.2899999999802
sell,high_vol,bollinger,1.0,1.32892,17.3,25.950000000000003,1.5,0.11,tp,25.95,28.54,True,2025-10-28 20:00:00,2025-10-28 19:45:00,1866.2899999999802,1894.8299999999801
buy,high_vol,bollinger,1.0,1.32134,13.7,20.549999999999997,1.5,0.14,sl,-13.7,-19.18,False,2025-10-29 11:15:00,2025-10-29 11:00:00,1894.8299999999801,1875.64999999998
buy,high_vol,bollinger,1.0,1.32055,13.3,19.950000000000003,1.5,0.14,tp,19.95,27.93,True,2025-10-29 15:30:00,2025-10-29 15:15:00,1875.64999999998,1903.5799999999801
sell,high_vol,bollinger,1.0,1.3227,17.4,26.099999999999998,1.5,0.11,sl,-17.4,-19.14,False,2025-10-29 18:00:00,2025-10-29 17:45:00,1903.5799999999801,1884.43999999998
buy,high_vol,bollinger,1.0,1.31608,21.5,32.25,1.5,0.09,tp,32.25,29.03,True,2025-10-29 21:45:00,2025-10-29 21:30:00,1884.43999999998,1913.46999999998
sell,high_vol,bollinger,1.0,1.32036,9.4,14.100000000000001,1.5,0.2,sl,-9.4,-18.8,False,2025-10-30 03:30:00,2025-10-30 03:15:00,1913.46999999998,1894.66999999998
sell,high_vol,bollinger,0.8917,1.32143,10.2,15.299999999999999,1.5,0.16,tp,15.3,24.48,True,2025-10-30 07:30:00,2025-10-30 07:15:00,1894.66999999998,1919.14999999998
buy,high_vol,bollinger,0.9957,1.31999,11.3,16.950000000000003,1.5,0.17,sl,-11.3,-19.21,False,2025-10-30 09:45:00,2025-10-30 09:30:00,1919.14999999998,1899.93999999998
buy,high_vol,bollinger,1.0,1.31626,14.7,22.049999999999997,1.5,0.13,sl,-14.7,-19.11,False,2025-10-30 15:30:00,2025-10-30 15:15:00,1899.93999999998,1880.8299999999801
buy,high_vol,bollinger,1.0,1.31514,15.5,23.25,1.5,0.12,sl,-15.5,-18.6,False,2025-10-30 15:45:00,2025-10-30 15:30:00,1880.8299999999801,1862.2299999999802
buy,high_vol,bollinger,1.0,1.31384,16.2,24.299999999999997,1.5,0.11,sl,-16.2,-17.82,False,2025-10-30 16:00:00,2025-10-30 15:45:00,1862.2299999999802,1844.4099999999803
buy,high_vol,bollinger,1.0,1.31417,13.0,19.5,1.5,0.14,tp,19.5,27.3,True,2025-10-30 22:30:00,2025-10-30 22:15:00,1844.4099999999803,1871.7099999999803
buy,high_vol,bollinger,0.9864,1.313,9.4,14.100000000000001,1.5,0.2,tp,14.1,28.2,True,2025-10-31 10:15:00,2025-10-31 10:00:00,1871.7099999999803,1899.9099999999803
buy,high_vol,bollinger,1.0,1.31227,13.7,20.549999999999997,1.5,0.14,sl,-13.7,-19.18,False,2025-10-31 14:45:00,2025-10-31 14:30:00,1899.9099999999803,1880.7299999999802
buy,high_vol,bollinger,1.0,1.31116,16.0,24.0,1.5,0.12,tp,24.0,28.8,True,2025-10-31 15:15:00,2025-10-31 15:00:00,1880.7299999999802,1909.5299999999802
sell,high_vol,bollinger,1.0,1.3125,19.9,29.849999999999998,1.5,0.1,sl,-19.9,-19.9,False,2025-10-31 17:45:00,2025-10-31 17:30:00,1909.5299999999802,1889.62999999998
sell,low_vol,ema_flipped,1.0,1.31447,5.3,7.949999999999999,1.5,0.36,sl,-5.3,-19.08,False,2025-11-03 08:30:00,2025-11-03 08:15:00,1889.62999999998,1870.5499999999802
buy,low_vol,ema_flipped,1.0,1.31297,7.8,11.7,1.5,0.24,sl,-7.8,-18.72,False,2025-11-03 10:30:00,2025-11-03 10:15:00,1870.5499999999802,1851.8299999999801
sell,high_vol,bollinger,1.0,1.31459,16.3,24.450000000000003,1.5,0.11,sl,-16.3,-17.93,False,2025-11-03 18:00:00,2025-11-03 17:45:00,1851.8299999999801,1833.89999999998
buy,low_vol,ema_flipped,0.9015,1.3122,6.6,9.899999999999999,1.5,0.24,tp,9.9,23.76,True,2025-11-04 02:15:00,2025-11-04 02:00:00,1833.89999999998,1857.65999999998
sell,high_vol,bollinger,0.9785,1.31371,9.3,13.950000000000001,1.5,0.19,tp,13.95,26.51,True,2025-11-04 09:30:00,2025-11-04 09:15:00,1857.65999999998,1884.16999999998
buy,high_vol,bollinger,1.0,1.31096,12.8,19.200000000000003,1.5,0.15,sl,-12.8,-19.2,False,2025-11-04 10:15:00,2025-11-04 10:00:00,1884.16999999998,1864.96999999998
buy,high_vol,bollinger,1.0,1.30427,14.2,21.299999999999997,1.5,0.13,sl,-14.2,-18.46,False,2025-11-04 16:30:00,2025-11-04 16:15:00,1864.96999999998,1846.50999999998
sell,high_vol,bollinger,0.9999,1.30424,9.4,14.100000000000001,1.5,0.2,sl,-9.4,-18.8,False,2025-11-05 10:15:00,2025-11-05 10:00:00,1846.50999999998,1827.70999999998
sell,low_vol,ema_flipped,0.993,1.3046,9.4,14.100000000000001,1.5,0.19,sl,-9.4,-17.86,False,2025-11-05 21:30:00,2025-11-05 21:15:00,1827.70999999998,1809.8499999999801
sell,high_vol,bollinger,1.0,1.30837,13.1,19.65,1.5,0.14,sl,-13.1,-18.34,False,2025-11-06 11:00:00,2025-11-06 10:45:00,1809.8499999999801,1791.5099999999802
sell,high_vol,bollinger,1.0,1.31228,18.0,27.0,1.5,0.1,sl,-18.0,-18.0,False,2025-11-06 19:45:00,2025-11-06 19:30:00,1791.5099999999802,1773.5099999999802
buy,high_vol,bollinger,0.9481,1.31612,10.7,16.049999999999997,1.5,0.15,sl,-10.7,-16.05,False,2025-11-07 21:45:00,2025-11-07 21:30:00,1773.5099999999802,1757.4599999999803
buy,high_vol,bollinger,0.6718,1.31585,10.3,15.450000000000001,1.5,0.09,sl,-10.3,-9.27,False,2025-11-07 22:00:00,2025-11-07 21:45:00,1757.4599999999803,1748.1899999999803
sell,high_vol,bollinger,1.0,1.31523,11.8,17.700000000000003,1.5,0.15,sl,-11.8,-17.7,False,2025-11-10 03:30:00,2025-11-10 03:15:00,1748.1899999999803,1730.4899999999802
sell,high_vol,bollinger,1.0,1.31746,12.9,19.35,1.5,0.13,tp,19.35,25.16,True,2025-11-10 10:30:00,2025-11-10 10:15:00,1730.4899999999802,1755.6499999999803
buy,high_vol,bollinger,1.0,1.31587,14.2,21.299999999999997,1.5,0.12,tp,21.3,25.56,True,2025-11-10 12:45:00,2025-11-10 12:30:00,1755.6499999999803,1781.2099999999803
buy,high_vol,bollinger,1.0,1.31303,11.8,17.700000000000003,1.5,0.15,sl,-11.8,-17.7,False,2025-11-11 09:15:00,2025-11-11 09:00:00,1781.2099999999803,1763.5099999999802
sell,high_vol,bollinger,1.0,1.31703,14.9,22.35,1.5,0.12,timeout,-5.4,-6.48,False,2025-11-11 15:30:00,2025-11-11 15:15:00,1763.5099999999802,1757.0299999999802
buy,low_vol,ema_flipped,1.0,1.31515,6.5,9.75,1.5,0.27,sl,-6.5,-17.55,False,2025-11-12 00:45:00,2025-11-12 00:30:00,1757.0299999999802,1739.4799999999802
buy,high_vol,bollinger,1.0,1.31171,12.8,19.200000000000003,1.5,0.14,tp,19.2,26.88,True,2025-11-12 11:00:00,2025-11-12 10:45:00,1739.4799999999802,1766.3599999999803
sell,high_vol,bollinger,1.0,1.31366,18.3,27.450000000000003,1.5,0.1,tp,27.45,27.45,True,2025-11-12 14:00:00,2025-11-12 13:45:00,1766.3599999999803,1793.8099999999804
sell,high_vol,bollinger,1.0,1.31294,16.5,24.75,1.5,0.11,tp,24.75,27.23,True,2025-11-12 18:00:00,2025-11-12 17:45:00,1793.8099999999804,1821.0399999999804
buy,high_vol,bollinger,1.0,1.31139,7.9,11.850000000000001,1.5,0.23,tp,11.85,27.25,True,2025-11-13 09:15:00,2025-11-13 09:00:00,1821.0399999999804,1848.2899999999804
sell,high_vol,bollinger,0.9898,1.3126,9.1,13.649999999999999,1.5,0.2,sl,-9.1,-18.2,False,2025-11-13 09:30:00,2025-11-13 09:15:00,1848.2899999999804,1830.0899999999804
sell,high_vol,bollinger,1.0,1.31669,15.6,23.4,1.5,0.12,sl,-15.6,-18.72,False,2025-11-13 11:00:00,2025-11-13 10:45:00,1830.0899999999804,1811.3699999999803
sell,high_vol,bollinger,1.0,1.31758,15.6,23.4,1.5,0.12,sl,-15.6,-18.72,False,2025-11-13 14:45:00,2025-11-13 14:30:00,1811.3699999999803,1792.6499999999803
buy,high_vol,bollinger,1.0,1.31661,9.7,14.549999999999999,1.5,0.18,sl,-9.7,-17.46,False,2025-11-14 01:00:00,2025-11-14 00:45:00,1792.6499999999803,1775.1899999999803
buy,high_vol,bollinger,1.0,1.31457,13.3,19.950000000000003,1.5,0.13,sl,-13.3,-17.29,False,2025-11-14 01:15:00,2025-11-14 01:00:00,1775.1899999999803,1757.8999999999803
sell,high_vol,bollinger,1.0,1.31556,12.2,18.299999999999997,1.5,0.14,tp,18.3,25.62,True,2025-11-14 05:30:00,2025-11-14 05:15:00,1757.8999999999803,1783.5199999999802
buy,high_vol,bollinger,1.0,1.3129,11.8,17.700000000000003,1.5,0.15,tp,17.7,26.55,True,2025-11-14 09:30:00,2025-11-14 09:15:00,1783.5199999999802,1810.0699999999802
buy,high_vol,bollinger,1.0,1.3125,18.7,28.049999999999997,1.5,0.1,tp,28.05,28.05,True,2025-11-14 10:15:00,2025-11-14 10:00:00,1810.0699999999802,1838.11999999998
sell,high_vol,bollinger,1.0,1.31918,28.0,42.0,1.5,0.07,tp,42.0,29.4,True,2025-11-14 10:45:00,2025-11-14 10:30:00,1838.11999999998,1867.5199999999802
buy,high_vol,bollinger,1.0,1.31283,31.2,46.8,1.5,0.06,tp,46.8,28.08,True,2025-11-14 13:15:00,2025-11-14 13:00:00,1867.5199999999802,1895.5999999999801
sell,high_vol,bollinger,1.0,1.31668,18.2,27.299999999999997,1.5,0.1,tp,27.3,27.3,True,2025-11-14 14:45:00,2025-11-14 14:30:00,1895.5999999999801,1922.89999999998
sell,high_vol,bollinger,1.0,1.31791,18.4,27.599999999999998,1.5,0.1,tp,27.6,27.6,True,2025-11-14 15:00:00,2025-11-14 14:45:00,1922.89999999998,1950.49999999998
buy,high_vol,bollinger,1.0,1.31446,23.3,34.95,1.5,0.08,tp,34.95,27.96,True,2025-11-14 17:30:00,2025-11-14 17:15:00,1950.49999999998,1978.45999999998
buy,high_vol,bollinger,1.0,1.31314,23.6,35.400000000000006,1.5,0.08,tp,35.4,28.32,True,2025-11-14 17:45:00,2025-11-14 17:30:00,1978.45999999998,2006.77999999998
buy,low_vol,ema_flipped,1.0,1.31528,7.8,11.7,1.5,0.26,sl,-7.8,-20.28,False,2025-11-17 05:00:00,2025-11-17 04:45:00,2006.77999999998,1986.49999999998
sell,high_vol,bollinger,0.9918,1.31692,9.0,13.5,1.5,0.22,sl,-9.0,-19.8,False,2025-11-17 09:30:00,2025-11-17 09:15:00,1986.49999999998,1966.69999999998
buy,high_vol,bollinger,1.0,1.31553,13.4,20.1,1.5,0.15,tp,20.1,30.15,True,2025-11-17 13:00:00,2025-11-17 12:45:00,1966.69999999998,1996.8499999999801
sell,high_vol,bollinger,1.0,1.31798,14.2,21.299999999999997,1.5,0.14,tp,21.3,29.82,True,2025-11-17 14:00:00,2025-11-17 13:45:00,1996.8499999999801,2026.66999999998
sell,high_vol,bollinger,1.0,1.31732,11.7,17.549999999999997,1.5,0.17,tp,17.55,29.83,True,2025-11-18 10:15:00,2025-11-18 10:00:00,2026.66999999998,2056.49999999998
sell,high_vol,bollinger,1.0,1.31517,10.9,16.35,1.5,0.19,sl,-10.9,-20.71,False,2025-11-18 15:00:00,2025-11-18 14:45:00,2056.49999999998,2035.78999999998
buy,high_vol,bollinger,0.9946,1.31489,7.9,11.850000000000001,1.5,0.26,sl,-7.9,-20.54,False,2025-11-18 22:45:00,2025-11-18 22:30:00,2035.78999999998,2015.24999999998
buy,high_vol,bollinger,1.0,1.31357,12.0,18.0,1.5,0.17,sl,-12.0,-20.4,False,2025-11-19 10:30:00,2025-11-19 10:15:00,2015.24999999998,1994.84999999998
buy,high_vol,bollinger,1.0,1.31054,17.4,26.099999999999998,1.5,0.11,sl,-17.4,-19.14,False,2025-11-19 13:00:00,2025-11-19 12:45:00,1994.84999999998,1975.7099999999798
buy,high_vol,bollinger,1.0,1.30762,15.4,23.1,1.5,0.13,sl,-15.4,-20.02,False,2025-11-19 17:45:00,2025-11-19 17:30:00,1975.7099999999798,1955.6899999999798
sell,high_vol,bollinger,1.0,1.30789,12.2,18.299999999999997,1.5,0.16,tp,18.3,29.28,True,2025-11-20 12:00:00,2025-11-20 11:45:00,1955.6899999999798,1984.9699999999798
sell,high_vol,bollinger,1.0,1.30859,13.9,20.85,1.5,0.14,sl,-13.9,-19.46,False,2025-11-20 15:45:00,2025-11-20 15:30:00,1984.9699999999798,1965.5099999999798
sell,high_vol,bollinger,1.0,1.30948,16.0,24.0,1.5,0.12,sl,-16.0,-19.2,False,2025-11-20 16:00:00,2025-11-20 15:45:00,1965.5099999999798,1946.3099999999797
buy,low_vol,ema_flipped,0.9989,1.30695,9.8,14.700000000000001,1.5,0.2,tp,14.7,29.4,True,2025-11-20 23:15:00,2025-11-20 23:00:00,1946.3099999999797,1975.7099999999798
sell,low_vol,ema_flipped,1.0,1.30846,8.8,13.200000000000001,1.5,0.22,sl,-8.8,-19.36,False,2025-11-21 03:15:00,2025-11-21 03:00:00,1975.7099999999798,1956.34999999998
buy,high_vol,bollinger,1.0,1.30626,17.9,26.849999999999998,1.5,0.11,sl,-17.9,-19.69,False,2025-11-21 12:00:00,2025-11-21 11:45:00,1956.34999999998,1936.6599999999798
sell,high_vol,bollinger,0.9941,1.31042,10.5,15.75,1.5,0.18,sl,-10.5,-18.9,False,2025-11-24 14:30:00,2025-11-24 14:15:00,1936.6599999999798,1917.7599999999798
sell,high_vol,bollinger,0.9516,1.31113,10.4,15.600000000000001,1.5,0.17,tp,15.6,26.52,True,2025-11-24 14:45:00,2025-11-24 14:30:00,1917.7599999999798,1944.2799999999797
sell,high_vol,bollinger,1.0,1.31368,14.6,21.9,1.5,0.13,tp,21.9,28.47,True,2025-11-25 11:45:00,2025-11-25 11:30:00,1944.2799999999797,1972.7499999999798
buy,high_vol,bollinger,1.0,1.31773,18.2,27.299999999999997,1.5,0.11,sl,-18.2,-20.02,False,2025-11-25 22:30:00,2025-11-25 22:15:00,1972.7499999999798,1952.7299999999798
buy,high_vol,bollinger,1.0,1.31635,17.6,26.400000000000002,1.5,0.11,tp,26.4,29.04,True,2025-11-25 22:45:00,2025-11-25 22:30:00,1952.7299999999798,1981.7699999999797
buy,high_vol,bollinger,1.0,1.3159,11.6,17.4,1.5,0.17,tp,17.4,29.58,True,2025-11-26 02:00:00,2025-11-26 01:45:00,1981.7699999999797,2011.3499999999797
sell,high_vol,bollinger,1.0,1.3183,11.8,17.700000000000003,1.5,0.17,sl,-11.8,-20.06,False,2025-11-26 03:45:00,2025-11-26 03:30:00,2011.3499999999797,1991.2899999999797
buy,high_vol,bollinger,0.9958,1.31736,9.4,14.100000000000001,1.5,0.21,sl,-9.4,-19.74,False,2025-11-26 09:30:00,2025-11-26 09:15:00,1991.2899999999797,1971.5499999999797
buy,high_vol,bollinger,1.0,1.31552,14.9,22.35,1.5,0.13,tp,22.35,29.05,True,2025-11-26 13:15:00,2025-11-26 13:00:00,1971.5499999999797,2000.5999999999797
buy,high_vol,bollinger,1.0,1.31361,24.8,37.2,1.5,0.08,tp,37.2,29.76,True,2025-11-26 14:15:00,2025-11-26 14:00:00,2000.5999999999797,2030.3599999999797
buy,high_vol,bollinger,0.8756,1.32473,11.0,16.5,1.5,0.15,sl,-11.0,-16.5,False,2025-11-27 08:45:00,2025-11-27 08:30:00,2030.3599999999797,2013.8599999999797
buy,high_vol,bollinger,1.0,1.32308,11.1,16.65,1.5,0.18,sl,-11.1,-19.98,False,2025-11-28 07:45:00,2025-11-28 07:30:00,2013.8599999999797,1993.8799999999796
buy,high_vol,bollinger,0.6993,1.32172,10.2,15.299999999999999,1.5,0.11,sl,-10.2,-11.22,False,2025-11-28 09:00:00,2025-11-28 08:45:00,1993.8799999999796,1982.6599999999796
sell,high_vol,bollinger,1.0,1.32507,17.3,25.950000000000003,1.5,0.11,tp,25.95,28.54,True,2025-11-28 18:00:00,2025-11-28 17:45:00,1982.6599999999796,2011.1999999999796
buy,low_vol,ema_flipped,0.9998,1.32263,7.9,11.850000000000001,1.5,0.25,sl,-7.9,-19.75,False,2025-12-01 07:45:00,2025-12-01 07:30:00,2011.1999999999796,1991.4499999999796
buy,high_vol,bollinger,1.0,1.32251,19.2,28.799999999999997,1.5,0.1,sl,-19.2,-19.2,False,2025-12-01 18:30:00,2025-12-01 18:15:00,1991.4499999999796,1972.2499999999795
buy,high_vol,bollinger,1.0,1.3215,16.7,25.049999999999997,1.5,0.12,sl,-16.7,-20.04,False,2025-12-01 20:30:00,2025-12-01 20:15:00,1972.2499999999795,1952.2099999999796
buy,high_vol,bollinger,1.0,1.31968,15.0,22.5,1.5,0.13,timeout,-7.0,-9.1,False,2025-12-02 12:15:00,2025-12-02 12:00:00,1952.2099999999796,1943.1099999999797
buy,high_vol,bollinger,1.0,1.31916,14.5,21.75,1.5,0.13,tp,21.75,28.28,True,2025-12-02 17:30:00,2025-12-02 17:15:00,1943.1099999999797,1971.3899999999796
sell,low_vol,ema_flipped,0.9996,1.32196,9.1,13.649999999999999,1.5,0.22,sl,-9.1,-20.02,False,2025-12-03 01:45:00,2025-12-03 01:30:00,1971.3899999999796,1951.3699999999797
sell,high_vol,bollinger,1.0,1.32582,11.0,16.5,1.5,0.18,sl,-11.0,-19.8,False,2025-12-03 11:00:00,2025-12-03 10:45:00,1951.3699999999797,1931.5699999999797
sell,high_vol,bollinger,1.0,1.32805,13.5,20.25,1.5,0.14,sl,-13.5,-18.9,False,2025-12-03 11:45:00,2025-12-03 11:30:00,1931.5699999999797,1912.6699999999796
sell,high_vol,bollinger,1.0,1.33565,8.6,12.899999999999999,1.5,0.22,tp,12.9,28.38,True,2025-12-04 10:30:00,2025-12-04 10:15:00,1912.6699999999796,1941.0499999999797
sell,high_vol,bollinger,1.0,1.33519,14.6,21.9,1.5,0.13,timeout,3.6,4.68,True,2025-12-04 13:15:00,2025-12-04 13:00:00,1941.0499999999797,1945.7299999999798
buy,low_vol,ema_flipped,0.9993,1.33237,7.7,11.55,1.5,0.25,tp,11.55,28.88,True,2025-12-05 00:30:00,2025-12-05 00:15:00,1945.7299999999798,1974.60999999998
sell,low_vol,ema_flipped,1.0,1.33436,5.1,7.6499999999999995,1.5,0.39,sl,-5.1,-19.89,False,2025-12-05 07:45:00,2025-12-05 07:30:00,1974.60999999998,1954.7199999999798
buy,high_vol,bollinger,1.0,1.33369,11.6,17.4,1.5,0.17,tp,17.4,29.58,True,2025-12-05 12:30:00,2025-12-05 12:15:00,1954.7199999999798,1984.2999999999797
buy,high_vol,bollinger,1.0,1.33438,14.8,22.200000000000003,1.5,0.13,sl,-14.8,-19.24,False,2025-12-05 18:00:00,2025-12-05 17:45:00,1984.2999999999797,1965.0599999999797
buy,high_vol,bollinger,1.0,1.33239,16.3,24.450000000000003,1.5,0.12,timeout,1.9,2.28,True,2025-12-05 18:15:00,2025-12-05 18:00:00,1965.0599999999797,1967.3399999999797
sell,low_vol,ema_flipped,1.0,1.33391,5.9,8.850000000000001,1.5,0.33,sl,-5.9,-19.47,False,2025-12-08 06:15:00,2025-12-08 06:00:00,1967.3399999999797,1947.8699999999797
buy,low_vol,ema_flipped,1.0,1.3334,7.3,10.95,1.5,0.27,sl,-7.3,-19.71,False,2025-12-08 09:15:00,2025-12-08 09:00:00,1947.8699999999797,1928.1599999999796
sell,high_vol,bollinger,0.824,1.33255,10.3,15.450000000000001,1.5,0.14,sl,-10.3,-14.42,False,2025-12-08 15:15:00,2025-12-08 15:00:00,1928.1599999999796,1913.7399999999795
sell,high_vol,bollinger,0.9999,1.33333,11.6,17.4,1.5,0.16,tp,17.4,27.84,True,2025-12-08 16:15:00,2025-12-08 16:00:00,1913.7399999999795,1941.5799999999795
sell,low_vol,ema_flipped,1.0,1.33282,6.3,9.45,1.5,0.31,sl,-6.3,-19.53,False,2025-12-09 05:00:00,2025-12-09 04:45:00,1941.5799999999795,1922.0499999999795
buy,high_vol,bollinger,1.0,1.32931,15.7,23.549999999999997,1.5,0.12,tp,23.55,28.26,True,2025-12-09 17:15:00,2025-12-09 17:00:00,1922.0499999999795,1950.3099999999795
sell,low_vol,ema_flipped,1.0,1.33233,7.3,10.95,1.5,0.27,tp,10.95,29.57,True,2025-12-10 10:00:00,2025-12-10 09:45:00,1950.3099999999795,1979.8799999999794
sell,high_vol,bollinger,0.8139,1.3329,11.8,17.700000000000003,1.5,0.12,timeout,-9.6,-11.52,False,2025-12-10 16:00:00,2025-12-10 15:45:00,1979.8799999999794,1968.3599999999794
sell,high_vol,bollinger,1.0,1.33532,15.4,23.1,1.5,0.13,tp,23.1,30.03,True,2025-12-10 21:15:00,2025-12-10 21:00:00,1968.3599999999794,1998.3899999999794
sell,high_vol,bollinger,1.0,1.33636,22.2,33.3,1.5,0.09,sl,-22.2,-19.98,False,2025-12-10 22:00:00,2025-12-10 21:45:00,1998.3899999999794,1978.4099999999794
sell,high_vol,bollinger,1.0,1.33854,24.4,36.599999999999994,1.5,0.08,sl,-24.4,-19.52,False,2025-12-10 22:15:00,2025-12-10 22:00:00,1978.4099999999794,1958.8899999999794
sell,high_vol,bollinger,0.9976,1.34006,11.8,17.700000000000003,1.5,0.17,sl,-11.8,-20.06,False,2025-12-11 15:45:00,2025-12-11 15:30:00,1958.8899999999794,1938.8299999999795
sell,high_vol,bollinger,1.0,1.34068,12.7,19.049999999999997,1.5,0.15,sl,-12.7,-19.05,False,2025-12-11 16:00:00,2025-12-11 15:45:00,1938.8299999999795,1919.7799999999795
sell,high_vol,bollinger,1.0,1.34191,13.6,20.4,1.5,0.14,sl,-13.6,-19.04,False,2025-12-11 16:15:00,2025-12-11 16:00:00,1919.7799999999795,1900.7399999999795
buy,high_vol,bollinger,1.0,1.33865,7.5,11.25,1.5,0.25,sl,-7.5,-18.75,False,2025-12-12 09:15:00,2025-12-12 09:00:00,1900.7399999999795,1881.9899999999795
buy,low_vol,ema_flipped,0.9999,1.33792,10.6,15.899999999999999,1.5,0.18,sl,-10.6,-19.08,False,2025-12-12 11:00:00,2025-12-12 10:45:00,1881.9899999999795,1862.9099999999796
sell,low_vol,ema_flipped,0.9999,1.33869,10.4,15.600000000000001,1.5,0.18,sl,-10.4,-18.72,False,2025-12-15 12:00:00,2025-12-15 11:45:00,1862.9099999999796,1844.1899999999796
buy,low_vol,ema_flipped,0.9994,1.33638,11.1,16.65,1.5,0.17,tp,16.65,28.31,True,2025-12-15 21:15:00,2025-12-15 21:00:00,1844.1899999999796,1872.4999999999795
sell,low_vol,ema_flipped,1.0,1.33823,7.4,11.100000000000001,1.5,0.25,tp,11.1,27.75,True,2025-12-16 02:15:00,2025-12-16 02:00:00,1872.4999999999795,1900.2499999999795
buy,low_vol,ema_flipped,1.0,1.33709,7.9,11.850000000000001,1.5,0.24,sl,-7.9,-18.96,False,2025-12-16 03:00:00,2025-12-16 02:45:00,1900.2499999999795,1881.2899999999795
sell,low_vol,ema_flipped,0.7542,1.33927,12.6,18.9,1.5,0.1,sl,-12.6,-12.6,False,2025-12-16 11:00:00,2025-12-16 10:45:00,1881.2899999999795,1868.6899999999796
buy,high_vol,bollinger,1.0,1.3411,18.5,27.75,1.5,0.1,timeout,13.3,13.3,True,2025-12-16 20:30:00,2025-12-16 20:15:00,1868.6899999999796,1881.9899999999795
buy,low_vol,ema_flipped,1.0,1.33957,7.3,10.95,1.5,0.26,sl,-7.3,-18.98,False,2025-12-17 07:15:00,2025-12-17 07:00:00,1881.9899999999795,1863.0099999999795
buy,high_vol,bollinger,1.0,1.33516,13.5,20.25,1.5,0.14,sl,-13.5,-18.9,False,2025-12-17 09:15:00,2025-12-17 09:00:00,1863.0099999999795,1844.1099999999794
buy,high_vol,bollinger,1.0,1.33401,15.2,22.799999999999997,1.5,0.12,sl,-15.2,-18.24,False,2025-12-17 09:30:00,2025-12-17 09:15:00,1844.1099999999794,1825.8699999999794
sell,high_vol,bollinger,1.0,1.33348,14.5,21.75,1.5,0.13,sl,-14.5,-18.85,False,2025-12-17 13:00:00,2025-12-17 12:45:00,1825.8699999999794,1807.0199999999795
sell,high_vol,bollinger,1.0,1.33733,14.5,21.75,1.5,0.12,sl,-14.5,-17.4,False,2025-12-17 17:15:00,2025-12-17 17:00:00,1807.0199999999795,1789.6199999999794
buy,high_vol,bollinger,1.0,1.33816,16.7,25.049999999999997,1.5,0.11,sl,-16.7,-18.37,False,2025-12-17 20:30:00,2025-12-17 20:15:00,1789.6199999999794,1771.2499999999795
buy,low_vol,ema_flipped,0.9628,1.33768,7.8,11.7,1.5,0.22,sl,-7.8,-17.16,False,2025-12-18 00:30:00,2025-12-18 00:15:00,1771.2499999999795,1754.0899999999795
sell,high_vol,bollinger,1.0,1.33767,14.3,21.450000000000003,1.5,0.12,sl,-14.3,-17.16,False,2025-12-18 14:15:00,2025-12-18 14:00:00,1754.0899999999795,1736.9299999999794
buy,low_vol,ema_flipped,1.0,1.33729,6.8,10.2,1.5,0.26,tp,10.2,26.52,True,2025-12-19 06:30:00,2025-12-19 06:15:00,1736.9299999999794,1763.4499999999794
buy,high_vol,bollinger,0.9104,1.33667,9.5,14.25,1.5,0.16,tp,14.25,22.8,True,2025-12-19 09:45:00,2025-12-19 09:30:00,1763.4499999999794,1786.2499999999793
buy,high_vol,bollinger,1.0,1.34955,13.6,20.4,1.5,0.13,sl,-13.6,-17.68,False,2025-12-23 16:00:00,2025-12-23 15:45:00,1786.2499999999793,1768.5699999999792
sell,high_vol,bollinger,1.0,1.34969,10.4,15.600000000000001,1.5,0.17,sl,-10.4,-17.68,False,2025-12-23 21:15:00,2025-12-23 21:00:00,1768.5699999999792,1750.8899999999792
sell,high_vol,bollinger,0.9993,1.35177,8.4,12.600000000000001,1.5,0.21,tp,12.6,26.46,True,2025-12-23 23:45:00,2025-12-23 23:30:00,1750.8899999999792,1777.3499999999792
sell,high_vol,bollinger,1.0,1.35214,9.2,13.799999999999999,1.5,0.19,sl,-9.2,-17.48,False,2025-12-24 03:30:00,2025-12-24 03:15:00,1777.3499999999792,1759.8699999999792
sell,high_vol,bollinger,1.0,1.35281,8.5,12.75,1.5,0.21,tp,12.75,26.77,True,2025-12-24 03:45:00,2025-12-24 03:30:00,1759.8699999999792,1786.6399999999792
buy,low_vol,ema_flipped,0.9999,1.35027,11.0,16.5,1.5,0.16,tp,16.5,26.4,True,2025-12-24 19:00:00,2025-12-24 18:45:00,1786.6399999999792,1813.0399999999793
sell,low_vol,ema_flipped,0.8245,1.35142,6.1,9.149999999999999,1.5,0.22,tp,9.15,20.13,True,2025-12-26 00:45:00,2025-12-26 00:30:00,1813.0399999999793,1833.1699999999794
buy,low_vol,ema_flipped,0.9999,1.34898,7.2,10.8,1.5,0.25,sl,-7.2,-18.0,False,2025-12-26 07:30:00,2025-12-26 07:15:00,1833.1699999999794,1815.1699999999794
sell,high_vol,bollinger,0.8939,1.35032,8.0,12.0,1.5,0.19,sl,-8.0,-15.2,False,2025-12-26 15:15:00,2025-12-26 15:00:00,1815.1699999999794,1799.9699999999793
sell,high_vol,bollinger,0.9822,1.35138,8.8,13.200000000000001,1.5,0.2,sl,-8.8,-17.6,False,2025-12-26 15:30:00,2025-12-26 15:15:00,1799.9699999999793,1782.3699999999794
sell,high_vol,bollinger,0.9829,1.35229,9.4,14.100000000000001,1.5,0.18,tp,14.1,25.38,True,2025-12-26 15:45:00,2025-12-26 15:30:00,1782.3699999999794,1807.7499999999795
buy,high_vol,bollinger,0.9998,1.34959,14.2,21.299999999999997,1.5,0.13,sl,-14.2,-18.46,False,2025-12-26 18:15:00,2025-12-26 18:00:00,1807.7499999999795,1789.2899999999795
buy,high_vol,bollinger,1.0,1.34863,15.2,22.799999999999997,1.5,0.12,tp,22.8,27.36,True,2025-12-26 18:30:00,2025-12-26 18:15:00,1789.2899999999795,1816.6499999999794
sell,low_vol,ema_flipped,0.9169,1.35068,11.7,17.549999999999997,1.5,0.14,tp,17.55,24.57,True,2025-12-29 03:00:00,2025-12-29 02:45:00,1816.6499999999794,1841.2199999999793
buy,low_vol,ema_flipped,1.0,1.34867,7.0,10.5,1.5,0.26,sl,-7.0,-18.2,False,2025-12-29 07:30:00,2025-12-29 07:15:00,1841.2199999999793,1823.0199999999793
sell,high_vol,bollinger,0.9985,1.34922,14.1,21.15,1.5,0.13,sl,-14.1,-18.33,False,2025-12-29 11:30:00,2025-12-29 11:15:00,1823.0199999999793,1804.6899999999794
sell,high_vol,bollinger,0.9998,1.34981,15.4,23.1,1.5,0.12,tp,23.1,27.72,True,2025-12-29 12:15:00,2025-12-29 12:00:00,1804.6899999999794,1832.4099999999794
buy,high_vol,bollinger,1.0,1.34882,17.1,25.650000000000002,1.5,0.11,tp,25.65,28.21,True,2025-12-29 18:30:00,2025-12-29 18:15:00,1832.4099999999794,1860.6199999999794
sell,low_vol,ema_flipped,0.9996,1.35072,9.8,14.700000000000001,1.5,0.19,sl,-9.8,-18.62,False,2025-12-29 22:15:00,2025-12-29 22:00:00,1860.6199999999794,1841.9999999999795
buy,low_vol,ema_flipped,0.9085,1.34885,12.0,18.0,1.5,0.13,sl,-12.0,-15.6,False,2025-12-30 16:00:00,2025-12-30 15:45:00,1841.9999999999795,1826.3999999999796
buy,high_vol,bollinger,0.9999,1.34621,13.5,20.25,1.5,0.14,sl,-13.5,-18.9,False,2025-12-30 17:15:00,2025-12-30 17:00:00,1826.3999999999796,1807.4999999999795
buy,high_vol,bollinger,0.9967,1.34487,9.3,13.950000000000001,1.5,0.19,sl,-9.3,-17.67,False,2025-12-31 10:30:00,2025-12-31 10:15:00,1807.4999999999795,1789.8299999999795
buy,high_vol,bollinger,0.9873,1.34436,10.1,15.149999999999999,1.5,0.17,sl,-10.1,-17.17,False,2025-12-31 10:45:00,2025-12-31 10:30:00,1789.8299999999795,1772.6599999999794
buy,high_vol,bollinger,0.9994,1.34304,11.4,17.1,1.5,0.16,tp,17.1,27.36,True,2025-12-31 11:00:00,2025-12-31 10:45:00,1772.6599999999794,1800.0199999999793
sell,high_vol,bollinger,0.9998,1.34454,13.7,20.549999999999997,1.5,0.13,sl,-13.7,-17.81,False,2025-12-31 13:15:00,2025-12-31 13:00:00,1800.0199999999793,1782.2099999999793
sell,high_vol,bollinger,0.9999,1.34554,13.7,20.549999999999997,1.5,0.13,sl,-13.7,-17.81,False,2025-12-31 13:45:00,2025-12-31 13:30:00,1782.2099999999793,1764.3999999999794
buy,high_vol,bollinger,1.0,1.34104,16.3,24.450000000000003,1.5,0.11,tp,24.45,26.9,True,2025-12-31 17:15:00,2025-12-31 17:00:00,1764.3999999999794,1791.2999999999795
sell,high_vol,bollinger,1.0,1.3468,10.4,15.600000000000001,1.5,0.17,sl,-10.4,-17.68,False,2025-12-31 22:15:00,2025-12-31 22:00:00,1791.2999999999795,1773.6199999999794
sell,high_vol,bollinger,1.0,1.34721,10.0,15.0,1.5,0.18,sl,-10.0,-18.0,False,2025-12-31 22:30:00,2025-12-31 22:15:00,1773.6199999999794,1755.6199999999794
buy,low_vol,ema_flipped,0.9992,1.3453,9.9,14.850000000000001,1.5,0.18,sl,-9.9,-17.82,False,2026-01-02 10:45:00,2026-01-02 10:30:00,1755.6199999999794,1737.7999999999795
sell,high_vol,bollinger,0.9999,1.34878,13.7,20.549999999999997,1.5,0.13,tp,20.55,26.71,True,2026-01-02 17:45:00,2026-01-02 17:30:00,1737.7999999999795,1764.5099999999795
buy,high_vol,bollinger,0.8795,1.34452,9.7,14.549999999999999,1.5,0.15,sl,-9.7,-14.55,False,2026-01-05 01:00:00,2026-01-05 00:45:00,1764.5099999999795,1749.9599999999796
buy,high_vol,bollinger,1.0,1.34347,12.9,19.35,1.5,0.14,sl,-12.9,-18.06,False,2026-01-05 04:30:00,2026-01-05 04:15:00,1749.9599999999796,1731.8999999999796
buy,high_vol,bollinger,1.0,1.34286,12.3,18.450000000000003,1.5,0.14,sl,-12.3,-17.22,False,2026-01-05 04:45:00,2026-01-05 04:30:00,1731.8999999999796,1714.6799999999796
sell,high_vol,bollinger,1.0,1.34418,13.9,20.85,1.5,0.12,sl,-13.9,-16.68,False,2026-01-05 12:00:00,2026-01-05 11:45:00,1714.6799999999796,1697.9999999999795
buy,high_vol,bollinger,1.0,1.34441,15.3,22.950000000000003,1.5,0.11,sl,-15.3,-16.83,False,2026-01-05 15:15:00,2026-01-05 15:00:00,1697.9999999999795,1681.1699999999796
buy,high_vol,bollinger,1.0,1.3432,15.1,22.65,1.5,0.11,tp,22.65,24.91,True,2026-01-05 15:30:00,2026-01-05 15:15:00,1681.1699999999796,1706.0799999999797
sell,high_vol,bollinger,0.9999,1.35605,10.6,15.899999999999999,1.5,0.16,tp,15.9,25.44,True,2026-01-06 10:15:00,2026-01-06 10:00:00,1706.0799999999797,1731.5199999999797
buy,high_vol,bollinger,1.0,1.35012,16.7,25.049999999999997,1.5,0.1,sl,-16.7,-16.7,False,2026-01-06 17:30:00,2026-01-06 17:15:00,1731.5199999999797,1714.8199999999797
buy,high_vol,bollinger,1.0,1.34711,17.5,26.25,1.5,0.1,sl,-17.5,-17.5,False,2026-01-07 18:15:00,2026-01-07 18:00:00,1714.8199999999797,1697.3199999999797
buy,high_vol,bollinger,1.0,1.34658,11.4,17.1,1.5,0.15,sl,-11.4,-17.1,False,2026-01-07 21:15:00,2026-01-07 21:00:00,1697.3199999999797,1680.2199999999798
buy,high_vol,bollinger,0.9463,1.34319,10.2,15.299999999999999,1.5,0.15,sl,-10.2,-15.3,False,2026-01-08 15:45:00,2026-01-08 15:30:00,1680.2199999999798,1664.9199999999798
buy,high_vol,bollinger,0.9909,1.3424,10.8,16.200000000000003,1.5,0.15,tp,16.2,24.3,True,2026-01-08 16:00:00,2026-01-08 15:45:00,1664.9199999999798,1689.2199999999798
buy,high_vol,bollinger,0.6944,1.34239,11.5,17.25,1.5,0.08,tp,17.25,13.8,True,2026-01-08 21:00:00,2026-01-08 20:45:00,1689.2199999999798,1703.0199999999797
sell,high_vol,bollinger,1.0,1.34434,14.3,21.450000000000003,1.5,0.12,tp,21.45,25.74,True,2026-01-09 15:45:00,2026-01-09 15:30:00,1703.0199999999797,1728.7599999999798
sell,high_vol,bollinger,1.0,1.34122,8.6,12.899999999999999,1.5,0.2,sl,-8.6,-17.2,False,2026-01-12 02:15:00,2026-01-12 02:00:00,1728.7599999999798,1711.5599999999797
sell,high_vol,bollinger,1.0,1.3431,10.6,15.899999999999999,1.5,0.16,sl,-10.6,-16.96,False,2026-01-12 02:45:00,2026-01-12 02:30:00,1711.5599999999797,1694.5999999999797
sell,high_vol,bollinger,0.999,1.34316,8.7,13.049999999999999,1.5,0.19,sl,-8.7,-16.53,False,2026-01-12 07:30:00,2026-01-12 07:15:00,1694.5999999999797,1678.0699999999797
sell,high_vol,bollinger,1.0,1.34677,12.8,19.200000000000003,1.5,0.13,sl,-12.8,-16.64,False,2026-01-12 11:30:00,2026-01-12 11:15:00,1678.0699999999797,1661.4299999999796
sell,high_vol,bollinger,0.9999,1.34372,12.8,19.200000000000003,1.5,0.13,sl,-12.8,-16.64,False,2026-01-13 20:45:00,2026-01-13 20:30:00,1661.4299999999796,1644.7899999999795
sell,low_vol,ema_flipped,0.9999,1.34508,10.2,15.299999999999999,1.5,0.16,sl,-10.2,-16.32,False,2026-01-14 11:30:00,2026-01-14 11:15:00,1644.7899999999795,1628.4699999999796
sell,high_vol,bollinger,0.987,1.34609,13.4,20.1,1.5,0.12,timeout,3.8,4.56,True,2026-01-14 16:45:00,2026-01-14 16:30:00,1628.4699999999796,1633.0299999999795
sell,high_vol,bollinger,0.8393,1.34344,7.4,11.100000000000001,1.5,0.17,sl,-7.4,-12.58,False,2026-01-15 09:15:00,2026-01-15 09:00:00,1633.0299999999795,1620.4499999999796
buy,high_vol,bollinger,0.884,1.34259,12.1,18.15,1.5,0.11,sl,-12.1,-13.31,False,2026-01-15 12:45:00,2026-01-15 12:30:00,1620.4499999999796,1607.1399999999796
sell,low_vol,ema_flipped,0.9992,1.34101,10.0,15.0,1.5,0.16,tp,15.0,24.0,True,2026-01-16 12:45:00,2026-01-16 12:30:00,1607.1399999999796,1631.1399999999796
buy,high_vol,bollinger,0.7451,1.33946,11.4,17.1,1.5,0.09,sl,-11.4,-10.26,False,2026-01-16 15:15:00,2026-01-16 15:00:00,1631.1399999999796,1620.8799999999796
buy,high_vol,bollinger,1.0,1.33834,14.0,21.0,1.5,0.12,timeout,-5.3,-6.36,False,2026-01-16 17:30:00,2026-01-16 17:15:00,1620.8799999999796,1614.5199999999797
buy,high_vol,bollinger,1.0,1.33723,14.9,22.35,1.5,0.11,timeout,5.8,6.38,True,2026-01-16 17:45:00,2026-01-16 17:30:00,1614.5199999999797,1620.8999999999799
buy,high_vol,bollinger,1.0,1.33454,11.0,16.5,1.5,0.15,tp,16.5,24.75,True,2026-01-19 00:15:00,2026-01-19 00:00:00,1620.8999999999799,1645.6499999999799
sell,high_vol,bollinger,1.0,1.34757,13.6,20.4,1.5,0.12,sl,-13.6,-16.32,False,2026-01-20 09:45:00,2026-01-20 09:30:00,1645.6499999999799,1629.32999999998
sell,high_vol,bollinger,1.0,1.34718,20.5,30.75,1.5,0.08,tp,30.75,24.6,True,2026-01-20 17:45:00,2026-01-20 17:30:00,1629.32999999998,1653.9299999999798
sell,low_vol,ema_flipped,0.9999,1.34515,8.7,13.049999999999999,1.5,0.19,tp,13.05,24.79,True,2026-01-21 04:00:00,2026-01-21 03:45:00,1653.9299999999798,1678.7199999999798
buy,low_vol,ema_flipped,0.9999,1.34375,9.1,13.649999999999999,1.5,0.18,sl,-9.1,-16.38,False,2026-01-21 05:45:00,2026-01-21 05:30:00,1678.7199999999798,1662.3399999999797
sell,high_vol,bollinger,0.9918,1.34458,7.9,11.850000000000001,1.5,0.21,tp,11.85,24.88,True,2026-01-21 09:30:00,2026-01-21 09:15:00,1662.3399999999797,1687.2199999999798
buy,high_vol,bollinger,1.0,1.34164,12.9,19.35,1.5,0.13,sl,-12.9,-16.77,False,2026-01-21 11:45:00,2026-01-21 11:30:00,1687.2199999999798,1670.4499999999798
sell,high_vol,bollinger,1.0,1.34408,15.4,23.1,1.5,0.11,sl,-15.4,-16.94,False,2026-01-21 16:00:00,2026-01-21 15:45:00,1670.4499999999798,1653.5099999999798
sell,high_vol,bollinger,1.0,1.3467,21.7,32.55,1.5,0.08,sl,-21.7,-17.36,False,2026-01-22 17:15:00,2026-01-22 17:00:00,1653.5099999999798,1636.1499999999799
sell,high_vol,bollinger,1.0,1.35262,17.0,25.5,1.5,0.1,sl,-17.0,-17.0,False,2026-01-23 11:45:00,2026-01-23 11:30:00,1636.1499999999799,1619.1499999999799
buy,high_vol,bollinger,1.0,1.35195,16.7,25.049999999999997,1.5,0.1,tp,25.05,25.05,True,2026-01-23 14:00:00,2026-01-23 13:45:00,1619.1499999999799,1644.1999999999798
sell,high_vol,bollinger,0.9992,1.35424,12.8,19.200000000000003,1.5,0.13,sl,-12.8,-16.64,False,2026-01-23 17:15:00,2026-01-23 17:00:00,1644.1999999999798,1627.5599999999797
sell,high_vol,bollinger,0.9981,1.35502,11.8,17.700000000000003,1.5,0.14,sl,-11.8,-16.52,False,2026-01-23 17:30:00,2026-01-23 17:15:00,1627.5599999999797,1611.0399999999797
sell,high_vol,bollinger,1.0,1.36235,20.5,30.75,1.5,0.08,sl,-20.5,-16.4,False,2026-01-23 22:00:00,2026-01-23 21:45:00,1611.0399999999797,1594.6399999999796
sell,high_vol,bollinger,1.0,1.36635,16.7,25.049999999999997,1.5,0.1,sl,-16.7,-16.7,False,2026-01-26 00:15:00,2026-01-26 00:00:00,1594.6399999999796,1577.9399999999796
buy,high_vol,bollinger,1.0,1.36619,13.9,20.85,1.5,0.11,sl,-13.9,-15.29,False,2026-01-26 14:15:00,2026-01-26 14:00:00,1577.9399999999796,1562.6499999999796
buy,high_vol,bollinger,1.0,1.36574,13.7,20.549999999999997,1.5,0.11,sl,-13.7,-15.07,False,2026-01-26 14:30:00,2026-01-26 14:15:00,1562.6499999999796,1547.5799999999797
sell,high_vol,bollinger,1.0,1.36763,14.1,21.15,1.5,0.11,sl,-14.1,-15.51,False,2026-01-26 16:30:00,2026-01-26 16:15:00,1547.5799999999797,1532.0699999999797
sell,high_vol,bollinger,1.0,1.36987,15.6,23.4,1.5,0.1,sl,-15.6,-15.6,False,2026-01-27 12:00:00,2026-01-27 11:45:00,1532.0699999999797,1516.4699999999798
sell,high_vol,bollinger,1.0,1.37308,17.1,25.650000000000002,1.5,0.09,sl,-17.1,-15.39,False,2026-01-27 14:30:00,2026-01-27 14:15:00,1516.4699999999798,1501.0799999999797
sell,high_vol,bollinger,1.0,1.3767,21.2,31.799999999999997,1.5,0.07,sl,-21.2,-14.84,False,2026-01-27 16:45:00,2026-01-27 16:30:00,1501.0799999999797,1486.2399999999798
sell,high_vol,bollinger,1.0,1.3785,22.9,34.349999999999994,1.5,0.06,tp,34.35,20.61,True,2026-01-27 17:15:00,2026-01-27 17:00:00,1486.2399999999798,1506.8499999999797
sell,high_vol,bollinger,1.0,1.37916,14.5,21.75,1.5,0.1,sl,-14.5,-14.5,False,2026-01-27 22:30:00,2026-01-27 22:15:00,1506.8499999999797,1492.3499999999797
sell,high_vol,bollinger,1.0,1.38348,22.7,34.05,1.5,0.07,sl,-22.7,-15.89,False,2026-01-27 23:00:00,2026-01-27 22:45:00,1492.3499999999797,1476.4599999999796
buy,high_vol,bollinger,1.0,1.37931,16.4,24.599999999999998,1.5,0.09,tp,24.6,22.14,True,2026-01-28 04:15:00,2026-01-28 04:00:00,1476.4599999999796,1498.5999999999797
sell,high_vol,bollinger,1.0,1.38269,13.0,19.5,1.5,0.12,tp,19.5,23.4,True,2026-01-28 09:15:00,2026-01-28 09:00:00,1498.5999999999797,1521.9999999999798
sell,high_vol,bollinger,1.0,1.38243,14.5,21.75,1.5,0.1,tp,21.75,21.75,True,2026-01-29 01:45:00,2026-01-29 01:30:00,1521.9999999999798,1543.7499999999798
sell,high_vol,bollinger,1.0,1.38125,16.0,24.0,1.5,0.1,sl,-16.0,-16.0,False,2026-01-29 15:00:00,2026-01-29 14:45:00,1543.7499999999798,1527.7499999999798
buy,high_vol,bollinger,1.0,1.37872,21.6,32.400000000000006,1.5,0.07,sl,-21.6,-15.12,False,2026-01-29 17:15:00,2026-01-29 17:00:00,1527.7499999999798,1512.6299999999799
buy,high_vol,bollinger,1.0,1.37512,25.0,37.5,1.5,0.06,tp,37.5,22.5,True,2026-01-29 17:30:00,2026-01-29 17:15:00,1512.6299999999799,1535.1299999999799
sell,low_vol,ema_flipped,1.0,1.38076,9.8,14.700000000000001,1.5,0.16,tp,14.7,23.52,True,2026-01-30 00:45:00,2026-01-30 00:30:00,1535.1299999999799,1558.6499999999799
buy,high_vol,bollinger,1.0,1.37935,10.5,15.75,1.5,0.15,sl,-10.5,-15.75,False,2026-01-30 02:30:00,2026-01-30 02:15:00,1558.6499999999799,1542.8999999999799
buy,high_vol,bollinger,1.0,1.3781,11.2,16.799999999999997,1.5,0.14,sl,-11.2,-15.68,False,2026-01-30 02:45:00,2026-01-30 02:30:00,1542.8999999999799,1527.2199999999798
sell,high_vol,bollinger,1.0,1.37683,16.0,24.0,1.5,0.1,tp,24.0,24.0,True,2026-01-30 10:00:00,2026-01-30 09:45:00,1527.2199999999798,1551.2199999999798
buy,high_vol,bollinger,1.0,1.37273,21.1,31.650000000000002,1.5,0.07,sl,-21.1,-14.77,False,2026-01-30 17:15:00,2026-01-30 17:00:00,1551.2199999999798,1536.4499999999798
buy,high_vol,bollinger,1.0,1.37037,24.8,37.2,1.5,0.06,sl,-24.8,-14.88,False,2026-01-30 19:15:00,2026-01-30 19:00:00,1536.4499999999798,1521.5699999999797
buy,high_vol,bollinger,1.0,1.36674,15.1,22.65,1.5,0.1,tp,22.65,22.65,True,2026-02-02 01:15:00,2026-02-02 01:00:00,1521.5699999999797,1544.2199999999798
sell,high_vol,bollinger,1.0,1.37023,18.5,27.75,1.5,0.08,timeout,17.4,13.92,True,2026-02-02 02:15:00,2026-02-02 02:00:00,1544.2199999999798,1558.1399999999799
buy,high_vol,bollinger,1.0,1.36723,13.0,19.5,1.5,0.12,tp,19.5,23.4,True,2026-02-02 07:30:00,2026-02-02 07:15:00,1558.1399999999799,1581.53999999998
buy,high_vol,bollinger,1.0,1.36694,12.8,19.200000000000003,1.5,0.12,tp,19.2,23.04,True,2026-02-02 07:45:00,2026-02-02 07:30:00,1581.53999999998,1604.57999999998
buy,high_vol,bollinger,1.0,1.36754,16.2,24.299999999999997,1.5,0.1,sl,-16.2,-16.2,False,2026-02-02 15:15:00,2026-02-02 15:00:00,1604.57999999998,1588.3799999999799
sell,low_vol,ema_flipped,1.0,1.36915,8.3,12.450000000000001,1.5,0.19,sl,-8.3,-15.77,False,2026-02-03 06:30:00,2026-02-03 06:15:00,1588.3799999999799,1572.60999999998
sell,high_vol,bollinger,0.9999,1.36804,14.1,21.15,1.5,0.11,tp,21.15,23.27,True,2026-02-03 15:00:00,2026-02-03 14:45:00,1572.60999999998,1595.8799999999799
buy,high_vol,bollinger,1.0,1.36812,16.2,24.299999999999997,1.5,0.1,tp,24.3,24.3,True,2026-02-03 20:45:00,2026-02-03 20:30:00,1595.8799999999799,1620.1799999999798
sell,high_vol,bollinger,0.9999,1.37271,11.4,17.1,1.5,0.14,tp,17.1,23.94,True,2026-02-04 10:15:00,2026-02-04 10:00:00,1620.1799999999798,1644.1199999999799
buy,high_vol,bollinger,1.0,1.36936,17.5,26.25,1.5,0.09,sl,-17.5,-15.75,False,2026-02-04 16:15:00,2026-02-04 16:00:00,1644.1199999999799,1628.3699999999799
sell,high_vol,bollinger,1.0,1.36621,15.3,22.950000000000003,1.5,0.11,tp,22.95,25.24,True,2026-02-04 22:00:00,2026-02-04 21:45:00,1628.3699999999799,1653.60999999998
buy,high_vol,bollinger,1.0,1.36042,14.1,21.15,1.5,0.12,sl,-14.1,-16.92,False,2026-02-05 11:00:00,2026-02-05 10:45:00,1653.60999999998,1636.6899999999798
buy,high_vol,bollinger,1.0,1.35798,16.3,24.450000000000003,1.5,0.1,sl,-16.3,-16.3,False,2026-02-05 11:15:00,2026-02-05 11:00:00,1636.6899999999798,1620.3899999999799
buy,high_vol,bollinger,1.0,1.35384,36.2,54.300000000000004,1.5,0.04,timeout,27.5,11.0,True,2026-02-05 17:00:00,2026-02-05 16:45:00,1620.3899999999799,1631.3899999999799
sell,low_vol,ema_flipped,0.9893,1.35803,13.2,19.799999999999997,1.5,0.12,sl,-13.2,-15.84,False,2026-02-06 12:15:00,2026-02-06 12:00:00,1631.3899999999799,1615.54999999998
buy,high_vol,bollinger,0.9994,1.35901,12.8,19.200000000000003,1.5,0.13,tp,19.2,24.96,True,2026-02-09 09:30:00,2026-02-09 09:15:00,1615.54999999998,1640.50999999998
sell,high_vol,bollinger,1.0,1.36212,17.9,26.849999999999998,1.5,0.09,sl,-17.9,-16.11,False,2026-02-09 13:15:00,2026-02-09 13:00:00,1640.50999999998,1624.39999999998
sell,high_vol,bollinger,1.0,1.36334,18.6,27.900000000000002,1.5,0.09,sl,-18.6,-16.74,False,2026-02-09 13:45:00,2026-02-09 13:30:00,1624.39999999998,1607.65999999998
sell,high_vol,bollinger,1.0,1.36894,16.8,25.200000000000003,1.5,0.1,timeout,20.3,20.3,True,2026-02-09 21:00:00,2026-02-09 20:45:00,1607.65999999998,1627.95999999998
sell,high_vol,bollinger,0.9802,1.36769,11.7,17.549999999999997,1.5,0.14,timeout,7.8,10.92,True,2026-02-10 10:45:00,2026-02-10 10:30:00,1627.95999999998,1638.87999999998
sell,low_vol,ema_flipped,1.0,1.36686,8.8,13.200000000000001,1.5,0.19,sl,-8.8,-16.72,False,2026-02-11 07:30:00,2026-02-11 07:15:00,1638.87999999998,1622.15999999998
buy,high_vol,bollinger,1.0,1.36468,21.6,32.400000000000006,1.5,0.08,sl,-21.6,-17.28,False,2026-02-11 15:45:00,2026-02-11 15:30:00,1622.15999999998,1604.87999999998
buy,high_vol,bollinger,1.0,1.36324,19.4,29.099999999999998,1.5,0.08,sl,-19.4,-15.52,False,2026-02-12 18:15:00,2026-02-12 18:00:00,1604.87999999998,1589.3599999999801
sell,high_vol,bollinger,1.0,1.3617,14.2,21.299999999999997,1.5,0.11,sl,-14.2,-15.62,False,2026-02-13 15:45:00,2026-02-13 15:30:00,1589.3599999999801,1573.7399999999802
sell,high_vol,bollinger,1.0,1.36327,16.1,24.150000000000002,1.5,0.1,tp,24.15,24.15,True,2026-02-13 16:00:00,2026-02-13 15:45:00,1573.7399999999802,1597.8899999999803
buy,high_vol,bollinger,0.8885,1.36442,13.4,20.1,1.5,0.1,sl,-13.4,-13.4,False,2026-02-13 22:00:00,2026-02-13 21:45:00,1597.8899999999803,1584.4899999999802
buy,low_vol,ema_flipped,1.0,1.36371,10.0,15.0,1.5,0.16,sl,-10.0,-16.0,False,2026-02-16 17:00:00,2026-02-16 16:45:00,1584.4899999999802,1568.4899999999802
buy,high_vol,bollinger,1.0,1.35789,9.7,14.549999999999999,1.5,0.16,sl,-9.7,-15.52,False,2026-02-17 09:15:00,2026-02-17 09:00:00,1568.4899999999802,1552.9699999999802
buy,high_vol,bollinger,1.0,1.35722,10.1,15.149999999999999,1.5,0.15,sl,-10.1,-15.15,False,2026-02-17 09:30:00,2026-02-17 09:15:00,1552.9699999999802,1537.8199999999802
buy,high_vol,bollinger,1.0,1.35775,13.5,20.25,1.5,0.11,sl,-13.5,-14.85,False,2026-02-17 13:45:00,2026-02-17 13:30:00,1537.8199999999802,1522.9699999999802
buy,high_vol,bollinger,1.0,1.35661,13.8,20.700000000000003,1.5,0.11,sl,-13.8,-15.18,False,2026-02-17 14:00:00,2026-02-17 13:45:00,1522.9699999999802,1507.7899999999802
sell,low_vol,ema_flipped,1.0,1.35702,12.1,18.15,1.5,0.12,tp,18.15,21.78,True,2026-02-18 13:45:00,2026-02-18 13:30:00,1507.7899999999802,1529.5699999999802
buy,low_vol,ema_flipped,0.9999,1.35508,12.3,18.450000000000003,1.5,0.12,sl,-12.3,-14.76,False,2026-02-18 16:15:00,2026-02-18 16:00:00,1529.5699999999802,1514.8099999999802
buy,high_vol,bollinger,0.9892,1.35204,16.7,25.049999999999997,1.5,0.09,sl,-16.7,-15.03,False,2026-02-18 19:45:00,2026-02-18 19:30:00,1514.8099999999802,1499.7799999999802
buy,high_vol,bollinger,1.0,1.34419,18.7,28.049999999999997,1.5,0.08,tp,28.05,22.44,True,2026-02-19 16:15:00,2026-02-19 16:00:00,1499.7799999999802,1522.2199999999802
sell,high_vol,bollinger,1.0,1.34594,18.9,28.349999999999998,1.5,0.08,sl,-18.9,-15.12,False,2026-02-19 20:15:00,2026-02-19 20:00:00,1522.2199999999802,1507.0999999999804
sell,high_vol,bollinger,0.9913,1.34885,15.0,22.5,1.5,0.1,sl,-15.0,-15.0,False,2026-02-20 15:30:00,2026-02-20 15:15:00,1507.0999999999804,1492.0999999999804
sell,high_vol,bollinger,1.0,1.35016,22.3,33.45,1.5,0.07,timeout,11.1,7.77,True,2026-02-20 17:15:00,2026-02-20 17:00:00,1492.0999999999804,1499.8699999999803
sell,high_vol,bollinger,1.0,1.35112,23.6,35.400000000000006,1.5,0.06,tp,35.4,21.24,True,2026-02-20 17:30:00,2026-02-20 17:15:00,1499.8699999999803,1521.1099999999803
buy,high_vol,bollinger,1.0,1.34926,13.2,19.799999999999997,1.5,0.12,sl,-13.2,-15.84,False,2026-02-23 13:30:00,2026-02-23 13:15:00,1521.1099999999803,1505.2699999999804
sell,high_vol,bollinger,0.9997,1.34968,13.6,20.4,1.5,0.11,sl,-13.6,-14.96,False,2026-02-24 17:00:00,2026-02-24 16:45:00,1505.2699999999804,1490.3099999999804
sell,high_vol,bollinger,0.9999,1.35029,14.0,21.0,1.5,0.11,sl,-14.0,-15.4,False,2026-02-24 17:15:00,2026-02-24 17:00:00,1490.3099999999804,1474.9099999999803
buy,low_vol,ema_flipped,1.0,1.34955,7.4,11.100000000000001,1.5,0.2,tp,11.1,22.2,True,2026-02-25 02:15:00,2026-02-25 02:00:00,1474.9099999999803,1497.1099999999803
sell,low_vol,ema_flipped,1.0,1.35021,6.6,9.899999999999999,1.5,0.23,sl,-6.6,-15.18,False,2026-02-25 02:45:00,2026-02-25 02:30:00,1497.1099999999803,1481.9299999999803
buy,high_vol,bollinger,0.9974,1.35063,14.8,22.200000000000003,1.5,0.1,sl,-14.8,-14.8,False,2026-02-25 13:15:00,2026-02-25 13:00:00,1481.9299999999803,1467.1299999999803
buy,high_vol,bollinger,0.9987,1.34936,15.0,22.5,1.5,0.1,tp,22.5,22.5,True,2026-02-25 13:30:00,2026-02-25 13:15:00,1467.1299999999803,1489.6299999999803
buy,low_vol,ema_flipped,0.9997,1.35265,13.3,19.950000000000003,1.5,0.11,tp,19.95,21.94,True,2026-02-26 11:30:00,2026-02-26 11:15:00,1489.6299999999803,1511.5699999999804
sell,low_vol,ema_flipped,0.9999,1.35468,12.4,18.6,1.5,0.12,tp,18.6,22.32,True,2026-02-26 16:45:00,2026-02-26 16:30:00,1511.5699999999804,1533.8899999999803
buy,high_vol,bollinger,1.0,1.35084,16.4,24.599999999999998,1.5,0.09,sl,-16.4,-14.76,False,2026-02-26 17:30:00,2026-02-26 17:15:00,1533.8899999999803,1519.1299999999803
buy,high_vol,bollinger,0.6664,1.34512,15.3,22.950000000000003,1.5,0.05,tp,22.95,11.47,True,2026-02-27 15:45:00,2026-02-27 15:30:00,1519.1299999999803,1530.5999999999804
buy,high_vol,bollinger,1.0,1.34113,18.2,27.299999999999997,1.5,0.08,tp,27.3,21.84,True,2026-03-02 00:15:00,2026-03-02 00:00:00,1530.5999999999804,1552.4399999999803
sell,high_vol,bollinger,1.0,1.34485,28.6,42.900000000000006,1.5,0.05,tp,42.9,21.45,True,2026-03-02 03:15:00,2026-03-02 03:00:00,1552.4399999999803,1573.8899999999803
buy,high_vol,bollinger,0.9999,1.3428,12.3,18.450000000000003,1.5,0.13,sl,-12.3,-15.99,False,2026-03-02 07:15:00,2026-03-02 07:00:00,1573.8899999999803,1557.8999999999803
buy,high_vol,bollinger,1.0,1.33278,24.4,36.599999999999994,1.5,0.06,tp,36.6,21.96,True,2026-03-02 10:30:00,2026-03-02 10:15:00,1557.8999999999803,1579.8599999999803
buy,high_vol,bollinger,1.0,1.33162,19.1,28.650000000000002,1.5,0.08,sl,-19.1,-15.28,False,2026-03-03 10:15:00,2026-03-03 10:00:00,1579.8599999999803,1564.5799999999804
buy,high_vol,bollinger,1.0,1.3273,26.2,39.3,1.5,0.06,tp,39.3,23.58,True,2026-03-03 13:15:00,2026-03-03 13:00:00,1564.5799999999804,1588.1599999999803
sell,high_vol,bollinger,1.0,1.33551,27.6,41.400000000000006,1.5,0.06,tp,41.4,24.84,True,2026-03-03 20:45:00,2026-03-03 20:30:00,1588.1599999999803,1612.9999999999802
buy,high_vol,bollinger,1.0,1.33431,12.5,18.75,1.5,0.13,sl,-12.5,-16.25,False,2026-03-04 02:15:00,2026-03-04 02:00:00,1612.9999999999802,1596.7499999999802
buy,high_vol,bollinger,0.8954,1.33294,13.3,19.950000000000003,1.5,0.1,sl,-13.3,-13.3,False,2026-03-04 02:45:00,2026-03-04 02:30:00,1596.7499999999802,1583.4499999999803
buy,high_vol,bollinger,0.9999,1.33135,16.1,24.150000000000002,1.5,0.1,tp,24.15,24.15,True,2026-03-04 07:00:00,2026-03-04 06:45:00,1583.4499999999803,1607.5999999999804
sell,high_vol,bollinger,1.0,1.33369,16.6,24.900000000000002,1.5,0.1,sl,-16.6,-16.6,False,2026-03-04 08:45:00,2026-03-04 08:30:00,1607.5999999999804,1590.9999999999804
sell,high_vol,bollinger,1.0,1.33564,17.8,26.700000000000003,1.5,0.09,sl,-17.8,-16.02,False,2026-03-04 09:30:00,2026-03-04 09:15:00,1590.9999999999804,1574.9799999999805
sell,high_vol,bollinger,1.0,1.33882,24.9,37.349999999999994,1.5,0.06,tp,37.35,22.41,True,2026-03-04 12:15:00,2026-03-04 12:00:00,1574.9799999999805,1597.3899999999805
buy,high_vol,bollinger,1.0,1.33655,26.0,39.0,1.5,0.06,timeout,0.4,0.24,True,2026-03-04 14:30:00,2026-03-04 14:15:00,1597.3899999999805,1597.6299999999806
sell,high_vol,bollinger,1.0,1.33728,15.2,22.799999999999997,1.5,0.11,sl,-15.2,-16.72,False,2026-03-04 22:00:00,2026-03-04 21:45:00,1597.6299999999806,1580.9099999999805
buy,low_vol,ema_flipped,1.0,1.33414,14.6,21.9,1.5,0.11,sl,-14.6,-16.06,False,2026-03-05 06:15:00,2026-03-05 06:00:00,1580.9099999999805,1564.8499999999806
sell,high_vol,bollinger,1.0,1.33701,26.2,39.3,1.5,0.06,tp,39.3,23.58,True,2026-03-05 11:15:00,2026-03-05 11:00:00,1564.8499999999806,1588.4299999999805
buy,high_vol,bollinger,1.0,1.33148,23.1,34.650000000000006,1.5,0.07,tp,34.65,24.26,True,2026-03-05 17:45:00,2026-03-05 17:30:00,1588.4299999999805,1612.6899999999805
sell,high_vol,bollinger,1.0,1.33553,20.8,31.200000000000003,1.5,0.08,sl,-20.8,-16.64,False,2026-03-05 22:15:00,2026-03-05 22:00:00,1612.6899999999805,1596.0499999999804
sell,high_vol,bollinger,1.0,1.33755,25.3,37.95,1.5,0.06,tp,37.95,22.77,True,2026-03-06 15:45:00,2026-03-06 15:30:00,1596.0499999999804,1618.8199999999804
sell,high_vol,bollinger,0.9991,1.34009,18.2,27.299999999999997,1.5,0.09,tp,27.3,24.57,True,2026-03-06 23:15:00,2026-03-06 23:00:00,1618.8199999999804,1643.3899999999803
buy,high_vol,bollinger,1.0,1.33472,23.1,34.650000000000006,1.5,0.07,sl,-23.1,-16.17,False,2026-03-09 00:15:00,2026-03-09 00:00:00,1643.3899999999803,1627.2199999999802
sell,high_vol,bollinger,1.0,1.33262,19.3,28.950000000000003,1.5,0.08,sl,-19.3,-15.44,False,2026-03-09 08:30:00,2026-03-09 08:15:00,1627.2199999999802,1611.7799999999802
sell,high_vol,bollinger,1.0,1.33699,20.8,31.200000000000003,1.5,0.08,sl,-20.8,-16.64,False,2026-03-09 16:15:00,2026-03-09 16:00:00,1611.7799999999802,1595.13999999998
sell,high_vol,bollinger,1.0,1.33769,21.8,32.7,1.5,0.07,sl,-21.8,-15.26,False,2026-03-09 16:30:00,2026-03-09 16:15:00,1595.13999999998,1579.87999999998
sell,high_vol,bollinger,1.0,1.33966,26.8,40.2,1.5,0.06,sl,-26.8,-16.08,False,2026-03-09 18:15:00,2026-03-09 18:00:00,1579.87999999998,1563.7999999999802
sell,high_vol,bollinger,1.0,1.34342,18.2,27.299999999999997,1.5,0.09,sl,-18.2,-16.38,False,2026-03-09 22:30:00,2026-03-09 22:15:00,1563.7999999999802,1547.41999999998
buy,high_vol,bollinger,0.9998,1.34369,20.0,30.0,1.5,0.08,tp,30.0,24.0,True,2026-03-10 15:15:00,2026-03-10 15:00:00,1547.41999999998,1571.41999999998
sell,low_vol,ema_flipped,1.0,1.34444,10.1,15.149999999999999,1.5,0.16,sl,-10.1,-16.16,False,2026-03-11 05:00:00,2026-03-11 04:45:00,1571.41999999998,1555.25999999998
buy,high_vol,bollinger,1.0,1.34002,20.8,31.200000000000003,1.5,0.07,tp,31.2,21.84,True,2026-03-11 16:00:00,2026-03-11 15:45:00,1555.25999999998,1577.09999999998
buy,high_vol,bollinger,0.9992,1.336,19.4,29.099999999999998,1.5,0.08,sl,-19.4,-15.52,False,2026-03-12 17:30:00,2026-03-12 17:15:00,1577.09999999998,1561.57999999998
sell,high_vol,bollinger,1.0,1.32689,21.8,32.7,1.5,0.07,tp,32.7,22.89,True,2026-03-13 15:45:00,2026-03-13 15:30:00,1561.57999999998,1584.46999999998
buy,high_vol,bollinger,1.0,1.32565,20.7,31.049999999999997,1.5,0.08,sl,-20.7,-16.56,False,2026-03-13 18:00:00,2026-03-13 17:45:00,1584.46999999998,1567.90999999998
sell,low_vol,ema_flipped,0.9999,1.3282,14.2,21.299999999999997,1.5,0.11,sl,-14.2,-15.62,False,2026-03-16 15:30:00,2026-03-16 15:15:00,1567.90999999998,1552.2899999999802
sell,high_vol,bollinger,0.9999,1.33315,19.2,28.799999999999997,1.5,0.08,tp,28.8,23.04,True,2026-03-16 21:30:00,2026-03-16 21:15:00,1552.2899999999802,1575.3299999999801
buy,high_vol,bollinger,0.9999,1.33183,17.6,26.400000000000002,1.5,0.09,tp,26.4,23.76,True,2026-03-17 15:00:00,2026-03-17 14:45:00,1575.3299999999801,1599.0899999999801
buy,high_vol,bollinger,0.9999,1.33369,17.9,26.849999999999998,1.5,0.09,sl,-17.9,-16.11,False,2026-03-18 15:30:00,2026-03-18 15:15:00,1599.0899999999801,1582.9799999999802
buy,high_vol,bollinger,0.9999,1.33238,18.8,28.200000000000003,1.5,0.08,sl,-18.8,-15.04,False,2026-03-18 15:45:00,2026-03-18 15:30:00,1582.9799999999802,1567.9399999999803
buy,high_vol,bollinger,1.0,1.33124,18.5,27.75,1.5,0.08,sl,-18.5,-14.8,False,2026-03-18 21:45:00,2026-03-18 21:30:00,1567.9399999999803,1553.1399999999803
buy,high_vol,bollinger,1.0,1.32897,20.1,30.150000000000002,1.5,0.08,sl,-20.1,-16.08,False,2026-03-18 22:00:00,2026-03-18 21:45:00,1553.1399999999803,1537.0599999999804
buy,high_vol,bollinger,1.0,1.32488,16.6,24.900000000000002,1.5,0.09,tp,24.9,22.41,True,2026-03-19 11:45:00,2026-03-19 11:30:00,1537.0599999999804,1559.4699999999805
sell,high_vol,bollinger,1.0,1.32846,20.9,31.349999999999998,1.5,0.07,timeout,1.2,0.84,True,2026-03-19 13:00:00,2026-03-19 12:45:00,1559.4699999999805,1560.3099999999804
sell,high_vol,bollinger,1.0,1.32918,19.7,29.549999999999997,1.5,0.08,sl,-19.7,-15.76,False,2026-03-19 15:00:00,2026-03-19 14:45:00,1560.3099999999804,1544.5499999999804
sell,high_vol,bollinger,1.0,1.33495,28.9,43.349999999999994,1.5,0.05,sl,-28.9,-14.45,False,2026-03-19 17:00:00,2026-03-19 16:45:00,1544.5499999999804,1530.0999999999804
sell,high_vol,bollinger,1.0,1.34594,25.4,38.099999999999994,1.5,0.06,tp,38.1,22.86,True,2026-03-19 22:15:00,2026-03-19 22:00:00,1530.0999999999804,1552.9599999999803
buy,high_vol,bollinger,0.8033,1.33829,15.8,23.700000000000003,1.5,0.07,sl,-15.8,-11.06,False,2026-03-20 13:00:00,2026-03-20 12:45:00,1552.9599999999803,1541.8999999999803
buy,high_vol,bollinger,1.0,1.33673,21.9,32.849999999999994,1.5,0.07,sl,-21.9,-15.33,False,2026-03-20 16:15:00,2026-03-20 16:00:00,1541.8999999999803,1526.5699999999804
buy,high_vol,bollinger,1.0,1.33246,23.9,35.849999999999994,1.5,0.06,sl,-23.9,-14.34,False,2026-03-20 17:15:00,2026-03-20 17:00:00,1526.5699999999804,1512.2299999999805
buy,high_vol,bollinger,1.0,1.33106,19.3,28.950000000000003,1.5,0.08,tp,28.95,23.16,True,2026-03-23 00:15:00,2026-03-23 00:00:00,1512.2299999999805,1535.3899999999805
buy,high_vol,bollinger,1.0,1.33041,19.8,29.700000000000003,1.5,0.08,tp,29.7,23.76,True,2026-03-23 00:30:00,2026-03-23 00:15:00,1535.3899999999805,1559.1499999999805
sell,high_vol,bollinger,1.0,1.33282,20.6,30.900000000000002,1.5,0.08,tp,30.9,24.72,True,2026-03-23 11:30:00,2026-03-23 11:15:00,1559.1499999999805,1583.8699999999806
sell,high_vol,bollinger,1.0,1.33653,43.1,64.65,1.5,0.04,sl,-43.1,-17.24,False,2026-03-23 14:15:00,2026-03-23 14:00:00,1583.8699999999806,1566.6299999999806
sell,high_vol,bollinger,1.0,1.34394,16.2,24.299999999999997,1.5,0.1,tp,24.3,24.3,True,2026-03-24 10:15:00,2026-03-24 10:00:00,1566.6299999999806,1590.9299999999805
buy,high_vol,bollinger,1.0,1.33764,22.0,33.0,1.5,0.07,tp,33.0,23.1,True,2026-03-24 16:15:00,2026-03-24 16:00:00,1590.9299999999805,1614.0299999999804
buy,high_vol,bollinger,1.0,1.336,26.5,39.75,1.5,0.06,tp,39.75,23.85,True,2026-03-24 20:15:00,2026-03-24 20:00:00,1614.0299999999804,1637.8799999999803
sell,high_vol,bollinger,1.0,1.34074,23.7,35.55,1.5,0.07,sl,-23.7,-16.59,False,2026-03-24 23:30:00,2026-03-24 23:15:00,1637.8799999999803,1621.2899999999804
sell,high_vol,bollinger,0.9844,1.34272,12.0,18.0,1.5,0.13,tp,18.0,23.4,True,2026-03-25 03:15:00,2026-03-25 03:00:00,1621.2899999999804,1644.6899999999805
buy,low_vol,ema_flipped,1.0,1.33865,8.8,13.200000000000001,1.5,0.19,sl,-8.8,-16.72,False,2026-03-25 08:45:00,2026-03-25 08:30:00,1644.6899999999805,1627.9699999999805
sell,low_vol,ema_flipped,0.9714,1.34064,19.3,28.950000000000003,1.5,0.08,sl,-19.3,-15.44,False,2026-03-25 12:15:00,2026-03-25 12:00:00,1627.9699999999805,1612.5299999999804
buy,low_vol,ema_flipped,0.9671,1.33971,19.7,29.549999999999997,1.5,0.08,sl,-19.7,-15.76,False,2026-03-25 12:45:00,2026-03-25 12:30:00,1612.5299999999804,1596.7699999999804
sell,low_vol,ema_flipped,0.9746,1.34003,18.7,28.049999999999997,1.5,0.08,sl,-18.7,-14.96,False,2026-03-25 13:45:00,2026-03-25 13:30:00,1596.7699999999804,1581.8099999999804
sell,high_vol,bollinger,1.0,1.33446,18.7,28.049999999999997,1.5,0.08,tp,28.05,22.44,True,2026-03-26 23:15:00,2026-03-26 23:00:00,1581.8099999999804,1604.2499999999804
buy,high_vol,bollinger,1.0,1.33265,8.8,13.200000000000001,1.5,0.18,tp,13.2,23.76,True,2026-03-27 03:30:00,2026-03-27 03:15:00,1604.2499999999804,1628.0099999999804
buy,high_vol,bollinger,0.9944,1.32432,12.4,18.6,1.5,0.13,tp,18.6,24.18,True,2026-03-30 01:15:00,2026-03-30 01:00:00,1628.0099999999804,1652.1899999999805
buy,high_vol,bollinger,1.0,1.31912,19.7,29.549999999999997,1.5,0.08,sl,-19.7,-15.76,False,2026-03-30 16:45:00,2026-03-30 16:30:00,1652.1899999999805,1636.4299999999805
buy,high_vol,bollinger,0.9947,1.31847,20.0,30.0,1.5,0.08,sl,-20.0,-16.0,False,2026-03-30 17:00:00,2026-03-30 16:45:00,1636.4299999999805,1620.4299999999805
sell,high_vol,bollinger,0.8081,1.31999,11.6,17.4,1.5,0.1,sl,-11.6,-11.6,False,2026-03-31 04:00:00,2026-03-31 03:45:00,1620.4299999999805,1608.8299999999806
sell,low_vol,ema_flipped,0.9773,1.32343,17.2,25.799999999999997,1.5,0.09,sl,-17.2,-15.48,False,2026-03-31 15:00:00,2026-03-31 14:45:00,1608.8299999999806,1593.3499999999806
sell,high_vol,bollinger,0.9766,1.32597,22.9,34.349999999999994,1.5,0.07,tp,34.35,24.05,True,2026-03-31 17:00:00,2026-03-31 16:45:00,1593.3499999999806,1617.3999999999805
buy,high_vol,bollinger,1.0,1.31892,29.1,43.650000000000006,1.5,0.06,tp,43.65,26.19,True,2026-03-31 18:00:00,2026-03-31 17:45:00,1617.3999999999805,1643.5899999999806
sell,high_vol,bollinger,0.8675,1.33388,16.6,24.900000000000002,1.5,0.08,tp,24.9,19.92,True,2026-04-01 20:00:00,2026-04-01 19:45:00,1643.5899999999806,1663.5099999999807
buy,high_vol,bollinger,1.0,1.32681,16.6,24.900000000000002,1.5,0.1,sl,-16.6,-16.6,False,2026-04-02 04:30:00,2026-04-02 04:15:00,1663.5099999999807,1646.9099999999808
buy,high_vol,bollinger,1.0,1.32544,17.9,26.849999999999998,1.5,0.09,sl,-17.9,-16.11,False,2026-04-02 04:45:00,2026-04-02 04:30:00,1646.9099999999808,1630.7999999999809
buy,high_vol,bollinger,1.0,1.32167,11.5,17.25,1.5,0.14,sl,-11.5,-16.1,False,2026-04-02 09:00:00,2026-04-02 08:45:00,1630.7999999999809,1614.699999999981
buy,high_vol,bollinger,0.9999,1.32045,12.1,18.15,1.5,0.13,tp,18.15,23.59,True,2026-04-02 09:15:00,2026-04-02 09:00:00,1614.699999999981,1638.2899999999809
sell,high_vol,bollinger,1.0,1.32344,19.8,29.700000000000003,1.5,0.08,timeout,15.7,12.56,True,2026-04-02 17:45:00,2026-04-02 17:30:00,1638.2899999999809,1650.8499999999808
sell,high_vol,bollinger,0.9962,1.3242,21.1,31.650000000000002,1.5,0.08,timeout,23.3,18.64,True,2026-04-02 18:00:00,2026-04-02 17:45:00,1650.8499999999808,1669.489999999981
sell,low_vol,ema_flipped,0.9999,1.32384,6.2,9.3,1.5,0.27,tp,9.3,25.11,True,2026-04-03 11:00:00,2026-04-03 10:45:00,1669.489999999981,1694.5999999999808
buy,high_vol,bollinger,1.0,1.32188,9.9,14.850000000000001,1.5,0.17,sl,-9.9,-16.83,False,2026-04-03 15:45:00,2026-04-03 15:30:00,1694.5999999999808,1677.7699999999809
sell,low_vol,ema_flipped,0.9999,1.32177,6.8,10.2,1.5,0.25,sl,-6.8,-17.0,False,2026-04-06 09:15:00,2026-04-06 09:00:00,1677.7699999999809,1660.7699999999809
buy,low_vol,ema_flipped,1.0,1.32147,7.9,11.850000000000001,1.5,0.21,tp,11.85,24.88,True,2026-04-07 05:15:00,2026-04-07 05:00:00,1660.7699999999809,1685.649999999981
sell,low_vol,ema_flipped,0.9998,1.32424,9.8,14.700000000000001,1.5,0.17,sl,-9.8,-16.66,False,2026-04-07 09:45:00,2026-04-07 09:30:00,1685.649999999981,1668.989999999981
sell,high_vol,bollinger,1.0,1.32556,15.6,23.4,1.5,0.11,sl,-15.6,-17.16,False,2026-04-07 11:15:00,2026-04-07 11:00:00,1668.989999999981,1651.8299999999808
sell,high_vol,bollinger,0.9153,1.32724,18.2,27.299999999999997,1.5,0.08,tp,27.3,21.84,True,2026-04-07 11:45:00,2026-04-07 11:30:00,1651.8299999999808,1673.6699999999807
sell,high_vol,bollinger,1.0,1.33151,17.6,26.400000000000002,1.5,0.1,sl,-17.6,-17.6,False,2026-04-08 01:15:00,2026-04-08 01:00:00,1673.6699999999807,1656.0699999999808
sell,high_vol,bollinger,1.0,1.33515,24.1,36.150000000000006,1.5,0.07,sl,-24.1,-16.87,False,2026-04-08 01:45:00,2026-04-08 01:30:00,1656.0699999999808,1639.199999999981
sell,high_vol,bollinger,1.0,1.33722,25.0,37.5,1.5,0.07,sl,-25.0,-17.5,False,2026-04-08 02:00:00,2026-04-08 01:45:00,1639.199999999981,1621.699999999981
sell,high_vol,bollinger,1.0,1.34138,33.5,50.25,1.5,0.05,sl,-33.5,-16.75,False,2026-04-08 04:30:00,2026-04-08 04:15:00,1621.699999999981,1604.949999999981
buy,high_vol,bollinger,0.997,1.34474,21.3,31.950000000000003,1.5,0.08,sl,-21.3,-17.04,False,2026-04-08 16:45:00,2026-04-08 16:30:00,1604.949999999981,1587.909999999981
buy,low_vol,ema_flipped,1.0,1.33891,7.6,11.399999999999999,1.5,0.21,tp,11.4,23.94,True,2026-04-09 04:45:00,2026-04-09 04:30:00,1587.909999999981,1611.849999999981
sell,low_vol,ema_flipped,1.0,1.33959,9.5,14.25,1.5,0.17,sl,-9.5,-16.15,False,2026-04-09 06:15:00,2026-04-09 06:00:00,1611.849999999981,1595.699999999981
buy,low_vol,ema_flipped,1.0,1.33882,8.4,12.600000000000001,1.5,0.19,tp,12.6,23.94,True,2026-04-09 09:30:00,2026-04-09 09:15:00,1595.699999999981,1619.639999999981
sell,low_vol,ema_flipped,0.9999,1.341,14.1,21.15,1.5,0.11,sl,-14.1,-15.51,False,2026-04-09 12:15:00,2026-04-09 12:00:00,1619.639999999981,1604.129999999981
buy,high_vol,bollinger,1.0,1.33957,15.6,23.4,1.5,0.1,timeout,4.0,4.0,True,2026-04-13 00:15:00,2026-04-13 00:00:00,1604.129999999981,1608.129999999981
sell,low_vol,ema_flipped,1.0,1.34286,10.5,15.75,1.5,0.15,sl,-10.5,-15.75,False,2026-04-13 13:45:00,2026-04-13 13:30:00,1608.129999999981,1592.379999999981
buy,low_vol,ema_flipped,0.9999,1.35498,15.1,22.65,1.5,0.11,tp,22.65,24.91,True,2026-04-15 15:15:00,2026-04-15 15:00:00,1592.379999999981,1617.289999999981
sell,low_vol,ema_flipped,1.0,1.35657,14.1,21.15,1.5,0.11,sl,-14.1,-15.51,False,2026-04-15 16:30:00,2026-04-15 16:15:00,1617.289999999981,1601.779999999981
buy,low_vol,ema_flipped,0.9999,1.35516,12.7,19.049999999999997,1.5,0.13,sl,-12.7,-16.51,False,2026-04-16 12:00:00,2026-04-16 11:45:00,1601.779999999981,1585.269999999981
buy,high_vol,bollinger,1.0,1.35242,15.5,23.25,1.5,0.1,sl,-15.5,-15.5,False,2026-04-16 17:30:00,2026-04-16 17:15:00,1585.269999999981,1569.769999999981
sell,high_vol,bollinger,1.0,1.35826,16.3,24.450000000000003,1.5,0.1,tp,24.45,24.45,True,2026-04-17 16:00:00,2026-04-17 15:45:00,1569.769999999981,1594.2199999999812
buy,low_vol,ema_flipped,1.0,1.35148,13.7,20.549999999999997,1.5,0.12,sl,-13.7,-16.44,False,2026-04-17 23:30:00,2026-04-17 23:15:00,1594.2199999999812,1577.779999999981
sell,low_vol,ema_flipped,0.9999,1.35319,11.6,17.4,1.5,0.14,tp,17.4,24.36,True,2026-04-20 16:45:00,2026-04-20 16:30:00,1577.779999999981,1602.139999999981
buy,low_vol,ema_flipped,1.0,1.35186,6.6,9.899999999999999,1.5,0.24,tp,9.9,23.76,True,2026-04-21 07:00:00,2026-04-21 06:45:00,1602.139999999981,1625.899999999981
buy,high_vol,bollinger,0.9994,1.34867,12.9,19.35,1.5,0.13,tp,19.35,25.16,True,2026-04-21 11:15:00,2026-04-21 11:00:00,1625.899999999981,1651.059999999981
sell,high_vol,bollinger,0.9656,1.35182,15.5,23.25,1.5,0.1,sl,-15.5,-15.5,False,2026-04-21 14:30:00,2026-04-21 14:15:00,1651.059999999981,1635.559999999981
buy,high_vol,bollinger,1.0,1.34823,18.2,27.299999999999997,1.5,0.09,tp,27.3,24.57,True,2026-04-21 20:15:00,2026-04-21 20:00:00,1635.559999999981,1660.129999999981
sell,high_vol,bollinger,1.0,1.35164,7.4,11.100000000000001,1.5,0.22,tp,11.1,24.42,True,2026-04-22 03:15:00,2026-04-22 03:00:00,1660.129999999981,1684.549999999981
sell,high_vol,bollinger,0.6738,1.35277,9.0,13.5,1.5,0.1,tp,13.5,13.5,True,2026-04-22 08:30:00,2026-04-22 08:15:00,1684.549999999981,1698.049999999981
buy,low_vol,ema_flipped,0.9994,1.34978,11.7,17.549999999999997,1.5,0.15,tp,17.55,26.32,True,2026-04-22 15:30:00,2026-04-22 15:15:00,1698.049999999981,1724.369999999981
buy,high_vol,bollinger,0.919,1.34878,6.2,9.3,1.5,0.25,tp,9.3,23.25,True,2026-04-23 03:15:00,2026-04-23 03:00:00,1724.369999999981,1747.619999999981
buy,high_vol,bollinger,1.0,1.34663,15.3,22.950000000000003,1.5,0.11,sl,-15.3,-16.83,False,2026-04-23 20:15:00,2026-04-23 20:00:00,1747.619999999981,1730.789999999981
sell,low_vol,ema_flipped,0.9999,1.34891,11.2,16.799999999999997,1.5,0.15,sl,-11.2,-16.8,False,2026-04-24 13:45:00,2026-04-24 13:30:00,1730.789999999981,1713.9899999999811
buy,high_vol,bollinger,1.0,1.3501,11.0,16.5,1.5,0.16,tp,16.5,26.4,True,2026-04-27 00:15:00,2026-04-27 00:00:00,1713.9899999999811,1740.3899999999812
sell,high_vol,bollinger,1.0,1.35181,7.1,10.649999999999999,1.5,0.25,sl,-7.1,-17.75,False,2026-04-27 03:45:00,2026-04-27 03:30:00,1740.3899999999812,1722.6399999999812
sell,high_vol,bollinger,1.0,1.35204,7.5,11.25,1.5,0.23,sl,-7.5,-17.25,False,2026-04-27 04:00:00,2026-04-27 03:45:00,1722.6399999999812,1705.3899999999812
sell,high_vol,bollinger,1.0,1.35275,7.9,11.850000000000001,1.5,0.22,sl,-7.9,-17.38,False,2026-04-27 04:15:00,2026-04-27 04:00:00,1705.3899999999812,1688.0099999999811
sell,high_vol,bollinger,1.0,1.35309,8.2,12.299999999999999,1.5,0.21,sl,-8.2,-17.22,False,2026-04-27 04:30:00,2026-04-27 04:15:00,1688.0099999999811,1670.789999999981
buy,low_vol,ema_flipped,1.0,1.35285,5.0,7.5,1.5,0.33,sl,-5.0,-16.5,False,2026-04-28 04:15:00,2026-04-28 04:00:00,1670.789999999981,1654.289999999981
sell,high_vol,bollinger,0.8593,1.35058,15.9,23.85,1.5,0.08,sl,-15.9,-12.72,False,2026-04-28 18:30:00,2026-04-28 18:15:00,1654.289999999981,1641.569999999981
sell,high_vol,bollinger,0.7268,1.35089,16.0,24.0,1.5,0.06,sl,-16.0,-9.6,False,2026-04-28 18:45:00,2026-04-28 18:30:00,1641.569999999981,1631.9699999999812
sell,low_vol,ema_flipped,1.0,1.35216,6.8,10.2,1.5,0.24,tp,10.2,24.48,True,2026-04-28 23:45:00,2026-04-28 23:30:00,1631.9699999999812,1656.4499999999812
buy,low_vol,ema_flipped,0.9999,1.35097,7.0,10.5,1.5,0.24,sl,-7.0,-16.8,False,2026-04-29 08:15:00,2026-04-29 08:00:00,1656.4499999999812,1639.6499999999812
sell,high_vol,bollinger,1.0,1.35114,17.2,25.799999999999997,1.5,0.1,sl,-17.2,-17.2,False,2026-04-30 13:30:00,2026-04-30 13:15:00,1639.6499999999812,1622.4499999999812
sell,high_vol,bollinger,1.0,1.35357,21.5,32.25,1.5,0.08,sl,-21.5,-17.2,False,2026-04-30 17:15:00,2026-04-30 17:00:00,1622.4499999999812,1605.2499999999811
sell,high_vol,bollinger,1.0,1.35584,22.1,33.150000000000006,1.5,0.07,sl,-22.1,-15.47,False,2026-04-30 17:30:00,2026-04-30 17:15:00,1605.2499999999811,1589.779999999981
sell,high_vol,bollinger,1.0,1.35816,25.9,38.849999999999994,1.5,0.06,sl,-25.9,-15.54,False,2026-04-30 18:00:00,2026-04-30 17:45:00,1589.779999999981,1574.2399999999811
sell,high_vol,bollinger,1.0,1.35871,17.4,26.099999999999998,1.5,0.09,sl,-17.4,-15.66,False,2026-04-30 21:15:00,2026-04-30 21:00:00,1574.2399999999811,1558.579999999981
sell,high_vol,bollinger,1.0,1.35901,13.4,20.1,1.5,0.12,sl,-13.4,-16.08,False,2026-04-30 21:30:00,2026-04-30 21:15:00,1558.579999999981,1542.4999999999811
sell,high_vol,bollinger,1.0,1.35982,12.7,19.049999999999997,1.5,0.12,sl,-12.7,-15.24,False,2026-04-30 21:45:00,2026-04-30 21:30:00,1542.4999999999811,1527.2599999999811
sell,high_vol,bollinger,1.0,1.36097,10.0,15.0,1.5,0.15,tp,15.0,22.5,True,2026-05-01 10:00:00,2026-05-01 09:45:00,1527.2599999999811,1549.7599999999811
buy,high_vol,bollinger,0.9986,1.35956,14.7,22.049999999999997,1.5,0.11,tp,22.05,24.26,True,2026-05-01 12:30:00,2026-05-01 12:15:00,1549.7599999999811,1574.019999999981
sell,high_vol,bollinger,1.0,1.36386,15.0,22.5,1.5,0.1,sl,-15.0,-15.0,False,2026-05-01 15:30:00,2026-05-01 15:15:00,1574.019999999981,1559.019999999981
sell,high_vol,bollinger,1.0,1.36501,17.5,26.25,1.5,0.09,tp,26.25,23.63,True,2026-05-01 17:15:00,2026-05-01 17:00:00,1559.019999999981,1582.6499999999812
